rosbagTimestamp,header,seq,stamp,secs,nsecs,frame_id,axes,buttons
10.9231035709,,1,,1583006315,779723882,"""Zero Band""",[-0.0],"[0, 0, 0, 0]"
10.9255545139,,2,,1583006315,782624006,"""Zero Band""",[-0.0],"[0, 0, 0, 0]"
10.9346368313,,3,,1583006315,786626100,"""Zero Band""",[0.012485282495617867],"[0, 0, 0, 0]"
10.9395961761,,4,,1583006315,792723894,"""Zero Band""",[0.05591794103384018],"[0, 0, 0, 0]"
10.9457557201,,5,,1583006315,797614097,"""Zero Band""",[0.0993184745311737],"[0, 0, 0, 0]"
10.9511501789,,6,,1583006315,803837060,"""Zero Band""",[0.13186083734035492],"[0, 0, 0, 0]"
10.9561984539,,7,,1583006315,809135913,"""Zero Band""",[0.19697770476341248],"[0, 0, 0, 0]"
10.9621441364,,8,,1583006315,814181089,"""Zero Band""",[0.2512364089488983],"[0, 0, 0, 0]"
10.9689331055,,9,,1583006315,820137023,"""Zero Band""",[0.2946690618991852],"[0, 0, 0, 0]"
10.9701461792,,10,,1583006315,827132940,"""Soft-Hard Sip Deadband""",[0.3597537875175476],"[0, 0, 0, 0]"
10.9708836079,,11,,1583006315,828027963,"""Soft-Hard Sip Deadband""",[0.42487066984176636],"[0, 0, 0, 0]"
10.9717581272,,12,,1583006315,828907966,"""Soft-Hard Sip Deadband""",[0.4791293442249298],"[0, 0, 0, 0]"
10.9765348434,,13,,1583006315,829793930,"""Zero Band""",[0.5442461967468262],"[0, 0, 0, 0]"
10.9812793732,,14,,1583006315,834533929,"""Zero Band""",[0.6310794353485107],"[0, 0, 0, 0]"
10.9872233868,,15,,1583006315,839257955,"""Zero Band""",[0.6961962580680847],"[0, 0, 0, 0]"
10.9925251007,,16,,1583006315,845211982,"""Zero Band""",[0.7504549622535706],"[0, 0, 0, 0]"
10.9975442886,,17,,1583006315,850270032,"""Zero Band""",[0.8372560143470764],"[0, 0, 0, 0]"
11.0032041073,,18,,1583006315,855613946,"""Zero Band""",[0.9023728966712952],"[0, 0, 0, 0]"
11.0079336166,,19,,1583006315,861324071,"""Zero Band""",[0.9674897789955139],"[0, 0, 0, 0]"
11.0132164955,,20,,1583006315,865933895,"""Zero Band""",[1.0],"[0, 0, 0, 0]"
11.400718689,,21,,1583006316,252717018,"""Zero Band""",[0.989206075668335],"[0, 0, 0, 0]"
11.4052417278,,22,,1583006316,258783102,"""Zero Band""",[0.924089252948761],"[0, 0, 0, 0]"
11.4097151756,,23,,1583006316,263225078,"""Zero Band""",[0.8698305487632751],"[0, 0, 0, 0]"
11.4162302017,,24,,1583006316,267699956,"""Zero Band""",[0.7938554883003235],"[0, 0, 0, 0]"
11.4228556156,,25,,1583006316,274368047,"""Zero Band""",[0.7395967841148376],"[0, 0, 0, 0]"
11.4297039509,,26,,1583006316,280831098,"""Zero Band""",[0.6744799613952637],"[0, 0, 0, 0]"
11.4358518124,,27,,1583006316,287695884,"""Zero Band""",[0.6093630790710449],"[0, 0, 0, 0]"
11.4411122799,,28,,1583006316,293842077,"""Zero Band""",[0.5551043748855591],"[0, 0, 0, 0]"
11.4419054985,,29,,1583006316,299092054,"""Soft-Hard Sip Deadband""",[0.4899875223636627],"[0, 0, 0, 0]"
11.4426269531,,30,,1583006316,299988985,"""Soft-Hard Sip Deadband""",[0.42487066984176636],"[0, 0, 0, 0]"
11.4433379173,,31,,1583006316,300605058,"""Soft-Hard Sip Deadband""",[0.3706119656562805],"[0, 0, 0, 0]"
11.4440670013,,32,,1583006316,301321029,"""Soft-Hard Sip Deadband""",[0.3272114396095276],"[0, 0, 0, 0]"
11.4498751163,,33,,1583006316,301979064,"""Zero Band""",[0.26209455728530884],"[0, 0, 0, 0]"
11.4558739662,,34,,1583006316,307867050,"""Zero Band""",[0.2078358680009842],"[0, 0, 0, 0]"
11.4614393711,,35,,1583006316,313889980,"""Zero Band""",[0.15357716381549835],"[0, 0, 0, 0]"
11.4673757553,,36,,1583006316,319428920,"""Zero Band""",[0.08846031129360199],"[0, 0, 0, 0]"
11.4727082253,,37,,1583006316,325212955,"""Zero Band""",[0.03420161083340645],"[0, 0, 0, 0]"
11.4735164642,,38,,1583006316,330760002,"""Zero Band""",[-0.0],"[0, 0, 0, 0]"
11.4742386341,,39,,1583006316,331492900,"""Zero Band""",[-0.0],"[0, 0, 0, 0]"
11.4749205112,,40,,1583006316,332218885,"""Zero Band""",[-0.0],"[0, 0, 0, 0]"
11.4750137329,,41,,1583006316,332218885,"""input stopped""",[-0.0],"[0, 0, 0, 0]"
11.4757907391,,42,,1583006316,333115100,"""Zero Band""",[-0.0],"[0, 0, 0, 0]"
11.4813191891,,43,,1583006316,333767890,"""Zero Band""",[-0.03416948765516281],"[0, 0, 0, 0]"
11.4875540733,,44,,1583006316,339301109,"""Zero Band""",[-0.09928634762763977],"[0, 0, 0, 0]"
11.494104147,,45,,1583006316,345530986,"""Zero Band""",[-0.1535450518131256],"[0, 0, 0, 0]"
11.5002799034,,46,,1583006316,352111101,"""Zero Band""",[-0.21866190433502197],"[0, 0, 0, 0]"
11.5046877861,,47,,1583006316,357970952,"""Zero Band""",[-0.28377875685691833],"[0, 0, 0, 0]"
11.5055303574,,48,,1583006316,362658023,"""Soft-Hard Puff Deadband""",[-0.3488956391811371],"[0, 0, 0, 0]"
11.5062437057,,49,,1583006316,363502025,"""Soft-Hard Puff Deadband""",[-0.41401249170303345],"[0, 0, 0, 0]"
11.5070040226,,50,,1583006316,364298105,"""Soft-Hard Puff Deadband""",[-0.4682711958885193],"[0, 0, 0, 0]"
11.5125494003,,51,,1583006316,365070104,"""Hard Puff""",[-0.5333559513092041],"[1, 0, 0, 0]"
11.5205292702,,52,,1583006316,370394945,"""Hard Puff""",[-0.5984727740287781],"[1, 0, 0, 0]"
11.5259120464,,53,,1583006316,378505945,"""Hard Puff""",[-0.6527314782142639],"[1, 0, 0, 0]"
11.5324845314,,54,,1583006316,383924007,"""Hard Puff""",[-0.7070223093032837],"[1, 0, 0, 0]"
11.538175106,,55,,1583006316,389126062,"""Hard Puff""",[-0.7721070647239685],"[1, 0, 0, 0]"
11.5438244343,,56,,1583006316,396025896,"""Hard Puff""",[-0.8263657689094543],"[1, 0, 0, 0]"
11.5515258312,,57,,1583006316,401789903,"""Zero Band""",[-0.8806565403938293],"[0, 0, 0, 0]"
11.556640625,,58,,1583006316,409426927,"""Zero Band""",[-0.9457412958145142],"[0, 0, 0, 0]"
11.5622835159,,59,,1583006316,414633989,"""Zero Band""",[-0.989173948764801],"[0, 0, 0, 0]"
11.5690734386,,60,,1583006316,420262098,"""Zero Band""",[-1.0],"[0, 0, 0, 0]"
11.75578475,,61,,1583006316,608724117,"""Zero Band""",[-0.96745765209198],"[0, 0, 0, 0]"
11.7603442669,,62,,1583006316,613861083,"""Zero Band""",[-0.924057126045227],"[0, 0, 0, 0]"
11.7671272755,,63,,1583006316,618385076,"""Zero Band""",[-0.8806565403938293],"[0, 0, 0, 0]"
11.7718710899,,64,,1583006316,625104904,"""Zero Band""",[-0.8480820655822754],"[0, 0, 0, 0]"
11.776458025,,65,,1583006316,629946947,"""Zero Band""",[-0.8046815395355225],"[0, 0, 0, 0]"
11.7813951969,,66,,1583006316,634450912,"""Zero Band""",[-0.7721070647239685],"[0, 0, 0, 0]"
11.7870595455,,67,,1583006316,639375925,"""Zero Band""",[-0.7395646572113037],"[0, 0, 0, 0]"
11.7927381992,,68,,1583006316,645040035,"""Zero Band""",[-0.6961641311645508],"[0, 0, 0, 0]"
11.7980184555,,69,,1583006316,650717973,"""Zero Band""",[-0.6635896563529968],"[0, 0, 0, 0]"
11.8037452698,,70,,1583006316,656138896,"""Zero Band""",[-0.6201891303062439],"[0, 0, 0, 0]"
11.8095355034,,71,,1583006316,661727905,"""Zero Band""",[-0.5876467227935791],"[0, 0, 0, 0]"
11.8144173622,,72,,1583006316,667531967,"""Zero Band""",[-0.5659304261207581],"[0, 0, 0, 0]"
11.82092309,,73,,1583006316,672399997,"""Zero Band""",[-0.5225299000740051],"[0, 0, 0, 0]"
11.8217747211,,74,,1583006316,678740024,"""Soft-Hard Puff Deadband""",[-0.4899553954601288],"[0, 0, 0, 0]"
11.8225922585,,75,,1583006316,679764032,"""Soft-Hard Puff Deadband""",[-0.4574130177497864],"[0, 0, 0, 0]"
11.8235898018,,76,,1583006316,680578947,"""Soft-Hard Puff Deadband""",[-0.43569669127464294],"[0, 0, 0, 0]"
11.82442379,,77,,1583006316,681454896,"""Soft-Hard Puff Deadband""",[-0.4031543433666229],"[0, 0, 0, 0]"
11.8254919052,,78,,1583006316,682456016,"""Soft-Hard Puff Deadband""",[-0.3705798387527466],"[0, 0, 0, 0]"
11.8264181614,,79,,1583006316,683485984,"""Soft-Hard Puff Deadband""",[-0.3488956391811371],"[0, 0, 0, 0]"
11.8274009228,,80,,1583006316,684504032,"""Soft-Hard Puff Deadband""",[-0.31632113456726074],"[0, 0, 0, 0]"
11.8337543011,,81,,1583006316,685375928,"""Soft Puff""",[-0.29463693499565125],"[0, 1, 0, 0]"
11.8393480778,,82,,1583006316,691767930,"""Soft Puff""",[-0.2729206085205078],"[0, 1, 0, 0]"
11.8446264267,,83,,1583006316,697349071,"""Soft Puff""",[-0.24034611880779266],"[0, 1, 0, 0]"
11.8515329361,,84,,1583006316,702600955,"""Soft Puff""",[-0.21866190433502197],"[0, 1, 0, 0]"
11.8569960594,,85,,1583006316,709501981,"""Soft Puff""",[-0.19694557785987854],"[0, 1, 0, 0]"
11.8636357784,,86,,1583006316,714834928,"""Soft Puff""",[-0.17526137828826904],"[0, 1, 0, 0]"
11.8688063622,,87,,1583006316,721504926,"""Soft Puff""",[-0.1535450518131256],"[0, 1, 0, 0]"
11.87484622,,88,,1583006316,726799011,"""Soft Puff""",[-0.1426868885755539],"[0, 1, 0, 0]"
11.8802289963,,89,,1583006316,732593059,"""Soft Puff""",[-0.11014451086521149],"[0, 1, 0, 0]"
11.8857460022,,90,,1583006316,738373994,"""Soft Puff""",[-0.09928634762763977],"[0, 1, 0, 0]"
11.8922150135,,91,,1583006316,743721961,"""Soft Puff""",[-0.08842818439006805],"[0, 1, 0, 0]"
11.9007592201,,92,,1583006316,750211000,"""Soft Puff""",[-0.06671185791492462],"[0, 1, 0, 0]"
11.9074795246,,93,,1583006316,758733987,"""Soft Puff""",[-0.04502765089273453],"[0, 1, 0, 0]"
11.9126665592,,94,,1583006316,765501976,"""Soft Puff""",[-0.03416948765516281],"[0, 1, 0, 0]"
11.9201843739,,95,,1583006316,770649909,"""Soft Puff""",[-0.023311322554945946],"[0, 1, 0, 0]"
11.9211041927,,96,,1583006316,778145074,"""Zero Band""",[-0.0016271184431388974],"[0, 0, 0, 0]"
11.9219355583,,97,,1583006316,779083013,"""Zero Band""",[-0.0],"[0, 0, 0, 0]"
11.922773838,,98,,1583006316,779907941,"""Zero Band""",[-0.0],"[0, 0, 0, 0]"
11.9236032963,,99,,1583006316,780729055,"""Zero Band""",[-0.0],"[0, 0, 0, 0]"
11.9243907928,,100,,1583006316,781594991,"""Zero Band""",[-0.0],"[0, 0, 0, 0]"
11.9252808094,,101,,1583006316,782406091,"""Zero Band""",[-0.0],"[0, 0, 0, 0]"
11.9253411293,,102,,1583006316,782406091,"""input stopped""",[-0.0],"[0, 0, 0, 0]"
12.8327283859,,103,,1583006317,689609050,"""Zero Band""",[-0.0],"[0, 0, 0, 0]"
12.8418734074,,104,,1583006317,698728084,"""Zero Band""",[-0.0],"[0, 0, 0, 0]"
12.8497095108,,105,,1583006317,706686019,"""Zero Band""",[-0.0],"[0, 0, 0, 0]"
12.8535635471,,106,,1583006317,710630893,"""Zero Band""",[-0.0],"[0, 0, 0, 0]"
12.8594133854,,107,,1583006317,716622114,"""Zero Band""",[-0.0],"[0, 0, 0, 0]"
12.8657011986,,108,,1583006317,722707033,"""Zero Band""",[0.0016592431347817183],"[0, 0, 0, 0]"
12.874250412,,109,,1583006317,726687908,"""Soft Sip""",[0.012485282495617867],"[0, 0, 1, 0]"
12.8813955784,,110,,1583006317,734647989,"""Soft Sip""",[0.023343447595834732],"[0, 0, 1, 0]"
12.8881363869,,111,,1583006317,739465951,"""Soft Sip""",[0.03420161083340645],"[0, 0, 1, 0]"
12.8956792355,,112,,1583006317,746141910,"""Soft Sip""",[0.04505977779626846],"[0, 0, 1, 0]"
12.9021525383,,113,,1583006317,753710031,"""Soft Sip""",[0.05591794103384018],"[0, 0, 1, 0]"
12.9096791744,,114,,1583006317,760251998,"""Soft Sip""",[0.06674397736787796],"[0, 0, 1, 0]"
12.9148230553,,115,,1583006317,767698049,"""Soft Sip""",[0.07760214805603027],"[0, 0, 1, 0]"
12.9196486473,,116,,1583006317,772890090,"""Soft Sip""",[0.08846031129360199],"[0, 0, 1, 0]"
12.9242784977,,117,,1583006317,777633905,"""Soft Sip""",[0.0993184745311737],"[0, 0, 1, 0]"
12.9294624329,,118,,1583006317,782329082,"""Soft Sip""",[0.11017663776874542],"[0, 0, 1, 0]"
12.9351365566,,119,,1583006317,787532091,"""Soft Sip""",[0.12103480100631714],"[0, 0, 1, 0]"
12.9411489964,,120,,1583006317,793263912,"""Soft Sip""",[0.13186083734035492],"[0, 0, 1, 0]"
12.9470491409,,121,,1583006317,799204111,"""Soft Sip""",[0.14271900057792664],"[0, 0, 1, 0]"
12.9525301456,,122,,1583006317,805114030,"""Soft Sip""",[0.15357716381549835],"[0, 0, 1, 0]"
12.9705967903,,123,,1583006317,820673942,"""Soft Sip""",[0.16443534195423126],"[0, 0, 1, 0]"
12.9850246906,,124,,1583006317,836667060,"""Soft Sip""",[0.17529350519180298],"[0, 0, 1, 0]"
12.9964854717,,125,,1583006317,848709106,"""Soft Sip""",[0.18611954152584076],"[0, 0, 1, 0]"
13.0083899498,,126,,1583006317,860723972,"""Soft Sip""",[0.19697770476341248],"[0, 0, 1, 0]"
13.0223381519,,127,,1583006317,872776985,"""Soft Sip""",[0.2078358680009842],"[0, 0, 1, 0]"
13.0281357765,,128,,1583006317,880656957,"""Soft Sip""",[0.2186940312385559],"[0, 0, 1, 0]"
13.0428011417,,129,,1583006317,894756078,"""Soft Sip""",[0.22955219447612762],"[0, 0, 1, 0]"
13.0484843254,,130,,1583006317,900871992,"""Soft Sip""",[0.2403782308101654],"[0, 0, 1, 0]"
13.0538678169,,131,,1583006317,906651020,"""Soft Sip""",[0.2512364089488983],"[0, 0, 1, 0]"
13.0623400211,,132,,1583006317,914640903,"""Soft Sip""",[0.26209455728530884],"[0, 0, 1, 0]"
13.0704448223,,133,,1583006317,922691106,"""Soft Sip""",[0.27295273542404175],"[0, 0, 1, 0]"
13.0781011581,,134,,1583006317,930627107,"""Soft Sip""",[0.28381088376045227],"[0, 0, 1, 0]"
13.0912106037,,135,,1583006317,942734956,"""Soft Sip""",[0.2946690618991852],"[0, 0, 1, 0]"
13.0938858986,,136,,1583006317,950673103,"""Soft-Hard Sip Deadband""",[0.30549511313438416],"[0, 0, 0, 0]"
13.1038734913,,137,,1583006317,960714101,"""Soft-Hard Sip Deadband""",[0.3163532614707947],"[0, 0, 0, 0]"
13.1115224361,,138,,1583006317,968628883,"""Soft-Hard Sip Deadband""",[0.3272114396095276],"[0, 0, 0, 0]"
13.1240057945,,139,,1583006317,980756044,"""Soft-Hard Sip Deadband""",[0.3380695879459381],"[0, 0, 0, 0]"
13.1275262833,,140,,1583006317,984652042,"""Soft-Hard Sip Deadband""",[0.348927766084671],"[0, 0, 0, 0]"
13.1378993988,,141,,1583006317,994729995,"""Soft-Hard Sip Deadband""",[0.3597537875175476],"[0, 0, 0, 0]"
13.1880385876,,142,,1583006318,44747114,"""Soft-Hard Sip Deadband""",[0.348927766084671],"[0, 0, 0, 0]"
13.2077736855,,143,,1583006318,64733982,"""Soft-Hard Sip Deadband""",[0.3597537875175476],"[0, 0, 0, 0]"
13.2419250011,,144,,1583006318,98761081,"""Soft-Hard Sip Deadband""",[0.3706119656562805],"[0, 0, 0, 0]"
13.2841696739,,145,,1583006318,140783071,"""Soft-Hard Sip Deadband""",[0.38147011399269104],"[0, 0, 0, 0]"
13.3180100918,,146,,1583006318,174751043,"""Soft-Hard Sip Deadband""",[0.39232829213142395],"[0, 0, 0, 0]"
13.3195416927,,147,,1583006318,176584005,"""Soft-Hard Sip Deadband""",[0.38147011399269104],"[0, 0, 0, 0]"
13.3234124184,,148,,1583006318,180628061,"""Soft-Hard Sip Deadband""",[0.39232829213142395],"[0, 0, 0, 0]"
13.3254239559,,149,,1583006318,182617902,"""Soft-Hard Sip Deadband""",[0.38147011399269104],"[0, 0, 0, 0]"
13.3274145126,,150,,1583006318,184597969,"""Soft-Hard Sip Deadband""",[0.39232829213142395],"[0, 0, 0, 0]"
13.3738203049,,151,,1583006318,230748891,"""Soft-Hard Sip Deadband""",[0.38147011399269104],"[0, 0, 0, 0]"
13.3878405094,,152,,1583006318,244719982,"""Soft-Hard Sip Deadband""",[0.39232829213142395],"[0, 0, 0, 0]"
13.4062347412,,153,,1583006318,262769937,"""Soft-Hard Sip Deadband""",[0.4031864404678345],"[0, 0, 0, 0]"
13.4197773933,,154,,1583006318,276700019,"""Soft-Hard Sip Deadband""",[0.4140446186065674],"[0, 0, 0, 0]"
13.4399101734,,155,,1583006318,296741008,"""Soft-Hard Sip Deadband""",[0.4031864404678345],"[0, 0, 0, 0]"
13.4476845264,,156,,1583006318,304663896,"""Soft-Hard Sip Deadband""",[0.39232829213142395],"[0, 0, 0, 0]"
13.4538583755,,157,,1583006318,310761928,"""Soft-Hard Sip Deadband""",[0.38147011399269104],"[0, 0, 0, 0]"
13.4556438923,,158,,1583006318,312633991,"""Soft-Hard Sip Deadband""",[0.3706119656562805],"[0, 0, 0, 0]"
13.4614505768,,159,,1583006318,318615913,"""Soft-Hard Sip Deadband""",[0.3597537875175476],"[0, 0, 0, 0]"
13.4634497166,,160,,1583006318,320619106,"""Soft-Hard Sip Deadband""",[0.348927766084671],"[0, 0, 0, 0]"
13.4697089195,,161,,1583006318,326653003,"""Soft-Hard Sip Deadband""",[0.3380695879459381],"[0, 0, 0, 0]"
13.4714946747,,162,,1583006318,328651905,"""Soft-Hard Sip Deadband""",[0.348927766084671],"[0, 0, 0, 0]"
13.4734339714,,163,,1583006318,330615043,"""Soft-Hard Sip Deadband""",[0.3380695879459381],"[0, 0, 0, 0]"
13.4817290306,,164,,1583006318,338685989,"""Soft-Hard Sip Deadband""",[0.348927766084671],"[0, 0, 0, 0]"
13.4877097607,,165,,1583006318,344697952,"""Soft-Hard Sip Deadband""",[0.3597537875175476],"[0, 0, 0, 0]"
13.4915993214,,166,,1583006318,348623037,"""Soft-Hard Sip Deadband""",[0.3706119656562805],"[0, 0, 0, 0]"
13.4976010323,,167,,1583006318,354633092,"""Soft-Hard Sip Deadband""",[0.38147011399269104],"[0, 0, 0, 0]"
13.5036017895,,168,,1583006318,360640048,"""Soft-Hard Sip Deadband""",[0.39232829213142395],"[0, 0, 0, 0]"
13.5054733753,,169,,1583006318,362617015,"""Soft-Hard Sip Deadband""",[0.4031864404678345],"[0, 0, 0, 0]"
13.5073831081,,170,,1583006318,364618062,"""Soft-Hard Sip Deadband""",[0.4140446186065674],"[0, 0, 0, 0]"
13.5094137192,,171,,1583006318,366595983,"""Soft-Hard Sip Deadband""",[0.42487066984176636],"[0, 0, 0, 0]"
13.513463974,,172,,1583006318,370625972,"""Soft-Hard Sip Deadband""",[0.4357288181781769],"[0, 0, 0, 0]"
13.515386343,,173,,1583006318,372606039,"""Soft-Hard Sip Deadband""",[0.4465869963169098],"[0, 0, 0, 0]"
13.5177896023,,174,,1583006318,374646902,"""Soft-Hard Sip Deadband""",[0.4574451446533203],"[0, 0, 0, 0]"
13.5237035751,,175,,1583006318,380706071,"""Soft-Hard Sip Deadband""",[0.4683033227920532],"[0, 0, 0, 0]"
13.5254166126,,176,,1583006318,382620096,"""Soft-Hard Sip Deadband""",[0.4791293442249298],"[0, 0, 0, 0]"
13.5315995216,,177,,1583006318,388675928,"""Soft-Hard Sip Deadband""",[0.4899875223636627],"[0, 0, 0, 0]"
13.5641875267,,178,,1583006318,416708946,"""Zero Band""",[0.5008456707000732],"[0, 0, 0, 0]"
13.5704391003,,179,,1583006318,422633886,"""Zero Band""",[0.5117038488388062],"[0, 0, 0, 0]"
13.5775198936,,180,,1583006318,428487062,"""Zero Band""",[0.5225620269775391],"[0, 0, 0, 0]"
13.5828638077,,181,,1583006318,435625076,"""Zero Band""",[0.533388078212738],"[0, 0, 0, 0]"
13.588647604,,182,,1583006318,441025972,"""Zero Band""",[0.5442461967468262],"[0, 0, 0, 0]"
13.5955188274,,183,,1583006318,446671962,"""Zero Band""",[0.5551043748855591],"[0, 0, 0, 0]"
13.6023848057,,184,,1583006318,453593969,"""Zero Band""",[0.565962553024292],"[0, 0, 0, 0]"
13.607853651,,185,,1583006318,460475921,"""Zero Band""",[0.5768207311630249],"[0, 0, 0, 0]"
13.6131019592,,186,,1583006318,465912103,"""Zero Band""",[0.587678849697113],"[0, 0, 0, 0]"
13.6206336021,,187,,1583006318,472595930,"""Zero Band""",[0.598504900932312],"[0, 0, 0, 0]"
13.6278858185,,188,,1583006318,478714942,"""Zero Band""",[0.6093630790710449],"[0, 0, 0, 0]"
13.6334223747,,189,,1583006318,485960006,"""Zero Band""",[0.6202212572097778],"[0, 0, 0, 0]"
13.6384882927,,190,,1583006318,491494894,"""Zero Band""",[0.6310794353485107],"[0, 0, 0, 0]"
13.6463048458,,191,,1583006318,498697042,"""Zero Band""",[0.6419375538825989],"[0, 0, 0, 0]"
13.652071476,,192,,1583006318,504637956,"""Zero Band""",[0.6527636051177979],"[0, 0, 0, 0]"
13.6720890999,,193,,1583006318,524657011,"""Zero Band""",[0.6419375538825989],"[0, 0, 0, 0]"
13.6775970459,,194,,1583006318,530142068,"""Zero Band""",[0.6310794353485107],"[0, 0, 0, 0]"
13.6837029457,,195,,1583006318,535664081,"""Zero Band""",[0.6093630790710449],"[0, 0, 0, 0]"
13.6901361942,,196,,1583006318,541771888,"""Zero Band""",[0.598504900932312],"[0, 0, 0, 0]"
13.6966674328,,197,,1583006318,548223018,"""Zero Band""",[0.587678849697113],"[0, 0, 0, 0]"
13.7013223171,,198,,1583006318,554773092,"""Zero Band""",[0.5768207311630249],"[0, 0, 0, 0]"
13.7068121433,,199,,1583006318,559298038,"""Zero Band""",[0.5551043748855591],"[0, 0, 0, 0]"
13.7113530636,,200,,1583006318,564820051,"""Zero Band""",[0.533388078212738],"[0, 0, 0, 0]"
13.7171242237,,201,,1583006318,569458961,"""Zero Band""",[0.5117038488388062],"[0, 0, 0, 0]"
13.7184040546,,202,,1583006318,575135946,"""Soft-Hard Sip Deadband""",[0.4899875223636627],"[0, 0, 0, 0]"
13.7194609642,,203,,1583006318,576392889,"""Soft-Hard Sip Deadband""",[0.4683033227920532],"[0, 0, 0, 0]"
13.7206094265,,204,,1583006318,577595949,"""Soft-Hard Sip Deadband""",[0.4465869963169098],"[0, 0, 0, 0]"
13.7215087414,,205,,1583006318,578587055,"""Soft-Hard Sip Deadband""",[0.4140446186065674],"[0, 0, 0, 0]"
13.7223470211,,206,,1583006318,579485893,"""Soft-Hard Sip Deadband""",[0.38147011399269104],"[0, 0, 0, 0]"
13.7231590748,,207,,1583006318,580339908,"""Soft-Hard Sip Deadband""",[0.348927766084671],"[0, 0, 0, 0]"
13.7240412235,,208,,1583006318,581152915,"""Soft-Hard Sip Deadband""",[0.3163532614707947],"[0, 0, 0, 0]"
13.7295880318,,209,,1583006318,582113981,"""Soft Sip""",[0.28381088376045227],"[0, 0, 1, 0]"
13.7361738682,,210,,1583006318,587567090,"""Soft Sip""",[0.2512364089488983],"[0, 0, 1, 0]"
13.7407357693,,211,,1583006318,594145059,"""Soft Sip""",[0.22955219447612762],"[0, 0, 1, 0]"
13.7454605103,,212,,1583006318,598839998,"""Soft Sip""",[0.19697770476341248],"[0, 0, 1, 0]"
13.7515637875,,213,,1583006318,603435993,"""Soft Sip""",[0.16443534195423126],"[0, 0, 1, 0]"
13.7575786114,,214,,1583006318,609714031,"""Soft Sip""",[0.13186083734035492],"[0, 0, 1, 0]"
13.7621364594,,215,,1583006318,615554094,"""Soft Sip""",[0.11017663776874542],"[0, 0, 1, 0]"
13.7688353062,,216,,1583006318,620115995,"""Soft Sip""",[0.07760214805603027],"[0, 0, 1, 0]"
13.7742846012,,217,,1583006318,626806020,"""Soft Sip""",[0.05591794103384018],"[0, 0, 1, 0]"
13.7794265747,,218,,1583006318,632266998,"""Soft Sip""",[0.023343447595834732],"[0, 0, 1, 0]"
13.7805633545,,219,,1583006318,637404918,"""Zero Band""",[0.0016592431347817183],"[0, 0, 0, 0]"
13.7814817429,,220,,1583006318,638550043,"""Zero Band""",[-0.0],"[0, 0, 0, 0]"
13.782474041,,221,,1583006318,639576911,"""Zero Band""",[-0.0],"[0, 0, 0, 0]"
13.7835671902,,222,,1583006318,640434980,"""Zero Band""",[-0.0],"[0, 0, 0, 0]"
13.7845544815,,223,,1583006318,641612052,"""Zero Band""",[-0.0],"[0, 0, 0, 0]"
13.7846865654,,224,,1583006318,641612052,"""input stopped""",[-0.0],"[0, 0, 0, 0]"
14.2327988148,,225,,1583006319,89665889,"""Zero Band""",[-0.0],"[0, 0, 0, 0]"
14.2399857044,,226,,1583006319,96733093,"""Zero Band""",[-0.0],"[0, 0, 0, 0]"
14.2415392399,,227,,1583006319,98663091,"""Zero Band""",[-0.0],"[0, 0, 0, 0]"
14.2475066185,,228,,1583006319,104614019,"""Zero Band""",[-0.0],"[0, 0, 0, 0]"
14.2495601177,,229,,1583006319,106631994,"""Zero Band""",[-0.0],"[0, 0, 0, 0]"
14.2518017292,,230,,1583006319,108649969,"""Zero Band""",[0.0016592431347817183],"[0, 0, 0, 0]"
14.2616474628,,231,,1583006319,114694118,"""Soft Sip""",[0.012485282495617867],"[0, 0, 1, 0]"
14.266387701,,232,,1583006319,119699954,"""Soft Sip""",[0.023343447595834732],"[0, 0, 1, 0]"
14.2724282742,,233,,1583006319,124455928,"""Soft Sip""",[0.03420161083340645],"[0, 0, 1, 0]"
14.2778747082,,234,,1583006319,130527973,"""Soft Sip""",[0.04505977779626846],"[0, 0, 1, 0]"
14.2826824188,,235,,1583006319,135978937,"""Soft Sip""",[0.05591794103384018],"[0, 0, 1, 0]"
14.2892327309,,236,,1583006319,140697956,"""Soft Sip""",[0.06674397736787796],"[0, 0, 1, 0]"
14.2968714237,,237,,1583006319,147368907,"""Soft Sip""",[0.07760214805603027],"[0, 0, 1, 0]"
14.3022577763,,238,,1583006319,154861927,"""Soft Sip""",[0.08846031129360199],"[0, 0, 1, 0]"
14.3073558807,,239,,1583006319,160214900,"""Soft Sip""",[0.0993184745311737],"[0, 0, 1, 0]"
14.3144557476,,240,,1583006319,165448904,"""Soft Sip""",[0.11017663776874542],"[0, 0, 1, 0]"
14.3213429451,,241,,1583006319,172180891,"""Soft Sip""",[0.12103480100631714],"[0, 0, 1, 0]"
14.3270628452,,242,,1583006319,179405927,"""Soft Sip""",[0.13186083734035492],"[0, 0, 1, 0]"
14.3318490982,,243,,1583006319,185061931,"""Soft Sip""",[0.14271900057792664],"[0, 0, 1, 0]"
14.3385543823,,244,,1583006319,190005064,"""Soft Sip""",[0.15357716381549835],"[0, 0, 1, 0]"
14.3434844017,,245,,1583006319,196538925,"""Soft Sip""",[0.16443534195423126],"[0, 0, 1, 0]"
14.3497977257,,246,,1583006319,201457977,"""Soft Sip""",[0.17529350519180298],"[0, 0, 1, 0]"
14.3562669754,,247,,1583006319,207847118,"""Soft Sip""",[0.18611954152584076],"[0, 0, 1, 0]"
14.361291647,,248,,1583006319,214252948,"""Soft Sip""",[0.19697770476341248],"[0, 0, 1, 0]"
14.3662717342,,249,,1583006319,219368934,"""Soft Sip""",[0.2078358680009842],"[0, 0, 1, 0]"
14.3728020191,,250,,1583006319,224281072,"""Soft Sip""",[0.2186940312385559],"[0, 0, 1, 0]"
14.3774855137,,251,,1583006319,230778932,"""Soft Sip""",[0.22955219447612762],"[0, 0, 1, 0]"
14.402576685,,252,,1583006319,254707098,"""Soft Sip""",[0.2403782308101654],"[0, 0, 1, 0]"
14.4193618298,,253,,1583006319,270697116,"""Soft Sip""",[0.2512364089488983],"[0, 0, 1, 0]"
14.4383635521,,254,,1583006319,288705110,"""Soft Sip""",[0.26209455728530884],"[0, 0, 1, 0]"
14.458974123,,255,,1583006319,310858011,"""Soft Sip""",[0.27295273542404175],"[0, 0, 1, 0]"
14.4783220291,,256,,1583006319,330746889,"""Soft Sip""",[0.28381088376045227],"[0, 0, 1, 0]"
14.491656065,,257,,1583006319,342777967,"""Soft Sip""",[0.2946690618991852],"[0, 0, 1, 0]"
14.4937334061,,258,,1583006319,350636959,"""Soft-Hard Sip Deadband""",[0.30549511313438416],"[0, 0, 0, 0]"
14.5021858215,,259,,1583006319,358694076,"""Soft-Hard Sip Deadband""",[0.3163532614707947],"[0, 0, 0, 0]"
14.5100626945,,260,,1583006319,366718053,"""Soft-Hard Sip Deadband""",[0.3272114396095276],"[0, 0, 0, 0]"
14.5163021088,,261,,1583006319,372798919,"""Soft-Hard Sip Deadband""",[0.3380695879459381],"[0, 0, 0, 0]"
14.5196809769,,262,,1583006319,376615047,"""Soft-Hard Sip Deadband""",[0.348927766084671],"[0, 0, 0, 0]"
14.5257017612,,263,,1583006319,382658958,"""Soft-Hard Sip Deadband""",[0.3597537875175476],"[0, 0, 0, 0]"
14.5357027054,,264,,1583006319,392692089,"""Soft-Hard Sip Deadband""",[0.3706119656562805],"[0, 0, 0, 0]"
14.5437438488,,265,,1583006319,400640964,"""Soft-Hard Sip Deadband""",[0.38147011399269104],"[0, 0, 0, 0]"
14.54976964,,266,,1583006319,406697988,"""Soft-Hard Sip Deadband""",[0.39232829213142395],"[0, 0, 0, 0]"
14.5658762455,,267,,1583006319,422768115,"""Soft-Hard Sip Deadband""",[0.4031864404678345],"[0, 0, 0, 0]"
14.5956513882,,268,,1583006319,452678918,"""Soft-Hard Sip Deadband""",[0.39232829213142395],"[0, 0, 0, 0]"
14.6038246155,,269,,1583006319,460722923,"""Soft-Hard Sip Deadband""",[0.38147011399269104],"[0, 0, 0, 0]"
14.6116800308,,270,,1583006319,468647956,"""Soft-Hard Sip Deadband""",[0.3706119656562805],"[0, 0, 0, 0]"
14.619582653,,271,,1583006319,476632118,"""Soft-Hard Sip Deadband""",[0.3597537875175476],"[0, 0, 0, 0]"
14.6234970093,,272,,1583006319,480614900,"""Soft-Hard Sip Deadband""",[0.348927766084671],"[0, 0, 0, 0]"
14.6274821758,,273,,1583006319,484632015,"""Soft-Hard Sip Deadband""",[0.3380695879459381],"[0, 0, 0, 0]"
14.6315729618,,274,,1583006319,488621950,"""Soft-Hard Sip Deadband""",[0.3272114396095276],"[0, 0, 0, 0]"
14.6437001228,,275,,1583006319,500688076,"""Soft-Hard Sip Deadband""",[0.3163532614707947],"[0, 0, 0, 0]"
14.6559686661,,276,,1583006319,512762069,"""Soft-Hard Sip Deadband""",[0.30549511313438416],"[0, 0, 0, 0]"
14.686419487,,277,,1583006319,538723945,"""Soft Sip""",[0.2946690618991852],"[0, 0, 1, 0]"
14.7037189007,,278,,1583006319,554673910,"""Soft Sip""",[0.28381088376045227],"[0, 0, 1, 0]"
14.7085285187,,279,,1583006319,561783075,"""Soft Sip""",[0.2946690618991852],"[0, 0, 1, 0]"
14.7135138512,,280,,1583006319,566581964,"""Soft Sip""",[0.28381088376045227],"[0, 0, 1, 0]"
14.7276184559,,281,,1583006319,578685998,"""Soft Sip""",[0.2946690618991852],"[0, 0, 1, 0]"
14.7339146137,,282,,1583006319,590703010,"""Soft-Hard Sip Deadband""",[0.30549511313438416],"[0, 0, 0, 0]"
14.7396697998,,283,,1583006319,596661090,"""Soft-Hard Sip Deadband""",[0.3163532614707947],"[0, 0, 0, 0]"
14.748516798,,284,,1583006319,604852914,"""Soft-Hard Sip Deadband""",[0.3272114396095276],"[0, 0, 0, 0]"
14.7522170544,,285,,1583006319,608747005,"""Soft-Hard Sip Deadband""",[0.3380695879459381],"[0, 0, 0, 0]"
14.7780172825,,286,,1583006319,634725093,"""Soft-Hard Sip Deadband""",[0.3272114396095276],"[0, 0, 0, 0]"
14.7856888771,,287,,1583006319,642704963,"""Soft-Hard Sip Deadband""",[0.3163532614707947],"[0, 0, 0, 0]"
14.7914783955,,288,,1583006319,648626089,"""Soft-Hard Sip Deadband""",[0.30549511313438416],"[0, 0, 0, 0]"
14.799904108,,289,,1583006319,652602910,"""Soft Sip""",[0.2946690618991852],"[0, 0, 1, 0]"
14.8054125309,,290,,1583006319,657974958,"""Soft Sip""",[0.28381088376045227],"[0, 0, 1, 0]"
14.8116300106,,291,,1583006319,663455009,"""Soft Sip""",[0.27295273542404175],"[0, 0, 1, 0]"
14.817401886,,292,,1583006319,669713973,"""Soft Sip""",[0.26209455728530884],"[0, 0, 1, 0]"
14.8240318298,,293,,1583006319,675491094,"""Soft Sip""",[0.2512364089488983],"[0, 0, 1, 0]"
14.8312120438,,294,,1583006319,682003974,"""Soft Sip""",[0.2403782308101654],"[0, 0, 1, 0]"
14.8383526802,,295,,1583006319,689302921,"""Soft Sip""",[0.22955219447612762],"[0, 0, 1, 0]"
14.8438971043,,296,,1583006319,696331024,"""Soft Sip""",[0.2186940312385559],"[0, 0, 1, 0]"
14.8508479595,,297,,1583006319,701962947,"""Soft Sip""",[0.2078358680009842],"[0, 0, 1, 0]"
14.856934309,,298,,1583006319,708817005,"""Soft Sip""",[0.19697770476341248],"[0, 0, 1, 0]"
14.8636069298,,299,,1583006319,714952945,"""Soft Sip""",[0.18611954152584076],"[0, 0, 1, 0]"
14.8690495491,,300,,1583006319,721587896,"""Soft Sip""",[0.17529350519180298],"[0, 0, 1, 0]"
14.8748846054,,301,,1583006319,727216005,"""Soft Sip""",[0.16443534195423126],"[0, 0, 1, 0]"
14.8801300526,,302,,1583006319,732865095,"""Soft Sip""",[0.15357716381549835],"[0, 0, 1, 0]"
14.8869447708,,303,,1583006319,738102912,"""Soft Sip""",[0.14271900057792664],"[0, 0, 1, 0]"
14.8925461769,,304,,1583006319,744927883,"""Soft Sip""",[0.13186083734035492],"[0, 0, 1, 0]"
14.897892952,,305,,1583006319,750664949,"""Soft Sip""",[0.14271900057792664],"[0, 0, 1, 0]"
14.9044053555,,306,,1583006319,755851030,"""Soft Sip""",[0.15357716381549835],"[0, 0, 1, 0]"
14.9099280834,,307,,1583006319,762377977,"""Soft Sip""",[0.16443534195423126],"[0, 0, 1, 0]"
14.9154589176,,308,,1583006319,767895936,"""Soft Sip""",[0.17529350519180298],"[0, 0, 1, 0]"
14.9224655628,,309,,1583006319,773591041,"""Soft Sip""",[0.19697770476341248],"[0, 0, 1, 0]"
14.9281497002,,310,,1583006319,780461072,"""Soft Sip""",[0.2078358680009842],"[0, 0, 1, 0]"
14.9331758022,,311,,1583006319,786139965,"""Soft Sip""",[0.2186940312385559],"[0, 0, 1, 0]"
14.9391927719,,312,,1583006319,791174888,"""Soft Sip""",[0.22955219447612762],"[0, 0, 1, 0]"
14.9446723461,,313,,1583006319,797219038,"""Soft Sip""",[0.2512364089488983],"[0, 0, 1, 0]"
14.9502651691,,314,,1583006319,802645921,"""Soft Sip""",[0.26209455728530884],"[0, 0, 1, 0]"
14.9562656879,,315,,1583006319,808224916,"""Soft Sip""",[0.28381088376045227],"[0, 0, 1, 0]"
14.9614348412,,316,,1583006319,814239978,"""Soft Sip""",[0.2946690618991852],"[0, 0, 1, 0]"
14.9627940655,,317,,1583006319,819454908,"""Soft-Hard Sip Deadband""",[0.3163532614707947],"[0, 0, 0, 0]"
14.9640164375,,318,,1583006319,821031093,"""Soft-Hard Sip Deadband""",[0.3272114396095276],"[0, 0, 0, 0]"
14.9648020267,,319,,1583006319,821818113,"""Soft-Hard Sip Deadband""",[0.348927766084671],"[0, 0, 0, 0]"
14.9655127525,,320,,1583006319,822541952,"""Soft-Hard Sip Deadband""",[0.3706119656562805],"[0, 0, 0, 0]"
14.9664723873,,321,,1583006319,823493957,"""Soft-Hard Sip Deadband""",[0.39232829213142395],"[0, 0, 0, 0]"
14.9675371647,,322,,1583006319,824467897,"""Soft-Hard Sip Deadband""",[0.4140446186065674],"[0, 0, 0, 0]"
14.9684972763,,323,,1583006319,825517892,"""Soft-Hard Sip Deadband""",[0.4465869963169098],"[0, 0, 0, 0]"
14.9693667889,,324,,1583006319,826488971,"""Soft-Hard Sip Deadband""",[0.4791293442249298],"[0, 0, 0, 0]"
14.9746723175,,325,,1583006319,827361106,"""Zero Band""",[0.5008456707000732],"[0, 0, 0, 0]"
14.980410099,,326,,1583006319,832592964,"""Zero Band""",[0.533388078212738],"[0, 0, 0, 0]"
14.9864220619,,327,,1583006319,838387012,"""Zero Band""",[0.565962553024292],"[0, 0, 0, 0]"
14.9917507172,,328,,1583006319,844357013,"""Zero Band""",[0.598504900932312],"[0, 0, 0, 0]"
14.9972853661,,329,,1583006319,849730014,"""Zero Band""",[0.6310794353485107],"[0, 0, 0, 0]"
15.0035881996,,330,,1583006319,855259895,"""Zero Band""",[0.6527636051177979],"[0, 0, 0, 0]"
15.0094337463,,331,,1583006319,861569881,"""Zero Band""",[0.6853380799293518],"[0, 0, 0, 0]"
15.0159091949,,332,,1583006319,867206096,"""Zero Band""",[0.7070544362068176],"[0, 0, 0, 0]"
15.0228028297,,333,,1583006319,873774051,"""Zero Band""",[0.7178804874420166],"[0, 0, 0, 0]"
15.0281424522,,334,,1583006319,880815029,"""Zero Band""",[0.7395967841148376],"[0, 0, 0, 0]"
15.0338232517,,335,,1583006319,886182069,"""Zero Band""",[0.7613131403923035],"[0, 0, 0, 0]"
15.0400378704,,336,,1583006319,891804933,"""Zero Band""",[0.7721391916275024],"[0, 0, 0, 0]"
15.046577692,,337,,1583006319,898040056,"""Zero Band""",[0.7829973101615906],"[0, 0, 0, 0]"
15.0539793968,,338,,1583006319,904556035,"""Zero Band""",[0.7938554883003235],"[0, 0, 0, 0]"
15.0592007637,,339,,1583006319,911959886,"""Zero Band""",[0.7829973101615906],"[0, 0, 0, 0]"
15.0656597614,,340,,1583006319,917579889,"""Zero Band""",[0.7721391916275024],"[0, 0, 0, 0]"
15.07143116,,341,,1583006319,923676013,"""Zero Band""",[0.7613131403923035],"[0, 0, 0, 0]"
15.0764873028,,342,,1583006319,929431915,"""Zero Band""",[0.7395967841148376],"[0, 0, 0, 0]"
15.0826091766,,343,,1583006319,934473991,"""Zero Band""",[0.7070544362068176],"[0, 0, 0, 0]"
15.0888476372,,344,,1583006319,940587043,"""Zero Band""",[0.6961962580680847],"[0, 0, 0, 0]"
15.0943346024,,345,,1583006319,946822881,"""Zero Band""",[0.6744799613952637],"[0, 0, 0, 0]"
15.0989041328,,346,,1583006319,952330112,"""Zero Band""",[0.6527636051177979],"[0, 0, 0, 0]"
15.1035943031,,347,,1583006319,956886053,"""Zero Band""",[0.6310794353485107],"[0, 0, 0, 0]"
15.1096456051,,348,,1583006319,961564064,"""Zero Band""",[0.6093630790710449],"[0, 0, 0, 0]"
15.1168978214,,349,,1583006319,967617034,"""Zero Band""",[0.587678849697113],"[0, 0, 0, 0]"
15.12383008,,350,,1583006319,974870920,"""Zero Band""",[0.565962553024292],"[0, 0, 0, 0]"
15.1283724308,,351,,1583006319,981770038,"""Zero Band""",[0.5442461967468262],"[0, 0, 0, 0]"
15.134914875,,352,,1583006319,986346960,"""Zero Band""",[0.5225620269775391],"[0, 0, 0, 0]"
15.1397879124,,353,,1583006319,992893934,"""Zero Band""",[0.5008456707000732],"[0, 0, 0, 0]"
15.1406309605,,354,,1583006319,997687101,"""Soft-Hard Sip Deadband""",[0.4899875223636627],"[0, 0, 0, 0]"
15.1414959431,,355,,1583006319,998605966,"""Soft-Hard Sip Deadband""",[0.4791293442249298],"[0, 0, 0, 0]"
15.1424574852,,356,,1583006319,999516010,"""Soft-Hard Sip Deadband""",[0.4574451446533203],"[0, 0, 0, 0]"
15.1433751583,,357,,1583006320,437974,"""Soft-Hard Sip Deadband""",[0.4465869963169098],"[0, 0, 0, 0]"
15.1442220211,,358,,1583006320,1388072,"""Soft-Hard Sip Deadband""",[0.42487066984176636],"[0, 0, 0, 0]"
15.1452600956,,359,,1583006320,2213954,"""Soft-Hard Sip Deadband""",[0.4140446186065674],"[0, 0, 0, 0]"
15.1459796429,,360,,1583006320,3094911,"""Soft-Hard Sip Deadband""",[0.4031864404678345],"[0, 0, 0, 0]"
15.1469647884,,361,,1583006320,3976106,"""Soft-Hard Sip Deadband""",[0.39232829213142395],"[0, 0, 0, 0]"
15.14792943,,362,,1583006320,4951953,"""Soft-Hard Sip Deadband""",[0.38147011399269104],"[0, 0, 0, 0]"
15.1489326954,,363,,1583006320,5923986,"""Soft-Hard Sip Deadband""",[0.39232829213142395],"[0, 0, 0, 0]"
15.1498308182,,364,,1583006320,6907939,"""Soft-Hard Sip Deadband""",[0.4031864404678345],"[0, 0, 0, 0]"
15.1507172585,,365,,1583006320,7730960,"""Soft-Hard Sip Deadband""",[0.4140446186065674],"[0, 0, 0, 0]"
15.1515390873,,366,,1583006320,8725881,"""Soft-Hard Sip Deadband""",[0.42487066984176636],"[0, 0, 0, 0]"
15.1527249813,,367,,1583006320,9828090,"""Soft-Hard Sip Deadband""",[0.4357288181781769],"[0, 0, 0, 0]"
15.153496027,,368,,1583006320,10703086,"""Soft-Hard Sip Deadband""",[0.4465869963169098],"[0, 0, 0, 0]"
15.1541597843,,369,,1583006320,11468887,"""Soft-Hard Sip Deadband""",[0.4683033227920532],"[0, 0, 0, 0]"
15.1549384594,,370,,1583006320,12147903,"""Soft-Hard Sip Deadband""",[0.4791293442249298],"[0, 0, 0, 0]"
15.1556904316,,371,,1583006320,12933969,"""Soft-Hard Sip Deadband""",[0.4899875223636627],"[0, 0, 0, 0]"
15.1600420475,,372,,1583006320,13670921,"""Zero Band""",[0.5117038488388062],"[0, 0, 0, 0]"
15.1664083004,,373,,1583006320,18018960,"""Zero Band""",[0.5225620269775391],"[0, 0, 0, 0]"
15.171592474,,374,,1583006320,24388074,"""Zero Band""",[0.533388078212738],"[0, 0, 0, 0]"
15.1773068905,,375,,1583006320,29596090,"""Zero Band""",[0.5551043748855591],"[0, 0, 0, 0]"
15.1830689907,,376,,1583006320,35284042,"""Zero Band""",[0.565962553024292],"[0, 0, 0, 0]"
15.1885259151,,377,,1583006320,41060924,"""Zero Band""",[0.5768207311630249],"[0, 0, 0, 0]"
15.1945888996,,378,,1583006320,46504974,"""Zero Band""",[0.587678849697113],"[0, 0, 0, 0]"
15.1992325783,,379,,1583006320,52603960,"""Zero Band""",[0.598504900932312],"[0, 0, 0, 0]"
15.2050368786,,380,,1583006320,57223081,"""Zero Band""",[0.6093630790710449],"[0, 0, 0, 0]"
15.2106170654,,381,,1583006320,63051939,"""Zero Band""",[0.6202212572097778],"[0, 0, 0, 0]"
15.216088295,,382,,1583006320,68638086,"""Zero Band""",[0.6310794353485107],"[0, 0, 0, 0]"
15.2219946384,,383,,1583006320,73982954,"""Zero Band""",[0.6419375538825989],"[0, 0, 0, 0]"
15.2271008492,,384,,1583006320,79873085,"""Zero Band""",[0.6527636051177979],"[0, 0, 0, 0]"
15.2319645882,,385,,1583006320,85086107,"""Zero Band""",[0.6636217832565308],"[0, 0, 0, 0]"
15.2381761074,,386,,1583006320,89997053,"""Zero Band""",[0.6744799613952637],"[0, 0, 0, 0]"
15.243035078,,387,,1583006320,96168994,"""Zero Band""",[0.6853380799293518],"[0, 0, 0, 0]"
15.249263525,,388,,1583006320,101017951,"""Zero Band""",[0.6961962580680847],"[0, 0, 0, 0]"
15.2562932968,,389,,1583006320,107119083,"""Zero Band""",[0.7070544362068176],"[0, 0, 0, 0]"
15.2620539665,,390,,1583006320,114262104,"""Zero Band""",[0.7178804874420166],"[0, 0, 0, 0]"
15.2679584026,,391,,1583006320,120074987,"""Zero Band""",[0.7287386655807495],"[0, 0, 0, 0]"
15.2749314308,,392,,1583006320,125833034,"""Zero Band""",[0.7504549622535706],"[0, 0, 0, 0]"
15.2800559998,,393,,1583006320,132961988,"""Zero Band""",[0.7613131403923035],"[0, 0, 0, 0]"
15.2854754925,,394,,1583006320,137960910,"""Zero Band""",[0.7721391916275024],"[0, 0, 0, 0]"
15.291472435,,395,,1583006320,143438100,"""Zero Band""",[0.7938554883003235],"[0, 0, 0, 0]"
15.2970881462,,396,,1583006320,149430036,"""Zero Band""",[0.8047136664390564],"[0, 0, 0, 0]"
15.3026068211,,397,,1583006320,155065059,"""Zero Band""",[0.8263978958129883],"[0, 0, 0, 0]"
15.3092503548,,398,,1583006320,160583972,"""Zero Band""",[0.8372560143470764],"[0, 0, 0, 0]"
15.3146994114,,399,,1583006320,167236089,"""Zero Band""",[0.8589723706245422],"[0, 0, 0, 0]"
15.3209853172,,400,,1583006320,172538995,"""Zero Band""",[0.8698305487632751],"[0, 0, 0, 0]"
15.3257396221,,401,,1583006320,178958892,"""Zero Band""",[0.8806886672973633],"[0, 0, 0, 0]"
15.3309819698,,402,,1583006320,183715105,"""Zero Band""",[0.9023728966712952],"[0, 0, 0, 0]"
15.3382723331,,403,,1583006320,188951969,"""Zero Band""",[0.9132310748100281],"[0, 0, 0, 0]"
15.3446695805,,404,,1583006320,196585893,"""Zero Band""",[0.9349473714828491],"[0, 0, 0, 0]"
15.34953022,,405,,1583006320,202657938,"""Zero Band""",[0.9457734227180481],"[0, 0, 0, 0]"
15.3556611538,,406,,1583006320,207504987,"""Zero Band""",[0.9674897789955139],"[0, 0, 0, 0]"
15.3622848988,,407,,1583006320,213644981,"""Zero Band""",[0.978347897529602],"[0, 0, 0, 0]"
15.3689873219,,408,,1583006320,220259904,"""Zero Band""",[0.9674897789955139],"[0, 0, 0, 0]"
15.3757846355,,409,,1583006320,227018117,"""Zero Band""",[0.956631600856781],"[0, 0, 0, 0]"
15.3817825317,,410,,1583006320,233767986,"""Zero Band""",[0.9457734227180481],"[0, 0, 0, 0]"
15.387244463,,411,,1583006320,239753007,"""Zero Band""",[0.9349473714828491],"[0, 0, 0, 0]"
15.3932077885,,412,,1583006320,245218038,"""Zero Band""",[0.924089252948761],"[0, 0, 0, 0]"
15.3988413811,,413,,1583006320,251188039,"""Zero Band""",[0.9023728966712952],"[0, 0, 0, 0]"
15.4049489498,,414,,1583006320,256875038,"""Zero Band""",[0.8915147185325623],"[0, 0, 0, 0]"
15.4099693298,,415,,1583006320,262943983,"""Zero Band""",[0.8698305487632751],"[0, 0, 0, 0]"
15.4149401188,,416,,1583006320,267945051,"""Zero Band""",[0.8589723706245422],"[0, 0, 0, 0]"
15.4204413891,,417,,1583006320,272949934,"""Zero Band""",[0.8372560143470764],"[0, 0, 0, 0]"
15.4258544445,,418,,1583006320,278422117,"""Zero Band""",[0.8263978958129883],"[0, 0, 0, 0]"
15.4306147099,,419,,1583006320,283823013,"""Zero Band""",[0.8155718445777893],"[0, 0, 0, 0]"
15.4363965988,,420,,1583006320,288609027,"""Zero Band""",[0.8047136664390564],"[0, 0, 0, 0]"
15.442276001,,421,,1583006320,294356107,"""Zero Band""",[0.7938554883003235],"[0, 0, 0, 0]"
15.448089838,,422,,1583006320,299983024,"""Zero Band""",[0.7829973101615906],"[0, 0, 0, 0]"
15.4538321495,,423,,1583006320,306083917,"""Zero Band""",[0.7721391916275024],"[0, 0, 0, 0]"
15.4594848156,,424,,1583006320,311809062,"""Zero Band""",[0.7613131403923035],"[0, 0, 0, 0]"
15.467908144,,425,,1583006320,317462921,"""Zero Band""",[0.7504549622535706],"[0, 0, 0, 0]"
15.4741683006,,426,,1583006320,325874090,"""Zero Band""",[0.7613131403923035],"[0, 0, 0, 0]"
15.4791183472,,427,,1583006320,332178115,"""Zero Band""",[0.7721391916275024],"[0, 0, 0, 0]"
15.4840915203,,428,,1583006320,337085962,"""Zero Band""",[0.7829973101615906],"[0, 0, 0, 0]"
15.4885575771,,429,,1583006320,342061996,"""Zero Band""",[0.7938554883003235],"[0, 0, 0, 0]"
15.4949350357,,430,,1583006320,346533060,"""Zero Band""",[0.8047136664390564],"[0, 0, 0, 0]"
15.5029394627,,431,,1583006320,352904081,"""Zero Band""",[0.7938554883003235],"[0, 0, 0, 0]"
15.5080051422,,432,,1583006320,360908031,"""Zero Band""",[0.7829973101615906],"[0, 0, 0, 0]"
15.5125763416,,433,,1583006320,365992069,"""Zero Band""",[0.7721391916275024],"[0, 0, 0, 0]"
15.5191538334,,434,,1583006320,371043920,"""Zero Band""",[0.7504549622535706],"[0, 0, 0, 0]"
15.5236439705,,435,,1583006320,376913070,"""Zero Band""",[0.7395967841148376],"[0, 0, 0, 0]"
15.5305666924,,436,,1583006320,381647109,"""Zero Band""",[0.7287386655807495],"[0, 0, 0, 0]"
15.5375094414,,437,,1583006320,388575077,"""Zero Band""",[0.7178804874420166],"[0, 0, 0, 0]"
15.5424413681,,438,,1583006320,395489931,"""Zero Band""",[0.7070544362068176],"[0, 0, 0, 0]"
15.547440052,,439,,1583006320,400427103,"""Zero Band""",[0.6961962580680847],"[0, 0, 0, 0]"
15.5541126728,,440,,1583006320,405421972,"""Zero Band""",[0.6744799613952637],"[0, 0, 0, 0]"
15.5588262081,,441,,1583006320,412091016,"""Zero Band""",[0.6527636051177979],"[0, 0, 0, 0]"
15.564917326,,442,,1583006320,416790962,"""Zero Band""",[0.6310794353485107],"[0, 0, 0, 0]"
15.5710811615,,443,,1583006320,422903060,"""Zero Band""",[0.6093630790710449],"[0, 0, 0, 0]"
15.5762484074,,444,,1583006320,429056882,"""Zero Band""",[0.587678849697113],"[0, 0, 0, 0]"
15.5809931755,,445,,1583006320,434130907,"""Zero Band""",[0.565962553024292],"[0, 0, 0, 0]"
15.5871872902,,446,,1583006320,438975095,"""Zero Band""",[0.533388078212738],"[0, 0, 0, 0]"
15.5926542282,,447,,1583006320,445167064,"""Zero Band""",[0.5008456707000732],"[0, 0, 0, 0]"
15.5936563015,,448,,1583006320,450649976,"""Soft-Hard Sip Deadband""",[0.4791293442249298],"[0, 0, 0, 0]"
15.5945971012,,449,,1583006320,451627016,"""Soft-Hard Sip Deadband""",[0.4465869963169098],"[0, 0, 0, 0]"
15.5956118107,,450,,1583006320,452606916,"""Soft-Hard Sip Deadband""",[0.4140446186065674],"[0, 0, 0, 0]"
15.5965855122,,451,,1583006320,453593015,"""Soft-Hard Sip Deadband""",[0.38147011399269104],"[0, 0, 0, 0]"
15.5974040031,,452,,1583006320,454488039,"""Soft-Hard Sip Deadband""",[0.3380695879459381],"[0, 0, 0, 0]"
15.598284483,,453,,1583006320,455403089,"""Soft-Hard Sip Deadband""",[0.30549511313438416],"[0, 0, 0, 0]"
15.6046757698,,454,,1583006320,456276893,"""Soft Sip""",[0.27295273542404175],"[0, 0, 1, 0]"
15.6093101501,,455,,1583006320,462413072,"""Soft Sip""",[0.2403782308101654],"[0, 0, 1, 0]"
15.6165246964,,456,,1583006320,467308998,"""Soft Sip""",[0.19697770476341248],"[0, 0, 1, 0]"
15.6215102673,,457,,1583006320,474137067,"""Soft Sip""",[0.16443534195423126],"[0, 0, 1, 0]"
15.6268925667,,458,,1583006320,479491949,"""Soft Sip""",[0.13186083734035492],"[0, 0, 1, 0]"
15.6331493855,,459,,1583006320,484890937,"""Soft Sip""",[0.0993184745311737],"[0, 0, 1, 0]"
15.6396651268,,460,,1583006320,491115093,"""Soft Sip""",[0.06674397736787796],"[0, 0, 1, 0]"
15.6448094845,,461,,1583006320,497644901,"""Soft Sip""",[0.03420161083340645],"[0, 0, 1, 0]"
15.6455118656,,462,,1583006320,502787113,"""Zero Band""",[0.0016592431347817183],"[0, 0, 0, 0]"
15.6462938786,,463,,1583006320,503490924,"""Zero Band""",[-0.0],"[0, 0, 0, 0]"
15.6470594406,,464,,1583006320,504174947,"""Zero Band""",[-0.0],"[0, 0, 0, 0]"
15.6479210854,,465,,1583006320,505037069,"""Zero Band""",[-0.0],"[0, 0, 0, 0]"
15.6489622593,,466,,1583006320,505892992,"""Zero Band""",[-0.0],"[0, 0, 0, 0]"
15.6490912437,,467,,1583006320,505892992,"""input stopped""",[-0.0],"[0, 0, 0, 0]"
15.650015831,,468,,1583006320,507189035,"""Zero Band""",[-0.0],"[0, 0, 0, 0]"
15.650888443,,469,,1583006320,508146047,"""Zero Band""",[-0.0],"[0, 0, 0, 0]"
15.6516830921,,470,,1583006320,508862018,"""Zero Band""",[-0.0],"[0, 0, 0, 0]"
15.6524453163,,471,,1583006320,509660959,"""Zero Band""",[-0.0],"[0, 0, 0, 0]"
15.6531739235,,472,,1583006320,510423898,"""Zero Band""",[-0.0],"[0, 0, 0, 0]"
15.6539337635,,473,,1583006320,511156082,"""Zero Band""",[0.0016592431347817183],"[0, 0, 0, 0]"
15.6597373486,,474,,1583006320,511905908,"""Soft Sip""",[0.012485282495617867],"[0, 0, 1, 0]"
15.6660792828,,475,,1583006320,517716884,"""Soft Sip""",[0.023343447595834732],"[0, 0, 1, 0]"
15.671831131,,476,,1583006320,524189949,"""Soft Sip""",[0.04505977779626846],"[0, 0, 1, 0]"
15.6770329475,,477,,1583006320,529939889,"""Soft Sip""",[0.05591794103384018],"[0, 0, 1, 0]"
15.6827988625,,478,,1583006320,535017967,"""Soft Sip""",[0.06674397736787796],"[0, 0, 1, 0]"
15.6880967617,,479,,1583006320,540754079,"""Soft Sip""",[0.07760214805603027],"[0, 0, 1, 0]"
15.6930587292,,480,,1583006320,546186923,"""Soft Sip""",[0.08846031129360199],"[0, 0, 1, 0]"
15.6990733147,,481,,1583006320,551034927,"""Soft Sip""",[0.0993184745311737],"[0, 0, 1, 0]"
15.7049396038,,482,,1583006320,557205915,"""Soft Sip""",[0.11017663776874542],"[0, 0, 1, 0]"
15.7095770836,,483,,1583006320,562908887,"""Soft Sip""",[0.12103480100631714],"[0, 0, 1, 0]"
15.7161939144,,484,,1583006320,567562103,"""Soft Sip""",[0.13186083734035492],"[0, 0, 1, 0]"
15.7220842838,,485,,1583006320,574251890,"""Soft Sip""",[0.14271900057792664],"[0, 0, 1, 0]"
15.727162838,,486,,1583006320,580082893,"""Soft Sip""",[0.15357716381549835],"[0, 0, 1, 0]"
15.7332341671,,487,,1583006320,585138082,"""Soft Sip""",[0.16443534195423126],"[0, 0, 1, 0]"
15.7401473522,,488,,1583006320,591356039,"""Soft Sip""",[0.17529350519180298],"[0, 0, 1, 0]"
15.7447750568,,489,,1583006320,598133087,"""Soft Sip""",[0.18611954152584076],"[0, 0, 1, 0]"
15.7515108585,,490,,1583006320,602838039,"""Soft Sip""",[0.19697770476341248],"[0, 0, 1, 0]"
15.7568101883,,491,,1583006320,609620094,"""Soft Sip""",[0.2078358680009842],"[0, 0, 1, 0]"
15.761733532,,492,,1583006320,614845991,"""Soft Sip""",[0.19697770476341248],"[0, 0, 1, 0]"
15.7692182064,,493,,1583006320,619714021,"""Soft Sip""",[0.2078358680009842],"[0, 0, 1, 0]"
15.7757041454,,494,,1583006320,627290010,"""Soft Sip""",[0.2186940312385559],"[0, 0, 1, 0]"
15.7815957069,,495,,1583006320,633780002,"""Soft Sip""",[0.22955219447612762],"[0, 0, 1, 0]"
15.7879858017,,496,,1583006320,639569997,"""Soft Sip""",[0.2403782308101654],"[0, 0, 1, 0]"
15.7946512699,,497,,1583006320,645982027,"""Soft Sip""",[0.2512364089488983],"[0, 0, 1, 0]"
15.8005988598,,498,,1583006320,652762889,"""Soft Sip""",[0.26209455728530884],"[0, 0, 1, 0]"
15.8055930138,,499,,1583006320,658741950,"""Soft Sip""",[0.27295273542404175],"[0, 0, 1, 0]"
15.8112113476,,500,,1583006320,663577079,"""Soft Sip""",[0.28381088376045227],"[0, 0, 1, 0]"
15.8170011044,,501,,1583006320,669173002,"""Soft Sip""",[0.2946690618991852],"[0, 0, 1, 0]"
15.8186659813,,502,,1583006320,674957990,"""Soft-Hard Sip Deadband""",[0.30549511313438416],"[0, 0, 0, 0]"
15.8197903633,,503,,1583006320,676620006,"""Soft-Hard Sip Deadband""",[0.3163532614707947],"[0, 0, 0, 0]"
15.8211364746,,504,,1583006320,677977085,"""Soft-Hard Sip Deadband""",[0.3272114396095276],"[0, 0, 0, 0]"
15.8220918179,,505,,1583006320,679106950,"""Soft-Hard Sip Deadband""",[0.3380695879459381],"[0, 0, 0, 0]"
15.8231396675,,506,,1583006320,680206060,"""Soft-Hard Sip Deadband""",[0.348927766084671],"[0, 0, 0, 0]"
15.8239281178,,507,,1583006320,681117057,"""Soft-Hard Sip Deadband""",[0.3597537875175476],"[0, 0, 0, 0]"
15.8246409893,,508,,1583006320,681929111,"""Soft-Hard Sip Deadband""",[0.3706119656562805],"[0, 0, 0, 0]"
15.825356245,,509,,1583006320,682620048,"""Soft-Hard Sip Deadband""",[0.38147011399269104],"[0, 0, 0, 0]"
15.8260030746,,510,,1583006320,683335065,"""Soft-Hard Sip Deadband""",[0.39232829213142395],"[0, 0, 0, 0]"
15.8266749382,,511,,1583006320,684046030,"""Soft-Hard Sip Deadband""",[0.4031864404678345],"[0, 0, 0, 0]"
15.8274152279,,512,,1583006320,684705972,"""Soft-Hard Sip Deadband""",[0.4140446186065674],"[0, 0, 0, 0]"
15.828152895,,513,,1583006320,685436010,"""Soft-Hard Sip Deadband""",[0.42487066984176636],"[0, 0, 0, 0]"
15.8293163776,,514,,1583006320,686589002,"""Soft-Hard Sip Deadband""",[0.4357288181781769],"[0, 0, 0, 0]"
15.8313601017,,515,,1583006320,688599109,"""Soft-Hard Sip Deadband""",[0.4465869963169098],"[0, 0, 0, 0]"
15.8333272934,,516,,1583006320,690592050,"""Soft-Hard Sip Deadband""",[0.4574451446533203],"[0, 0, 0, 0]"
15.8374242783,,517,,1583006320,694613933,"""Soft-Hard Sip Deadband""",[0.4683033227920532],"[0, 0, 0, 0]"
15.8393537998,,518,,1583006320,696604967,"""Soft-Hard Sip Deadband""",[0.4791293442249298],"[0, 0, 0, 0]"
15.841381073,,519,,1583006320,698600053,"""Soft-Hard Sip Deadband""",[0.4899875223636627],"[0, 0, 0, 0]"
15.8562035561,,520,,1583006320,704648971,"""Zero Band""",[0.5008456707000732],"[0, 0, 0, 0]"
15.8627574444,,521,,1583006320,714257001,"""Zero Band""",[0.5117038488388062],"[0, 0, 0, 0]"
15.869446516,,522,,1583006320,720820903,"""Zero Band""",[0.5225620269775391],"[0, 0, 0, 0]"
15.8751535416,,523,,1583006320,727550029,"""Zero Band""",[0.533388078212738],"[0, 0, 0, 0]"
15.8826234341,,524,,1583006320,733133077,"""Zero Band""",[0.5551043748855591],"[0, 0, 0, 0]"
15.8896119595,,525,,1583006320,740669012,"""Zero Band""",[0.565962553024292],"[0, 0, 0, 0]"
15.8951120377,,526,,1583006320,747677087,"""Zero Band""",[0.5768207311630249],"[0, 0, 0, 0]"
15.9008905888,,527,,1583006320,753088951,"""Zero Band""",[0.587678849697113],"[0, 0, 0, 0]"
15.9061100483,,528,,1583006320,758929967,"""Zero Band""",[0.598504900932312],"[0, 0, 0, 0]"
15.911583662,,529,,1583006320,764086961,"""Zero Band""",[0.6093630790710449],"[0, 0, 0, 0]"
15.9175179005,,530,,1583006320,769706964,"""Zero Band""",[0.6202212572097778],"[0, 0, 0, 0]"
15.9235804081,,531,,1583006320,775537014,"""Zero Band""",[0.6310794353485107],"[0, 0, 0, 0]"
15.9282832146,,532,,1583006320,781706094,"""Zero Band""",[0.6419375538825989],"[0, 0, 0, 0]"
15.9335734844,,533,,1583006320,786264896,"""Zero Band""",[0.6527636051177979],"[0, 0, 0, 0]"
15.9397397041,,534,,1583006320,791552066,"""Zero Band""",[0.6636217832565308],"[0, 0, 0, 0]"
15.9462184906,,535,,1583006320,797704935,"""Zero Band""",[0.6744799613952637],"[0, 0, 0, 0]"
15.9529187679,,536,,1583006320,804198980,"""Zero Band""",[0.6853380799293518],"[0, 0, 0, 0]"
15.9578630924,,537,,1583006320,810900926,"""Zero Band""",[0.6961962580680847],"[0, 0, 0, 0]"
15.9634122849,,538,,1583006320,815901041,"""Zero Band""",[0.6853380799293518],"[0, 0, 0, 0]"
15.9691631794,,539,,1583006320,821521997,"""Zero Band""",[0.6744799613952637],"[0, 0, 0, 0]"
15.9739551544,,540,,1583006320,826773881,"""Zero Band""",[0.6636217832565308],"[0, 0, 0, 0]"
15.9800255299,,541,,1583006320,831938982,"""Zero Band""",[0.6527636051177979],"[0, 0, 0, 0]"
15.9863667488,,542,,1583006320,838047027,"""Zero Band""",[0.6310794353485107],"[0, 0, 0, 0]"
15.9929180145,,543,,1583006320,844408988,"""Zero Band""",[0.6202212572097778],"[0, 0, 0, 0]"
15.9972784519,,544,,1583006320,850898027,"""Zero Band""",[0.6093630790710449],"[0, 0, 0, 0]"
16.0024526119,,545,,1583006320,855278968,"""Zero Band""",[0.598504900932312],"[0, 0, 0, 0]"
16.0093736649,,546,,1583006320,860449075,"""Zero Band""",[0.587678849697113],"[0, 0, 0, 0]"
16.0143957138,,547,,1583006320,867481946,"""Zero Band""",[0.598504900932312],"[0, 0, 0, 0]"
16.0204339027,,548,,1583006320,872378110,"""Zero Band""",[0.6093630790710449],"[0, 0, 0, 0]"
16.0265078545,,549,,1583006320,878413915,"""Zero Band""",[0.6202212572097778],"[0, 0, 0, 0]"
16.0315587521,,550,,1583006320,884519100,"""Zero Band""",[0.6310794353485107],"[0, 0, 0, 0]"
16.059030056,,551,,1583006320,910851955,"""Zero Band""",[0.6202212572097778],"[0, 0, 0, 0]"
16.0813510418,,552,,1583006320,932717084,"""Zero Band""",[0.6093630790710449],"[0, 0, 0, 0]"
16.0894215107,,553,,1583006320,940702915,"""Zero Band""",[0.598504900932312],"[0, 0, 0, 0]"
16.0967731476,,554,,1583006320,947495937,"""Zero Band""",[0.587678849697113],"[0, 0, 0, 0]"
16.1023271084,,555,,1583006320,954832077,"""Zero Band""",[0.5768207311630249],"[0, 0, 0, 0]"
16.1077742577,,556,,1583006320,960480928,"""Zero Band""",[0.565962553024292],"[0, 0, 0, 0]"
16.113915205,,557,,1583006320,965643882,"""Zero Band""",[0.5551043748855591],"[0, 0, 0, 0]"
16.1206598282,,558,,1583006320,972002029,"""Zero Band""",[0.5442461967468262],"[0, 0, 0, 0]"
16.1253023148,,559,,1583006320,978637933,"""Zero Band""",[0.533388078212738],"[0, 0, 0, 0]"
16.1318881512,,560,,1583006320,983427047,"""Zero Band""",[0.5225620269775391],"[0, 0, 0, 0]"
16.139087677,,561,,1583006320,989605903,"""Zero Band""",[0.5008456707000732],"[0, 0, 0, 0]"
16.1401572227,,562,,1583006320,997081995,"""Soft-Hard Sip Deadband""",[0.4899875223636627],"[0, 0, 0, 0]"
16.1411049366,,563,,1583006320,998142957,"""Soft-Hard Sip Deadband""",[0.4683033227920532],"[0, 0, 0, 0]"
16.1420910358,,564,,1583006320,999201059,"""Soft-Hard Sip Deadband""",[0.4574451446533203],"[0, 0, 0, 0]"
16.1429226398,,565,,1583006321,85115,"""Soft-Hard Sip Deadband""",[0.4465869963169098],"[0, 0, 0, 0]"
16.1437592506,,566,,1583006321,910043,"""Soft-Hard Sip Deadband""",[0.42487066984176636],"[0, 0, 0, 0]"
16.1446273327,,567,,1583006321,1754999,"""Soft-Hard Sip Deadband""",[0.4031864404678345],"[0, 0, 0, 0]"
16.1454703808,,568,,1583006321,2630949,"""Soft-Hard Sip Deadband""",[0.38147011399269104],"[0, 0, 0, 0]"
16.1465756893,,569,,1583006321,3572940,"""Soft-Hard Sip Deadband""",[0.348927766084671],"[0, 0, 0, 0]"
16.1471371651,,570,,1583006321,4367113,"""Soft-Hard Sip Deadband""",[0.3272114396095276],"[0, 0, 0, 0]"
16.1480920315,,571,,1583006321,5131006,"""Soft-Hard Sip Deadband""",[0.30549511313438416],"[0, 0, 0, 0]"
16.1541280746,,572,,1583006321,6081104,"""Soft Sip""",[0.2946690618991852],"[0, 0, 1, 0]"
16.1602511406,,573,,1583006321,12106895,"""Soft Sip""",[0.27295273542404175],"[0, 0, 1, 0]"
16.1670424938,,574,,1583006321,18326044,"""Soft Sip""",[0.2512364089488983],"[0, 0, 1, 0]"
16.1735961437,,575,,1583006321,25026082,"""Soft Sip""",[0.22955219447612762],"[0, 0, 1, 0]"
16.1806664467,,576,,1583006321,31694889,"""Soft Sip""",[0.2078358680009842],"[0, 0, 1, 0]"
16.1865537167,,577,,1583006321,38631916,"""Soft Sip""",[0.18611954152584076],"[0, 0, 1, 0]"
16.1922163963,,578,,1583006321,44533967,"""Soft Sip""",[0.17529350519180298],"[0, 0, 1, 0]"
16.1967728138,,579,,1583006321,50097942,"""Soft Sip""",[0.15357716381549835],"[0, 0, 1, 0]"
16.2019579411,,580,,1583006321,54761886,"""Soft Sip""",[0.13186083734035492],"[0, 0, 1, 0]"
16.208347559,,581,,1583006321,60079097,"""Soft Sip""",[0.12103480100631714],"[0, 0, 1, 0]"
16.2145662308,,582,,1583006321,66340923,"""Soft Sip""",[0.0993184745311737],"[0, 0, 1, 0]"
16.2199418545,,583,,1583006321,72561979,"""Soft Sip""",[0.07760214805603027],"[0, 0, 1, 0]"
16.2255108356,,584,,1583006321,77917098,"""Soft Sip""",[0.06674397736787796],"[0, 0, 1, 0]"
16.231190443,,585,,1583006321,83508968,"""Soft Sip""",[0.04505977779626846],"[0, 0, 1, 0]"
16.2380638123,,586,,1583006321,89339971,"""Soft Sip""",[0.03420161083340645],"[0, 0, 1, 0]"
16.2430794239,,587,,1583006321,96000909,"""Soft Sip""",[0.023343447595834732],"[0, 0, 1, 0]"
16.248591423,,588,,1583006321,101063013,"""Soft Sip""",[0.012485282495617867],"[0, 0, 1, 0]"
16.2493686676,,589,,1583006321,106583118,"""Zero Band""",[0.0016592431347817183],"[0, 0, 0, 0]"
16.2502713203,,590,,1583006321,107345104,"""Zero Band""",[-0.0],"[0, 0, 0, 0]"
16.2512156963,,591,,1583006321,108251094,"""Zero Band""",[-0.0],"[0, 0, 0, 0]"
16.2521333694,,592,,1583006321,109215021,"""Zero Band""",[-0.0],"[0, 0, 0, 0]"
16.2531394958,,593,,1583006321,110279083,"""Zero Band""",[-0.0],"[0, 0, 0, 0]"
16.2541496754,,594,,1583006321,111162900,"""Zero Band""",[-0.0],"[0, 0, 0, 0]"
16.2549886703,,595,,1583006321,112108945,"""Zero Band""",[0.0016592431347817183],"[0, 0, 0, 0]"
16.2598931789,,596,,1583006321,112962007,"""Soft Sip""",[0.012485282495617867],"[0, 0, 1, 0]"
16.2661406994,,597,,1583006321,117871999,"""Soft Sip""",[0.023343447595834732],"[0, 0, 1, 0]"
16.273907423,,598,,1583006321,123948097,"""Soft Sip""",[0.04505977779626846],"[0, 0, 1, 0]"
16.2786426544,,599,,1583006321,131925106,"""Soft Sip""",[0.05591794103384018],"[0, 0, 1, 0]"
16.2832074165,,600,,1583006321,136653900,"""Soft Sip""",[0.06674397736787796],"[0, 0, 1, 0]"
16.2894203663,,601,,1583006321,141180038,"""Soft Sip""",[0.08846031129360199],"[0, 0, 1, 0]"
16.2950093746,,602,,1583006321,147429943,"""Soft Sip""",[0.0993184745311737],"[0, 0, 1, 0]"
16.3006105423,,603,,1583006321,153129100,"""Soft Sip""",[0.12103480100631714],"[0, 0, 1, 0]"
16.3074703217,,604,,1583006321,158593893,"""Soft Sip""",[0.13186083734035492],"[0, 0, 1, 0]"
16.3120388985,,605,,1583006321,165466070,"""Soft Sip""",[0.15357716381549835],"[0, 0, 1, 0]"
16.3168504238,,606,,1583006321,170018911,"""Soft Sip""",[0.17529350519180298],"[0, 0, 1, 0]"
16.3220071793,,607,,1583006321,174763917,"""Soft Sip""",[0.18611954152584076],"[0, 0, 1, 0]"
16.3271758556,,608,,1583006321,179888963,"""Soft Sip""",[0.19697770476341248],"[0, 0, 1, 0]"
16.3337306976,,609,,1583006321,185159921,"""Soft Sip""",[0.2078358680009842],"[0, 0, 1, 0]"
16.3397693634,,610,,1583006321,191865921,"""Soft Sip""",[0.2186940312385559],"[0, 0, 1, 0]"
16.3444738388,,611,,1583006321,197737932,"""Soft Sip""",[0.22955219447612762],"[0, 0, 1, 0]"
16.3508937359,,612,,1583006321,202511072,"""Soft Sip""",[0.2403782308101654],"[0, 0, 1, 0]"
16.3569498062,,613,,1583006321,208884954,"""Soft Sip""",[0.2512364089488983],"[0, 0, 1, 0]"
16.3630793095,,614,,1583006321,214909076,"""Soft Sip""",[0.26209455728530884],"[0, 0, 1, 0]"
16.3693246841,,615,,1583006321,221060991,"""Soft Sip""",[0.27295273542404175],"[0, 0, 1, 0]"
16.3750069141,,616,,1583006321,227039098,"""Soft Sip""",[0.28381088376045227],"[0, 0, 1, 0]"
16.3801512718,,617,,1583006321,232896089,"""Soft Sip""",[0.2946690618991852],"[0, 0, 1, 0]"
16.3810575008,,618,,1583006321,238322973,"""Soft-Hard Sip Deadband""",[0.30549511313438416],"[0, 0, 0, 0]"
16.3818089962,,619,,1583006321,239032983,"""Soft-Hard Sip Deadband""",[0.3163532614707947],"[0, 0, 0, 0]"
16.3825371265,,620,,1583006321,239789009,"""Soft-Hard Sip Deadband""",[0.3272114396095276],"[0, 0, 0, 0]"
16.3833014965,,621,,1583006321,240511894,"""Soft-Hard Sip Deadband""",[0.3380695879459381],"[0, 0, 0, 0]"
16.3840594292,,622,,1583006321,241264104,"""Soft-Hard Sip Deadband""",[0.348927766084671],"[0, 0, 0, 0]"
16.3848493099,,623,,1583006321,242038965,"""Soft-Hard Sip Deadband""",[0.3380695879459381],"[0, 0, 0, 0]"
16.385602951,,624,,1583006321,242825984,"""Soft-Hard Sip Deadband""",[0.3272114396095276],"[0, 0, 0, 0]"
16.3863780499,,625,,1583006321,243608951,"""Soft-Hard Sip Deadband""",[0.3163532614707947],"[0, 0, 0, 0]"
16.3870346546,,626,,1583006321,244259119,"""Soft-Hard Sip Deadband""",[0.30549511313438416],"[0, 0, 0, 0]"
16.3916795254,,627,,1583006321,245017051,"""Soft Sip""",[0.2946690618991852],"[0, 0, 1, 0]"
16.3973679543,,628,,1583006321,249690055,"""Soft Sip""",[0.28381088376045227],"[0, 0, 1, 0]"
16.4033548832,,629,,1583006321,255352973,"""Soft Sip""",[0.27295273542404175],"[0, 0, 1, 0]"
16.4086720943,,630,,1583006321,261344909,"""Soft Sip""",[0.2512364089488983],"[0, 0, 1, 0]"
16.4136815071,,631,,1583006321,266649007,"""Soft Sip""",[0.2403782308101654],"[0, 0, 1, 0]"
16.4191074371,,632,,1583006321,271732091,"""Soft Sip""",[0.2512364089488983],"[0, 0, 1, 0]"
16.4238786697,,633,,1583006321,277210950,"""Soft Sip""",[0.26209455728530884],"[0, 0, 1, 0]"
16.4305210114,,634,,1583006321,281886100,"""Soft Sip""",[0.27295273542404175],"[0, 0, 1, 0]"
16.4368319511,,635,,1583006321,288503885,"""Soft Sip""",[0.28381088376045227],"[0, 0, 1, 0]"
16.4421834946,,636,,1583006321,294835090,"""Soft Sip""",[0.2946690618991852],"[0, 0, 1, 0]"
16.442876339,,637,,1583006321,300086021,"""Soft-Hard Sip Deadband""",[0.30549511313438416],"[0, 0, 0, 0]"
16.44358778,,638,,1583006321,300863027,"""Soft-Hard Sip Deadband""",[0.3163532614707947],"[0, 0, 0, 0]"
16.4442732334,,639,,1583006321,301573991,"""Soft-Hard Sip Deadband""",[0.3272114396095276],"[0, 0, 0, 0]"
16.4449546337,,640,,1583006321,302268981,"""Soft-Hard Sip Deadband""",[0.3380695879459381],"[0, 0, 0, 0]"
16.4457771778,,641,,1583006321,303030967,"""Soft-Hard Sip Deadband""",[0.348927766084671],"[0, 0, 0, 0]"
16.4464795589,,642,,1583006321,303733110,"""Soft-Hard Sip Deadband""",[0.3597537875175476],"[0, 0, 0, 0]"
16.4471218586,,643,,1583006321,304404973,"""Soft-Hard Sip Deadband""",[0.3706119656562805],"[0, 0, 0, 0]"
16.4479773045,,644,,1583006321,305206060,"""Soft-Hard Sip Deadband""",[0.38147011399269104],"[0, 0, 0, 0]"
16.4486801624,,645,,1583006321,305980920,"""Soft-Hard Sip Deadband""",[0.39232829213142395],"[0, 0, 0, 0]"
16.4495091438,,646,,1583006321,306654930,"""Soft-Hard Sip Deadband""",[0.4031864404678345],"[0, 0, 0, 0]"
16.4502775669,,647,,1583006321,307374000,"""Soft-Hard Sip Deadband""",[0.4140446186065674],"[0, 0, 0, 0]"
16.4520528316,,648,,1583006321,308142900,"""Soft-Hard Sip Deadband""",[0.42487066984176636],"[0, 0, 0, 0]"
16.4529225826,,649,,1583006321,310010910,"""Soft-Hard Sip Deadband""",[0.4357288181781769],"[0, 0, 0, 0]"
16.4536578655,,650,,1583006321,310842037,"""Soft-Hard Sip Deadband""",[0.4465869963169098],"[0, 0, 0, 0]"
16.454334259,,651,,1583006321,311672925,"""Soft-Hard Sip Deadband""",[0.4574451446533203],"[0, 0, 0, 0]"
16.4551682472,,652,,1583006321,312386989,"""Soft-Hard Sip Deadband""",[0.4683033227920532],"[0, 0, 0, 0]"
16.4559049606,,653,,1583006321,313050985,"""Soft-Hard Sip Deadband""",[0.4791293442249298],"[0, 0, 0, 0]"
16.4596953392,,654,,1583006321,316683053,"""Soft-Hard Sip Deadband""",[0.4899875223636627],"[0, 0, 0, 0]"
16.4680743217,,655,,1583006321,318679094,"""Zero Band""",[0.5008456707000732],"[0, 0, 0, 0]"
16.4734814167,,656,,1583006321,326154947,"""Zero Band""",[0.5117038488388062],"[0, 0, 0, 0]"
16.4784965515,,657,,1583006321,331521987,"""Zero Band""",[0.5225620269775391],"[0, 0, 0, 0]"
16.4855630398,,658,,1583006321,336570024,"""Zero Band""",[0.5117038488388062],"[0, 0, 0, 0]"
16.49112463,,659,,1583006321,343652009,"""Zero Band""",[0.5225620269775391],"[0, 0, 0, 0]"
16.5052285194,,660,,1583006321,356806993,"""Zero Band""",[0.5117038488388062],"[0, 0, 0, 0]"
16.510730505,,661,,1583006321,363399982,"""Zero Band""",[0.5008456707000732],"[0, 0, 0, 0]"
16.5116071701,,662,,1583006321,368787050,"""Soft-Hard Sip Deadband""",[0.4899875223636627],"[0, 0, 0, 0]"
16.5200321674,,663,,1583006321,376740932,"""Soft-Hard Sip Deadband""",[0.4791293442249298],"[0, 0, 0, 0]"
16.5257544518,,664,,1583006321,382704019,"""Soft-Hard Sip Deadband""",[0.4683033227920532],"[0, 0, 0, 0]"
16.5458011627,,665,,1583006321,402741909,"""Soft-Hard Sip Deadband""",[0.4574451446533203],"[0, 0, 0, 0]"
16.5475070477,,666,,1583006321,404618978,"""Soft-Hard Sip Deadband""",[0.4683033227920532],"[0, 0, 0, 0]"
16.5639796257,,667,,1583006321,420725107,"""Soft-Hard Sip Deadband""",[0.4791293442249298],"[0, 0, 0, 0]"
16.5737197399,,668,,1583006321,430707931,"""Soft-Hard Sip Deadband""",[0.4899875223636627],"[0, 0, 0, 0]"
16.5909924507,,669,,1583006321,442687988,"""Zero Band""",[0.5008456707000732],"[0, 0, 0, 0]"
16.5979883671,,670,,1583006321,450654029,"""Zero Band""",[0.5117038488388062],"[0, 0, 0, 0]"
16.6045951843,,671,,1583006321,456640005,"""Zero Band""",[0.5225620269775391],"[0, 0, 0, 0]"
16.6104073524,,672,,1583006321,462654113,"""Zero Band""",[0.533388078212738],"[0, 0, 0, 0]"
16.6157677174,,673,,1583006321,468643903,"""Zero Band""",[0.5442461967468262],"[0, 0, 0, 0]"
16.6233503819,,674,,1583006321,474601030,"""Zero Band""",[0.5551043748855591],"[0, 0, 0, 0]"
16.6278505325,,675,,1583006321,481421947,"""Zero Band""",[0.565962553024292],"[0, 0, 0, 0]"
16.6325323582,,676,,1583006321,485904932,"""Zero Band""",[0.5768207311630249],"[0, 0, 0, 0]"
16.6393041611,,677,,1583006321,490588903,"""Zero Band""",[0.587678849697113],"[0, 0, 0, 0]"
16.6446931362,,678,,1583006321,497370958,"""Zero Band""",[0.598504900932312],"[0, 0, 0, 0]"
16.6498060226,,679,,1583006321,502754926,"""Zero Band""",[0.6093630790710449],"[0, 0, 0, 0]"
16.6567854881,,680,,1583006321,507879972,"""Zero Band""",[0.598504900932312],"[0, 0, 0, 0]"
16.6620829105,,681,,1583006321,514774084,"""Zero Band""",[0.6093630790710449],"[0, 0, 0, 0]"
16.6667807102,,682,,1583006321,520148038,"""Zero Band""",[0.598504900932312],"[0, 0, 0, 0]"
16.672119379,,683,,1583006321,524852991,"""Zero Band""",[0.6093630790710449],"[0, 0, 0, 0]"
16.6777143478,,684,,1583006321,529942035,"""Zero Band""",[0.598504900932312],"[0, 0, 0, 0]"
16.6828868389,,685,,1583006321,535689115,"""Zero Band""",[0.6093630790710449],"[0, 0, 0, 0]"
16.6894414425,,686,,1583006321,540463924,"""Zero Band""",[0.598504900932312],"[0, 0, 0, 0]"
16.6962797642,,687,,1583006321,547516107,"""Zero Band""",[0.6093630790710449],"[0, 0, 0, 0]"
16.7022037506,,688,,1583006321,554336071,"""Zero Band""",[0.598504900932312],"[0, 0, 0, 0]"
16.7080292702,,689,,1583006321,560322999,"""Zero Band""",[0.6093630790710449],"[0, 0, 0, 0]"
16.7140126228,,690,,1583006321,566004037,"""Zero Band""",[0.598504900932312],"[0, 0, 0, 0]"
16.7629256248,,691,,1583006321,614794969,"""Zero Band""",[0.587678849697113],"[0, 0, 0, 0]"
16.7734735012,,692,,1583006321,624649047,"""Zero Band""",[0.5768207311630249],"[0, 0, 0, 0]"
16.7794191837,,693,,1583006321,631535053,"""Zero Band""",[0.565962553024292],"[0, 0, 0, 0]"
16.7857789993,,694,,1583006321,637532949,"""Zero Band""",[0.5551043748855591],"[0, 0, 0, 0]"
16.7913920879,,695,,1583006321,643842935,"""Zero Band""",[0.5442461967468262],"[0, 0, 0, 0]"
16.7960710526,,696,,1583006321,649430036,"""Zero Band""",[0.533388078212738],"[0, 0, 0, 0]"
16.802164793,,697,,1583006321,654162883,"""Zero Band""",[0.5225620269775391],"[0, 0, 0, 0]"
16.8112616539,,698,,1583006321,660183906,"""Zero Band""",[0.5117038488388062],"[0, 0, 0, 0]"
16.8164978027,,699,,1583006321,669397115,"""Zero Band""",[0.5008456707000732],"[0, 0, 0, 0]"
16.8174960613,,700,,1583006321,674565076,"""Soft-Hard Sip Deadband""",[0.4899875223636627],"[0, 0, 0, 0]"
16.828512907,,701,,1583006321,680681943,"""Zero Band""",[0.5008456707000732],"[0, 0, 0, 0]"
16.8443582058,,702,,1583006321,696719884,"""Zero Band""",[0.5117038488388062],"[0, 0, 0, 0]"
16.8503453732,,703,,1583006321,702636003,"""Zero Band""",[0.5225620269775391],"[0, 0, 0, 0]"
16.8759474754,,704,,1583006321,726759910,"""Zero Band""",[0.5117038488388062],"[0, 0, 0, 0]"
16.8819494247,,705,,1583006321,734632015,"""Zero Band""",[0.5008456707000732],"[0, 0, 0, 0]"
16.8834862709,,706,,1583006321,740628004,"""Soft-Hard Sip Deadband""",[0.4899875223636627],"[0, 0, 0, 0]"
16.9038178921,,707,,1583006321,754693984,"""Zero Band""",[0.5008456707000732],"[0, 0, 0, 0]"
16.9171831608,,708,,1583006321,768757104,"""Zero Band""",[0.5117038488388062],"[0, 0, 0, 0]"
16.9220762253,,709,,1583006321,775217056,"""Zero Band""",[0.5225620269775391],"[0, 0, 0, 0]"
16.9279706478,,710,,1583006321,780150890,"""Zero Band""",[0.533388078212738],"[0, 0, 0, 0]"
16.9331457615,,711,,1583006321,786037921,"""Zero Band""",[0.5442461967468262],"[0, 0, 0, 0]"
16.940248251,,712,,1583006321,791234016,"""Zero Band""",[0.5551043748855591],"[0, 0, 0, 0]"
16.9467589855,,713,,1583006321,798331022,"""Zero Band""",[0.565962553024292],"[0, 0, 0, 0]"
16.9532287121,,714,,1583006321,804857015,"""Zero Band""",[0.5768207311630249],"[0, 0, 0, 0]"
16.962212801,,715,,1583006321,814713001,"""Zero Band""",[0.565962553024292],"[0, 0, 0, 0]"
16.9772098064,,716,,1583006321,828999042,"""Zero Band""",[0.5551043748855591],"[0, 0, 0, 0]"
16.9828608036,,717,,1583006321,835258960,"""Zero Band""",[0.5442461967468262],"[0, 0, 0, 0]"
16.9958519936,,718,,1583006321,846702098,"""Zero Band""",[0.5551043748855591],"[0, 0, 0, 0]"
17.0045325756,,719,,1583006321,856626033,"""Zero Band""",[0.565962553024292],"[0, 0, 0, 0]"
17.0138735771,,720,,1583006321,866681098,"""Zero Band""",[0.5768207311630249],"[0, 0, 0, 0]"
17.0229542255,,721,,1583006321,874665975,"""Zero Band""",[0.587678849697113],"[0, 0, 0, 0]"
17.0296311378,,722,,1583006321,882653951,"""Zero Band""",[0.598504900932312],"[0, 0, 0, 0]"
17.0705039501,,723,,1583006321,922755956,"""Zero Band""",[0.6093630790710449],"[0, 0, 0, 0]"
17.0882852077,,724,,1583006321,938682079,"""Zero Band""",[0.6202212572097778],"[0, 0, 0, 0]"
17.0933861732,,725,,1583006321,946366071,"""Zero Band""",[0.6093630790710449],"[0, 0, 0, 0]"
17.1237914562,,726,,1583006321,974710941,"""Zero Band""",[0.6202212572097778],"[0, 0, 0, 0]"
17.1301674843,,727,,1583006321,982609033,"""Zero Band""",[0.6310794353485107],"[0, 0, 0, 0]"
17.1374621391,,728,,1583006321,988420963,"""Zero Band""",[0.6419375538825989],"[0, 0, 0, 0]"
17.1424889565,,729,,1583006321,995526075,"""Zero Band""",[0.6527636051177979],"[0, 0, 0, 0]"
17.14848876,,730,,1583006322,529050,"""Zero Band""",[0.6636217832565308],"[0, 0, 0, 0]"
17.1540660858,,731,,1583006322,6536960,"""Zero Band""",[0.6744799613952637],"[0, 0, 0, 0]"
17.1596422195,,732,,1583006322,12125968,"""Zero Band""",[0.6853380799293518],"[0, 0, 0, 0]"
17.1678812504,,733,,1583006322,17519950,"""Zero Band""",[0.6961962580680847],"[0, 0, 0, 0]"
17.1751410961,,734,,1583006322,25998115,"""Zero Band""",[0.7070544362068176],"[0, 0, 0, 0]"
17.1799058914,,735,,1583006322,33164024,"""Zero Band""",[0.7178804874420166],"[0, 0, 0, 0]"
17.1856088638,,736,,1583006322,37875890,"""Zero Band""",[0.7287386655807495],"[0, 0, 0, 0]"
17.1908743382,,737,,1583006322,43504953,"""Zero Band""",[0.7395967841148376],"[0, 0, 0, 0]"
17.1976046562,,738,,1583006322,48932075,"""Zero Band""",[0.7287386655807495],"[0, 0, 0, 0]"
17.2037336826,,739,,1583006322,55730104,"""Zero Band""",[0.7178804874420166],"[0, 0, 0, 0]"
17.209831953,,740,,1583006322,61716079,"""Zero Band""",[0.7070544362068176],"[0, 0, 0, 0]"
17.2159485817,,741,,1583006322,67796945,"""Zero Band""",[0.6961962580680847],"[0, 0, 0, 0]"
17.2213928699,,742,,1583006322,73905944,"""Zero Band""",[0.6853380799293518],"[0, 0, 0, 0]"
17.2272059917,,743,,1583006322,79284906,"""Zero Band""",[0.6744799613952637],"[0, 0, 0, 0]"
17.234077692,,744,,1583006322,85254907,"""Zero Band""",[0.6636217832565308],"[0, 0, 0, 0]"
17.240637064,,745,,1583006322,92058897,"""Zero Band""",[0.6527636051177979],"[0, 0, 0, 0]"
17.2454128265,,746,,1583006322,98716020,"""Zero Band""",[0.6419375538825989],"[0, 0, 0, 0]"
17.2520861626,,747,,1583006322,103415012,"""Zero Band""",[0.6310794353485107],"[0, 0, 0, 0]"
17.2571547031,,748,,1583006322,109865903,"""Zero Band""",[0.6419375538825989],"[0, 0, 0, 0]"
17.2656300068,,749,,1583006322,115189075,"""Zero Band""",[0.6527636051177979],"[0, 0, 0, 0]"
17.2713067532,,750,,1583006322,123591899,"""Zero Band""",[0.6636217832565308],"[0, 0, 0, 0]"
17.2772729397,,751,,1583006322,129360914,"""Zero Band""",[0.6744799613952637],"[0, 0, 0, 0]"
17.2826006413,,752,,1583006322,135200023,"""Zero Band""",[0.6636217832565308],"[0, 0, 0, 0]"
17.2874040604,,753,,1583006322,140630006,"""Zero Band""",[0.6744799613952637],"[0, 0, 0, 0]"
17.2934951782,,754,,1583006322,145512104,"""Zero Band""",[0.6636217832565308],"[0, 0, 0, 0]"
17.3002312183,,755,,1583006322,151482105,"""Zero Band""",[0.6527636051177979],"[0, 0, 0, 0]"
17.3054671288,,756,,1583006322,158340930,"""Zero Band""",[0.6419375538825989],"[0, 0, 0, 0]"
17.3114783764,,757,,1583006322,163443088,"""Zero Band""",[0.6310794353485107],"[0, 0, 0, 0]"
17.3183274269,,758,,1583006322,169446945,"""Zero Band""",[0.6202212572097778],"[0, 0, 0, 0]"
17.3243529797,,759,,1583006322,176249980,"""Zero Band""",[0.6093630790710449],"[0, 0, 0, 0]"
17.3316936493,,760,,1583006322,182418107,"""Zero Band""",[0.598504900932312],"[0, 0, 0, 0]"
17.3391120434,,761,,1583006322,189680099,"""Zero Band""",[0.587678849697113],"[0, 0, 0, 0]"
17.3443386555,,762,,1583006322,197196006,"""Zero Band""",[0.598504900932312],"[0, 0, 0, 0]"
17.3503072262,,763,,1583006322,202133893,"""Zero Band""",[0.6093630790710449],"[0, 0, 0, 0]"
17.3568189144,,764,,1583006322,208272933,"""Zero Band""",[0.6202212572097778],"[0, 0, 0, 0]"
17.362036705,,765,,1583006322,214827060,"""Zero Band""",[0.6310794353485107],"[0, 0, 0, 0]"
17.3684899807,,766,,1583006322,220037937,"""Zero Band""",[0.6419375538825989],"[0, 0, 0, 0]"
17.3753919601,,767,,1583006322,226633071,"""Zero Band""",[0.6527636051177979],"[0, 0, 0, 0]"
17.3823001385,,768,,1583006322,233364105,"""Zero Band""",[0.6744799613952637],"[0, 0, 0, 0]"
17.3887035847,,769,,1583006322,240303993,"""Zero Band""",[0.6853380799293518],"[0, 0, 0, 0]"
17.393601656,,770,,1583006322,246678113,"""Zero Band""",[0.6961962580680847],"[0, 0, 0, 0]"
17.3986063004,,771,,1583006322,251579999,"""Zero Band""",[0.7070544362068176],"[0, 0, 0, 0]"
17.4037408829,,772,,1583006322,256717920,"""Zero Band""",[0.7178804874420166],"[0, 0, 0, 0]"
17.4080629349,,773,,1583006322,261718988,"""Zero Band""",[0.7070544362068176],"[0, 0, 0, 0]"
17.4131844044,,774,,1583006322,266062974,"""Zero Band""",[0.6961962580680847],"[0, 0, 0, 0]"
17.4201848507,,775,,1583006322,271014928,"""Zero Band""",[0.6853380799293518],"[0, 0, 0, 0]"
17.4280850887,,776,,1583006322,278153896,"""Zero Band""",[0.6744799613952637],"[0, 0, 0, 0]"
17.4348144531,,777,,1583006322,286223888,"""Zero Band""",[0.6527636051177979],"[0, 0, 0, 0]"
17.4405434132,,778,,1583006322,292782068,"""Zero Band""",[0.6419375538825989],"[0, 0, 0, 0]"
17.4448719025,,779,,1583006322,298522949,"""Zero Band""",[0.6202212572097778],"[0, 0, 0, 0]"
17.4511060715,,780,,1583006322,302848100,"""Zero Band""",[0.598504900932312],"[0, 0, 0, 0]"
17.4573130608,,781,,1583006322,309130907,"""Zero Band""",[0.587678849697113],"[0, 0, 0, 0]"
17.4628887177,,782,,1583006322,315296888,"""Zero Band""",[0.565962553024292],"[0, 0, 0, 0]"
17.4688317776,,783,,1583006322,320848941,"""Zero Band""",[0.533388078212738],"[0, 0, 0, 0]"
17.4750370979,,784,,1583006322,326812982,"""Zero Band""",[0.5117038488388062],"[0, 0, 0, 0]"
17.4757854939,,785,,1583006322,333005905,"""Soft-Hard Sip Deadband""",[0.4899875223636627],"[0, 0, 0, 0]"
17.4765062332,,786,,1583006322,333770036,"""Soft-Hard Sip Deadband""",[0.4574451446533203],"[0, 0, 0, 0]"
17.4772257805,,787,,1583006322,334479093,"""Soft-Hard Sip Deadband""",[0.42487066984176636],"[0, 0, 0, 0]"
17.4780204296,,788,,1583006322,335203886,"""Soft-Hard Sip Deadband""",[0.39232829213142395],"[0, 0, 0, 0]"
17.4788558483,,789,,1583006322,336183071,"""Soft-Hard Sip Deadband""",[0.3597537875175476],"[0, 0, 0, 0]"
17.4796102047,,790,,1583006322,336854934,"""Soft-Hard Sip Deadband""",[0.3272114396095276],"[0, 0, 0, 0]"
17.4852912426,,791,,1583006322,337604045,"""Soft Sip""",[0.2946690618991852],"[0, 0, 1, 0]"
17.4910891056,,792,,1583006322,343322038,"""Soft Sip""",[0.26209455728530884],"[0, 0, 1, 0]"
17.4967944622,,793,,1583006322,349067926,"""Soft Sip""",[0.22955219447612762],"[0, 0, 1, 0]"
17.5028789043,,794,,1583006322,354775905,"""Soft Sip""",[0.2078358680009842],"[0, 0, 1, 0]"
17.508125782,,795,,1583006322,360836982,"""Soft Sip""",[0.17529350519180298],"[0, 0, 1, 0]"
17.5141322613,,796,,1583006322,366024971,"""Soft Sip""",[0.14271900057792664],"[0, 0, 1, 0]"
17.5205898285,,797,,1583006322,372143983,"""Soft Sip""",[0.12103480100631714],"[0, 0, 1, 0]"
17.5265164375,,798,,1583006322,378571033,"""Soft Sip""",[0.0993184745311737],"[0, 0, 1, 0]"
17.5334002972,,799,,1583006322,384190082,"""Soft Sip""",[0.06674397736787796],"[0, 0, 1, 0]"
17.5390150547,,800,,1583006322,391366004,"""Soft Sip""",[0.05591794103384018],"[0, 0, 1, 0]"
17.5450472832,,801,,1583006322,397001028,"""Soft Sip""",[0.03420161083340645],"[0, 0, 1, 0]"
17.5506379604,,802,,1583006322,403024911,"""Soft Sip""",[0.012485282495617867],"[0, 0, 1, 0]"
17.5516483784,,803,,1583006322,408631086,"""Zero Band""",[-0.0],"[0, 0, 0, 0]"
17.552546978,,804,,1583006322,409617900,"""Zero Band""",[-0.0],"[0, 0, 0, 0]"
17.5532765388,,805,,1583006322,410507917,"""Zero Band""",[-0.0],"[0, 0, 0, 0]"
17.553986311,,806,,1583006322,411263942,"""Zero Band""",[-0.0],"[0, 0, 0, 0]"
17.554087162,,807,,1583006322,411263942,"""input stopped""",[-0.0],"[0, 0, 0, 0]"
17.9329576492,,808,,1583006322,789649963,"""Zero Band""",[-0.0],"[0, 0, 0, 0]"
17.9378774166,,809,,1583006322,794660091,"""Zero Band""",[-0.0],"[0, 0, 0, 0]"
17.9395484924,,810,,1583006322,796649932,"""Zero Band""",[-0.0],"[0, 0, 0, 0]"
17.9414846897,,811,,1583006322,798667907,"""Zero Band""",[-0.0],"[0, 0, 0, 0]"
17.943423748,,812,,1583006322,800596952,"""Zero Band""",[-0.0],"[0, 0, 0, 0]"
17.9474799633,,813,,1583006322,804630041,"""Zero Band""",[0.0016592431347817183],"[0, 0, 0, 0]"
17.9544072151,,814,,1583006322,806595087,"""Soft Sip""",[0.012485282495617867],"[0, 0, 1, 0]"
17.9595685005,,815,,1583006322,812474966,"""Soft Sip""",[0.023343447595834732],"[0, 0, 1, 0]"
17.9650461674,,816,,1583006322,817611932,"""Soft Sip""",[0.03420161083340645],"[0, 0, 1, 0]"
17.9706177711,,817,,1583006322,822576045,"""Soft Sip""",[0.04505977779626846],"[0, 0, 1, 0]"
17.9770569801,,818,,1583006322,828681945,"""Soft Sip""",[0.05591794103384018],"[0, 0, 1, 0]"
17.9835560322,,819,,1583006322,835031986,"""Soft Sip""",[0.06674397736787796],"[0, 0, 1, 0]"
17.9893898964,,820,,1583006322,841306924,"""Soft Sip""",[0.07760214805603027],"[0, 0, 1, 0]"
17.9950294495,,821,,1583006322,847383975,"""Soft Sip""",[0.08846031129360199],"[0, 0, 1, 0]"
18.0028653145,,822,,1583006322,854657888,"""Soft Sip""",[0.0993184745311737],"[0, 0, 1, 0]"
18.0202469826,,823,,1583006322,872771024,"""Soft Sip""",[0.11017663776874542],"[0, 0, 1, 0]"
18.0410387516,,824,,1583006322,892746925,"""Soft Sip""",[0.12103480100631714],"[0, 0, 1, 0]"
18.0503206253,,825,,1583006322,902741909,"""Soft Sip""",[0.13186083734035492],"[0, 0, 1, 0]"
18.0656723976,,826,,1583006322,916728019,"""Soft Sip""",[0.14271900057792664],"[0, 0, 1, 0]"
18.0712134838,,827,,1583006322,923722028,"""Soft Sip""",[0.15357716381549835],"[0, 0, 1, 0]"
18.0813388824,,828,,1583006322,932679891,"""Soft Sip""",[0.16443534195423126],"[0, 0, 1, 0]"
18.0864033699,,829,,1583006322,939522027,"""Soft Sip""",[0.17529350519180298],"[0, 0, 1, 0]"
18.0917840004,,830,,1583006322,944637060,"""Soft Sip""",[0.18611954152584076],"[0, 0, 1, 0]"
18.1005856991,,831,,1583006322,952655076,"""Soft Sip""",[0.19697770476341248],"[0, 0, 1, 0]"
18.1096246243,,832,,1583006322,960652112,"""Soft Sip""",[0.2078358680009842],"[0, 0, 1, 0]"
18.1213064194,,833,,1583006322,972688913,"""Soft Sip""",[0.2186940312385559],"[0, 0, 1, 0]"
18.1279828548,,834,,1583006322,980670928,"""Soft Sip""",[0.22955219447612762],"[0, 0, 1, 0]"
18.1359248161,,835,,1583006322,988620996,"""Soft Sip""",[0.2403782308101654],"[0, 0, 1, 0]"
18.146446228,,836,,1583006322,996737957,"""Soft Sip""",[0.2512364089488983],"[0, 0, 1, 0]"
18.1586279869,,837,,1583006323,10694980,"""Soft Sip""",[0.26209455728530884],"[0, 0, 1, 0]"
18.186375618,,838,,1583006323,38748979,"""Soft Sip""",[0.2512364089488983],"[0, 0, 1, 0]"
18.2042210102,,839,,1583006323,54713964,"""Soft Sip""",[0.2403782308101654],"[0, 0, 1, 0]"
18.2143015862,,840,,1583006323,66704988,"""Soft Sip""",[0.22955219447612762],"[0, 0, 1, 0]"
18.2571456432,,841,,1583006323,108781099,"""Soft Sip""",[0.2403782308101654],"[0, 0, 1, 0]"
18.2655799389,,842,,1583006323,118719100,"""Soft Sip""",[0.22955219447612762],"[0, 0, 1, 0]"
18.2711598873,,843,,1583006323,123625040,"""Soft Sip""",[0.2403782308101654],"[0, 0, 1, 0]"
18.2833998203,,844,,1583006323,134697914,"""Soft Sip""",[0.22955219447612762],"[0, 0, 1, 0]"
18.3289079666,,845,,1583006323,180836915,"""Soft Sip""",[0.2403782308101654],"[0, 0, 1, 0]"
18.3407928944,,846,,1583006323,192682027,"""Soft Sip""",[0.2512364089488983],"[0, 0, 1, 0]"
18.3462302685,,847,,1583006323,198858976,"""Soft Sip""",[0.26209455728530884],"[0, 0, 1, 0]"
18.3508930206,,848,,1583006323,204291105,"""Soft Sip""",[0.27295273542404175],"[0, 0, 1, 0]"
18.355486393,,849,,1583006323,208961963,"""Soft Sip""",[0.28381088376045227],"[0, 0, 1, 0]"
18.3621323109,,850,,1583006323,214665889,"""Soft Sip""",[0.2946690618991852],"[0, 0, 1, 0]"
18.3759407997,,851,,1583006323,232714891,"""Soft-Hard Sip Deadband""",[0.30549511313438416],"[0, 0, 0, 0]"
18.3882830143,,852,,1583006323,240839958,"""Soft Sip""",[0.2946690618991852],"[0, 0, 1, 0]"
18.3968350887,,853,,1583006323,248631000,"""Soft Sip""",[0.28381088376045227],"[0, 0, 1, 0]"
18.4070336819,,854,,1583006323,258692026,"""Soft Sip""",[0.27295273542404175],"[0, 0, 1, 0]"
18.4116973877,,855,,1583006323,265062093,"""Soft Sip""",[0.28381088376045227],"[0, 0, 1, 0]"
18.4389512539,,856,,1583006323,288780927,"""Soft Sip""",[0.27295273542404175],"[0, 0, 1, 0]"
18.4905891418,,857,,1583006323,342762947,"""Soft Sip""",[0.26209455728530884],"[0, 0, 1, 0]"
18.502150774,,858,,1583006323,352650880,"""Soft Sip""",[0.2512364089488983],"[0, 0, 1, 0]"
18.5413546562,,859,,1583006323,392729997,"""Soft Sip""",[0.26209455728530884],"[0, 0, 1, 0]"
18.5470776558,,860,,1583006323,399466037,"""Soft Sip""",[0.2512364089488983],"[0, 0, 1, 0]"
18.5526099205,,861,,1583006323,405127048,"""Soft Sip""",[0.26209455728530884],"[0, 0, 1, 0]"
18.5611321926,,862,,1583006323,412739038,"""Soft Sip""",[0.27295273542404175],"[0, 0, 1, 0]"
18.5889291763,,863,,1583006323,440771102,"""Soft Sip""",[0.28381088376045227],"[0, 0, 1, 0]"
18.6004014015,,864,,1583006323,452719926,"""Soft Sip""",[0.2946690618991852],"[0, 0, 1, 0]"
18.614477396,,865,,1583006323,470841884,"""Soft-Hard Sip Deadband""",[0.30549511313438416],"[0, 0, 0, 0]"
18.6222240925,,866,,1583006323,478769063,"""Soft-Hard Sip Deadband""",[0.3163532614707947],"[0, 0, 0, 0]"
18.63169837,,867,,1583006323,488751888,"""Soft-Hard Sip Deadband""",[0.3272114396095276],"[0, 0, 0, 0]"
18.6438436508,,868,,1583006323,500716924,"""Soft-Hard Sip Deadband""",[0.3163532614707947],"[0, 0, 0, 0]"
18.6475644112,,869,,1583006323,504653930,"""Soft-Hard Sip Deadband""",[0.3272114396095276],"[0, 0, 0, 0]"
18.649428606,,870,,1583006323,506599903,"""Soft-Hard Sip Deadband""",[0.3163532614707947],"[0, 0, 0, 0]"
18.6698820591,,871,,1583006323,526724100,"""Soft-Hard Sip Deadband""",[0.30549511313438416],"[0, 0, 0, 0]"
18.6881763935,,872,,1583006323,540688037,"""Soft Sip""",[0.2946690618991852],"[0, 0, 1, 0]"
18.705675602,,873,,1583006323,556720018,"""Soft Sip""",[0.28381088376045227],"[0, 0, 1, 0]"
18.724691391,,874,,1583006323,576713085,"""Soft Sip""",[0.27295273542404175],"[0, 0, 1, 0]"
18.7293214798,,875,,1583006323,582751989,"""Soft Sip""",[0.28381088376045227],"[0, 0, 1, 0]"
18.735137701,,876,,1583006323,587363004,"""Soft Sip""",[0.27295273542404175],"[0, 0, 1, 0]"
18.7443339825,,877,,1583006323,596736907,"""Soft Sip""",[0.28381088376045227],"[0, 0, 1, 0]"
18.7665705681,,878,,1583006323,618709087,"""Soft Sip""",[0.2946690618991852],"[0, 0, 1, 0]"
18.7822973728,,879,,1583006323,638828992,"""Soft-Hard Sip Deadband""",[0.30549511313438416],"[0, 0, 0, 0]"
18.7916059494,,880,,1583006323,642674922,"""Soft Sip""",[0.2946690618991852],"[0, 0, 1, 0]"
18.792434454,,881,,1583006323,649614095,"""Soft-Hard Sip Deadband""",[0.30549511313438416],"[0, 0, 0, 0]"
18.8121447563,,882,,1583006323,668785095,"""Soft-Hard Sip Deadband""",[0.3163532614707947],"[0, 0, 0, 0]"
18.8160557747,,883,,1583006323,672656059,"""Soft-Hard Sip Deadband""",[0.30549511313438416],"[0, 0, 0, 0]"
18.8174653053,,884,,1583006323,674607038,"""Soft-Hard Sip Deadband""",[0.3163532614707947],"[0, 0, 0, 0]"
18.8240768909,,885,,1583006323,680763006,"""Soft-Hard Sip Deadband""",[0.30549511313438416],"[0, 0, 0, 0]"
18.8470346928,,886,,1583006323,698728084,"""Soft Sip""",[0.2946690618991852],"[0, 0, 1, 0]"
18.8628275394,,887,,1583006323,714759111,"""Soft Sip""",[0.28381088376045227],"[0, 0, 1, 0]"
18.8690090179,,888,,1583006323,720948934,"""Soft Sip""",[0.2946690618991852],"[0, 0, 1, 0]"
18.8745613098,,889,,1583006323,727102994,"""Soft Sip""",[0.28381088376045227],"[0, 0, 1, 0]"
18.8948833942,,890,,1583006323,746720075,"""Soft Sip""",[0.27295273542404175],"[0, 0, 1, 0]"
18.899336338,,891,,1583006323,752932071,"""Soft Sip""",[0.26209455728530884],"[0, 0, 1, 0]"
18.9136395454,,892,,1583006323,764724969,"""Soft Sip""",[0.2512364089488983],"[0, 0, 1, 0]"
18.9234917164,,893,,1583006323,776624917,"""Soft Sip""",[0.2403782308101654],"[0, 0, 1, 0]"
18.9349606037,,894,,1583006323,786717891,"""Soft Sip""",[0.22955219447612762],"[0, 0, 1, 0]"
18.944560051,,895,,1583006323,794673919,"""Soft Sip""",[0.2186940312385559],"[0, 0, 1, 0]"
18.9649617672,,896,,1583006323,816724061,"""Soft Sip""",[0.22955219447612762],"[0, 0, 1, 0]"
18.973205328,,897,,1583006323,824691057,"""Soft Sip""",[0.2403782308101654],"[0, 0, 1, 0]"
18.9841153622,,898,,1583006323,836667060,"""Soft Sip""",[0.2512364089488983],"[0, 0, 1, 0]"
18.9978644848,,899,,1583006323,850703001,"""Soft Sip""",[0.26209455728530884],"[0, 0, 1, 0]"
19.0801072121,,900,,1583006323,930840969,"""Soft Sip""",[0.2512364089488983],"[0, 0, 1, 0]"
19.0916793346,,901,,1583006323,942701101,"""Soft Sip""",[0.2403782308101654],"[0, 0, 1, 0]"
19.11617589,,902,,1583006323,966834068,"""Soft Sip""",[0.22955219447612762],"[0, 0, 1, 0]"
19.1371376514,,903,,1583006323,988662958,"""Soft Sip""",[0.2186940312385559],"[0, 0, 1, 0]"
19.1442084312,,904,,1583006323,995233058,"""Soft Sip""",[0.22955219447612762],"[0, 0, 1, 0]"
19.1570031643,,905,,1583006324,8711099,"""Soft Sip""",[0.2403782308101654],"[0, 0, 1, 0]"
19.1664845943,,906,,1583006324,18666982,"""Soft Sip""",[0.2512364089488983],"[0, 0, 1, 0]"
19.1806840897,,907,,1583006324,28708934,"""Soft Sip""",[0.26209455728530884],"[0, 0, 1, 0]"
19.1882939339,,908,,1583006324,40669918,"""Soft Sip""",[0.27295273542404175],"[0, 0, 1, 0]"
19.1942596436,,909,,1583006324,46334981,"""Soft Sip""",[0.26209455728530884],"[0, 0, 1, 0]"
19.1993308067,,910,,1583006324,52340984,"""Soft Sip""",[0.27295273542404175],"[0, 0, 1, 0]"
19.2052760124,,911,,1583006324,57395935,"""Soft Sip""",[0.28381088376045227],"[0, 0, 1, 0]"
19.212444067,,912,,1583006324,63369035,"""Soft Sip""",[0.2946690618991852],"[0, 0, 1, 0]"
19.2197828293,,913,,1583006324,76678991,"""Soft-Hard Sip Deadband""",[0.30549511313438416],"[0, 0, 0, 0]"
19.2240900993,,914,,1583006324,80693006,"""Soft-Hard Sip Deadband""",[0.3163532614707947],"[0, 0, 0, 0]"
19.2317347527,,915,,1583006324,88723897,"""Soft-Hard Sip Deadband""",[0.3272114396095276],"[0, 0, 0, 0]"
19.2441525459,,916,,1583006324,100765943,"""Soft-Hard Sip Deadband""",[0.3380695879459381],"[0, 0, 0, 0]"
19.2619793415,,917,,1583006324,118832111,"""Soft-Hard Sip Deadband""",[0.3272114396095276],"[0, 0, 0, 0]"
19.3139281273,,918,,1583006324,170742034,"""Soft-Hard Sip Deadband""",[0.3163532614707947],"[0, 0, 0, 0]"
19.3155105114,,919,,1583006324,172629117,"""Soft-Hard Sip Deadband""",[0.3272114396095276],"[0, 0, 0, 0]"
19.3174490929,,920,,1583006324,174617052,"""Soft-Hard Sip Deadband""",[0.3163532614707947],"[0, 0, 0, 0]"
19.3215522766,,921,,1583006324,178627967,"""Soft-Hard Sip Deadband""",[0.3272114396095276],"[0, 0, 0, 0]"
19.4778859615,,922,,1583006324,334754943,"""Soft-Hard Sip Deadband""",[0.3380695879459381],"[0, 0, 0, 0]"
19.4815747738,,923,,1583006324,338624954,"""Soft-Hard Sip Deadband""",[0.3272114396095276],"[0, 0, 0, 0]"
19.4917390347,,924,,1583006324,348687887,"""Soft-Hard Sip Deadband""",[0.3380695879459381],"[0, 0, 0, 0]"
19.4955704212,,925,,1583006324,352624893,"""Soft-Hard Sip Deadband""",[0.3272114396095276],"[0, 0, 0, 0]"
19.4974687099,,926,,1583006324,354610919,"""Soft-Hard Sip Deadband""",[0.3380695879459381],"[0, 0, 0, 0]"
19.5037426949,,927,,1583006324,360682964,"""Soft-Hard Sip Deadband""",[0.3272114396095276],"[0, 0, 0, 0]"
19.5138556957,,928,,1583006324,370719909,"""Soft-Hard Sip Deadband""",[0.3380695879459381],"[0, 0, 0, 0]"
19.5480475426,,929,,1583006324,404707908,"""Soft-Hard Sip Deadband""",[0.348927766084671],"[0, 0, 0, 0]"
19.5560381413,,930,,1583006324,412710905,"""Soft-Hard Sip Deadband""",[0.3597537875175476],"[0, 0, 0, 0]"
19.5638511181,,931,,1583006324,420706987,"""Soft-Hard Sip Deadband""",[0.3706119656562805],"[0, 0, 0, 0]"
19.5736865997,,932,,1583006324,430706977,"""Soft-Hard Sip Deadband""",[0.38147011399269104],"[0, 0, 0, 0]"
19.6039092541,,933,,1583006324,460719108,"""Soft-Hard Sip Deadband""",[0.39232829213142395],"[0, 0, 0, 0]"
19.6118466854,,934,,1583006324,468740940,"""Soft-Hard Sip Deadband""",[0.4031864404678345],"[0, 0, 0, 0]"
19.6177642345,,935,,1583006324,474687099,"""Soft-Hard Sip Deadband""",[0.4140446186065674],"[0, 0, 0, 0]"
19.6221625805,,936,,1583006324,478677034,"""Soft-Hard Sip Deadband""",[0.42487066984176636],"[0, 0, 0, 0]"
19.6255123615,,937,,1583006324,482655048,"""Soft-Hard Sip Deadband""",[0.4357288181781769],"[0, 0, 0, 0]"
19.6274440289,,938,,1583006324,484632015,"""Soft-Hard Sip Deadband""",[0.4465869963169098],"[0, 0, 0, 0]"
19.6335570812,,939,,1583006324,490638017,"""Soft-Hard Sip Deadband""",[0.4574451446533203],"[0, 0, 0, 0]"
19.6354773045,,940,,1583006324,492633104,"""Soft-Hard Sip Deadband""",[0.4683033227920532],"[0, 0, 0, 0]"
19.6374549866,,941,,1583006324,494649887,"""Soft-Hard Sip Deadband""",[0.4791293442249298],"[0, 0, 0, 0]"
19.6435728073,,942,,1583006324,500627994,"""Soft-Hard Sip Deadband""",[0.4899875223636627],"[0, 0, 0, 0]"
19.6522037983,,943,,1583006324,504657983,"""Zero Band""",[0.5008456707000732],"[0, 0, 0, 0]"
19.6583776474,,944,,1583006324,510634899,"""Zero Band""",[0.5117038488388062],"[0, 0, 0, 0]"
19.6848018169,,945,,1583006324,536725997,"""Zero Band""",[0.5008456707000732],"[0, 0, 0, 0]"
19.6875424385,,946,,1583006324,544655084,"""Soft-Hard Sip Deadband""",[0.4899875223636627],"[0, 0, 0, 0]"
19.6957700253,,947,,1583006324,552706003,"""Soft-Hard Sip Deadband""",[0.4791293442249298],"[0, 0, 0, 0]"
19.6974794865,,948,,1583006324,554649114,"""Soft-Hard Sip Deadband""",[0.4683033227920532],"[0, 0, 0, 0]"
19.7035629749,,949,,1583006324,560661077,"""Soft-Hard Sip Deadband""",[0.4574451446533203],"[0, 0, 0, 0]"
19.7079329491,,950,,1583006324,564735889,"""Soft-Hard Sip Deadband""",[0.4465869963169098],"[0, 0, 0, 0]"
19.7138528824,,951,,1583006324,570715904,"""Soft-Hard Sip Deadband""",[0.4357288181781769],"[0, 0, 0, 0]"
19.7198140621,,952,,1583006324,576720952,"""Soft-Hard Sip Deadband""",[0.42487066984176636],"[0, 0, 0, 0]"
19.7238368988,,953,,1583006324,580710887,"""Soft-Hard Sip Deadband""",[0.4140446186065674],"[0, 0, 0, 0]"
19.7316634655,,954,,1583006324,588712930,"""Soft-Hard Sip Deadband""",[0.4031864404678345],"[0, 0, 0, 0]"
19.7376716137,,955,,1583006324,594659090,"""Soft-Hard Sip Deadband""",[0.39232829213142395],"[0, 0, 0, 0]"
19.7556128502,,956,,1583006324,612684011,"""Soft-Hard Sip Deadband""",[0.38147011399269104],"[0, 0, 0, 0]"
19.759898901,,957,,1583006324,616672039,"""Soft-Hard Sip Deadband""",[0.39232829213142395],"[0, 0, 0, 0]"
19.7720394135,,958,,1583006324,628762006,"""Soft-Hard Sip Deadband""",[0.4031864404678345],"[0, 0, 0, 0]"
19.7815978527,,959,,1583006324,638691902,"""Soft-Hard Sip Deadband""",[0.4140446186065674],"[0, 0, 0, 0]"
19.7917513847,,960,,1583006324,648725032,"""Soft-Hard Sip Deadband""",[0.42487066984176636],"[0, 0, 0, 0]"
19.8178286552,,961,,1583006324,674743890,"""Soft-Hard Sip Deadband""",[0.4357288181781769],"[0, 0, 0, 0]"
19.8238046169,,962,,1583006324,680687904,"""Soft-Hard Sip Deadband""",[0.4465869963169098],"[0, 0, 0, 0]"
19.8255352974,,963,,1583006324,682667016,"""Soft-Hard Sip Deadband""",[0.4574451446533203],"[0, 0, 0, 0]"
19.8315560818,,964,,1583006324,688682079,"""Soft-Hard Sip Deadband""",[0.4683033227920532],"[0, 0, 0, 0]"
19.8334321976,,965,,1583006324,690637111,"""Soft-Hard Sip Deadband""",[0.4791293442249298],"[0, 0, 0, 0]"
19.8355207443,,966,,1583006324,692625999,"""Soft-Hard Sip Deadband""",[0.4899875223636627],"[0, 0, 0, 0]"
19.8477931023,,967,,1583006324,698687076,"""Zero Band""",[0.5008456707000732],"[0, 0, 0, 0]"
19.8546392918,,968,,1583006324,706660032,"""Zero Band""",[0.5117038488388062],"[0, 0, 0, 0]"
19.877478838,,969,,1583006324,728658914,"""Zero Band""",[0.5008456707000732],"[0, 0, 0, 0]"
19.8785846233,,970,,1583006324,735516071,"""Soft-Hard Sip Deadband""",[0.4899875223636627],"[0, 0, 0, 0]"
19.8837487698,,971,,1583006324,740684986,"""Soft-Hard Sip Deadband""",[0.4791293442249298],"[0, 0, 0, 0]"
19.8879342079,,972,,1583006324,744669914,"""Soft-Hard Sip Deadband""",[0.4683033227920532],"[0, 0, 0, 0]"
19.8914208412,,973,,1583006324,748611927,"""Soft-Hard Sip Deadband""",[0.4574451446533203],"[0, 0, 0, 0]"
19.8954117298,,974,,1583006324,752623081,"""Soft-Hard Sip Deadband""",[0.4465869963169098],"[0, 0, 0, 0]"
19.8973023891,,975,,1583006324,754590988,"""Soft-Hard Sip Deadband""",[0.4357288181781769],"[0, 0, 0, 0]"
19.9035518169,,976,,1583006324,760695934,"""Soft-Hard Sip Deadband""",[0.42487066984176636],"[0, 0, 0, 0]"
19.9056904316,,977,,1583006324,762665987,"""Soft-Hard Sip Deadband""",[0.4140446186065674],"[0, 0, 0, 0]"
19.9118442535,,978,,1583006324,768783092,"""Soft-Hard Sip Deadband""",[0.4031864404678345],"[0, 0, 0, 0]"
19.9134612083,,979,,1583006324,770642042,"""Soft-Hard Sip Deadband""",[0.39232829213142395],"[0, 0, 0, 0]"
19.9175782204,,980,,1583006324,774662017,"""Soft-Hard Sip Deadband""",[0.38147011399269104],"[0, 0, 0, 0]"
19.9197051525,,981,,1583006324,776673078,"""Soft-Hard Sip Deadband""",[0.3706119656562805],"[0, 0, 0, 0]"
19.921918869,,982,,1583006324,778629064,"""Soft-Hard Sip Deadband""",[0.3597537875175476],"[0, 0, 0, 0]"
19.9238693714,,983,,1583006324,780698060,"""Soft-Hard Sip Deadband""",[0.348927766084671],"[0, 0, 0, 0]"
19.9278078079,,984,,1583006324,784661054,"""Soft-Hard Sip Deadband""",[0.3380695879459381],"[0, 0, 0, 0]"
19.9296793938,,985,,1583006324,786623954,"""Soft-Hard Sip Deadband""",[0.3272114396095276],"[0, 0, 0, 0]"
19.9315359592,,986,,1583006324,788611888,"""Soft-Hard Sip Deadband""",[0.30549511313438416],"[0, 0, 0, 0]"
19.9407260418,,987,,1583006324,792645931,"""Soft Sip""",[0.2946690618991852],"[0, 0, 1, 0]"
19.9464256763,,988,,1583006324,798773050,"""Soft Sip""",[0.28381088376045227],"[0, 0, 1, 0]"
19.9532256126,,989,,1583006324,804476976,"""Soft Sip""",[0.26209455728530884],"[0, 0, 1, 0]"
19.9593853951,,990,,1583006324,811347007,"""Soft Sip""",[0.2512364089488983],"[0, 0, 1, 0]"
19.9669675827,,991,,1583006324,817358016,"""Soft Sip""",[0.22955219447612762],"[0, 0, 1, 0]"
19.9723641872,,992,,1583006324,824660062,"""Soft Sip""",[0.2078358680009842],"[0, 0, 1, 0]"
19.9776661396,,993,,1583006324,830339908,"""Soft Sip""",[0.18611954152584076],"[0, 0, 1, 0]"
19.9830057621,,994,,1583006324,835649013,"""Soft Sip""",[0.17529350519180298],"[0, 0, 1, 0]"
19.9903173447,,995,,1583006324,841156959,"""Soft Sip""",[0.15357716381549835],"[0, 0, 1, 0]"
19.9984874725,,996,,1583006324,847918987,"""Soft Sip""",[0.13186083734035492],"[0, 0, 1, 0]"
20.0037837029,,997,,1583006324,856349945,"""Soft Sip""",[0.11017663776874542],"[0, 0, 1, 0]"
20.0092768669,,998,,1583006324,861754894,"""Soft Sip""",[0.08846031129360199],"[0, 0, 1, 0]"
20.0150744915,,999,,1583006324,867284059,"""Soft Sip""",[0.04505977779626846],"[0, 0, 1, 0]"
20.0197682381,,1000,,1583006324,873174905,"""Soft Sip""",[0.03420161083340645],"[0, 0, 1, 0]"
20.0253903866,,1001,,1583006324,877744913,"""Soft Sip""",[0.012485282495617867],"[0, 0, 1, 0]"
20.0263080597,,1002,,1583006324,883388996,"""Zero Band""",[-0.0],"[0, 0, 0, 0]"
20.0271756649,,1003,,1583006324,884296894,"""Zero Band""",[-0.0],"[0, 0, 0, 0]"
20.0282154083,,1004,,1583006324,885170936,"""Zero Band""",[-0.0],"[0, 0, 0, 0]"
20.0288016796,,1005,,1583006324,885998010,"""Zero Band""",[-0.0],"[0, 0, 0, 0]"
20.0297362804,,1006,,1583006324,886888027,"""Zero Band""",[-0.0],"[0, 0, 0, 0]"
20.0299189091,,1007,,1583006324,886888027,"""input stopped""",[-0.0],"[0, 0, 0, 0]"
20.4849221706,,1008,,1583006325,341689109,"""Zero Band""",[-0.0],"[0, 0, 0, 0]"
20.4918613434,,1009,,1583006325,348669052,"""Zero Band""",[-0.0],"[0, 0, 0, 0]"
20.493442297,,1010,,1583006325,350627899,"""Zero Band""",[-0.0],"[0, 0, 0, 0]"
20.4976944923,,1011,,1583006325,354712963,"""Zero Band""",[-0.0],"[0, 0, 0, 0]"
20.5037508011,,1012,,1583006325,360682964,"""Zero Band""",[-0.0],"[0, 0, 0, 0]"
20.5079011917,,1013,,1583006325,364729881,"""Zero Band""",[0.0016592431347817183],"[0, 0, 0, 0]"
20.520263195,,1014,,1583006325,372716903,"""Soft Sip""",[0.012485282495617867],"[0, 0, 1, 0]"
20.5272660255,,1015,,1583006325,380641937,"""Soft Sip""",[0.023343447595834732],"[0, 0, 1, 0]"
20.5397646427,,1016,,1583006325,390717029,"""Soft Sip""",[0.03420161083340645],"[0, 0, 1, 0]"
20.5581362247,,1017,,1583006325,408756971,"""Soft Sip""",[0.04505977779626846],"[0, 0, 1, 0]"
20.570384264,,1018,,1583006325,420686006,"""Soft Sip""",[0.05591794103384018],"[0, 0, 1, 0]"
20.5828602314,,1019,,1583006325,434762001,"""Soft Sip""",[0.06674397736787796],"[0, 0, 1, 0]"
20.589414835,,1020,,1583006325,440948963,"""Soft Sip""",[0.07760214805603027],"[0, 0, 1, 0]"
20.5960185528,,1021,,1583006325,447519063,"""Soft Sip""",[0.08846031129360199],"[0, 0, 1, 0]"
20.6028983593,,1022,,1583006325,454648017,"""Soft Sip""",[0.0993184745311737],"[0, 0, 1, 0]"
20.6101472378,,1023,,1583006325,462660074,"""Soft Sip""",[0.11017663776874542],"[0, 0, 1, 0]"
20.6165671349,,1024,,1583006325,468653917,"""Soft Sip""",[0.12103480100631714],"[0, 0, 1, 0]"
20.6247465611,,1025,,1583006325,476810932,"""Soft Sip""",[0.13186083734035492],"[0, 0, 1, 0]"
20.6339733601,,1026,,1583006325,482825994,"""Soft Sip""",[0.14271900057792664],"[0, 0, 1, 0]"
20.6408209801,,1027,,1583006325,492069005,"""Soft Sip""",[0.15357716381549835],"[0, 0, 1, 0]"
20.6471104622,,1028,,1583006325,498872041,"""Soft Sip""",[0.16443534195423126],"[0, 0, 1, 0]"
20.6515512466,,1029,,1583006325,505183935,"""Soft Sip""",[0.17529350519180298],"[0, 0, 1, 0]"
20.6569218636,,1030,,1583006325,509530067,"""Soft Sip""",[0.18611954152584076],"[0, 0, 1, 0]"
20.6630165577,,1031,,1583006325,515013933,"""Soft Sip""",[0.19697770476341248],"[0, 0, 1, 0]"
20.6686134338,,1032,,1583006325,521083116,"""Soft Sip""",[0.2078358680009842],"[0, 0, 1, 0]"
20.6740596294,,1033,,1583006325,526681900,"""Soft Sip""",[0.2186940312385559],"[0, 0, 1, 0]"
20.6800816059,,1034,,1583006325,532155036,"""Soft Sip""",[0.22955219447612762],"[0, 0, 1, 0]"
20.684615612,,1035,,1583006325,538062095,"""Soft Sip""",[0.2403782308101654],"[0, 0, 1, 0]"
20.6896224022,,1036,,1583006325,542687892,"""Soft Sip""",[0.2512364089488983],"[0, 0, 1, 0]"
20.6953144073,,1037,,1583006325,547734975,"""Soft Sip""",[0.26209455728530884],"[0, 0, 1, 0]"
20.7081842422,,1038,,1583006325,558697938,"""Soft Sip""",[0.27295273542404175],"[0, 0, 1, 0]"
20.7149310112,,1039,,1583006325,566288948,"""Soft Sip""",[0.26209455728530884],"[0, 0, 1, 0]"
20.7302613258,,1040,,1583006325,582755088,"""Soft Sip""",[0.2512364089488983],"[0, 0, 1, 0]"
20.7440617085,,1041,,1583006325,594758033,"""Soft Sip""",[0.2403782308101654],"[0, 0, 1, 0]"
20.7536549568,,1042,,1583006325,606748104,"""Soft Sip""",[0.22955219447612762],"[0, 0, 1, 0]"
20.7620158195,,1043,,1583006325,614731073,"""Soft Sip""",[0.2186940312385559],"[0, 0, 1, 0]"
20.7696485519,,1044,,1583006325,622720956,"""Soft Sip""",[0.2078358680009842],"[0, 0, 1, 0]"
20.7853813171,,1045,,1583006325,636825084,"""Soft Sip""",[0.19697770476341248],"[0, 0, 1, 0]"
20.7962090969,,1046,,1583006325,648824930,"""Soft Sip""",[0.18611954152584076],"[0, 0, 1, 0]"
20.8010394573,,1047,,1583006325,654275894,"""Soft Sip""",[0.19697770476341248],"[0, 0, 1, 0]"
20.8077571392,,1048,,1583006325,659096956,"""Soft Sip""",[0.18611954152584076],"[0, 0, 1, 0]"
20.8151566982,,1049,,1583006325,665923118,"""Soft Sip""",[0.19697770476341248],"[0, 0, 1, 0]"
20.8216042519,,1050,,1583006325,673239946,"""Soft Sip""",[0.2078358680009842],"[0, 0, 1, 0]"
20.8406360149,,1051,,1583006325,692701101,"""Soft Sip""",[0.2186940312385559],"[0, 0, 1, 0]"
20.8489587307,,1052,,1583006325,700717926,"""Soft Sip""",[0.22955219447612762],"[0, 0, 1, 0]"
20.8797259331,,1053,,1583006325,707026004,"""Soft Sip""",[0.2403782308101654],"[0, 0, 1, 0]"
20.896838665,,1054,,1583006325,737823009,"""Soft Sip""",[0.2512364089488983],"[0, 0, 1, 0]"
20.903460741,,1055,,1583006325,754892110,"""Soft Sip""",[0.26209455728530884],"[0, 0, 1, 0]"
20.9100809097,,1056,,1583006325,761585950,"""Soft Sip""",[0.27295273542404175],"[0, 0, 1, 0]"
20.9473087788,,1057,,1583006325,798782110,"""Soft Sip""",[0.26209455728530884],"[0, 0, 1, 0]"
20.9575748444,,1058,,1583006325,808660030,"""Soft Sip""",[0.2512364089488983],"[0, 0, 1, 0]"
20.9652473927,,1059,,1583006325,816665887,"""Soft Sip""",[0.2403782308101654],"[0, 0, 1, 0]"
20.9798197746,,1060,,1583006325,832680940,"""Soft Sip""",[0.22955219447612762],"[0, 0, 1, 0]"
21.062661171,,1061,,1583006325,914743900,"""Soft Sip""",[0.2403782308101654],"[0, 0, 1, 0]"
21.0768649578,,1062,,1583006325,928659915,"""Soft Sip""",[0.2512364089488983],"[0, 0, 1, 0]"
21.109926939,,1063,,1583006325,960800886,"""Soft Sip""",[0.2403782308101654],"[0, 0, 1, 0]"
21.1177210808,,1064,,1583006325,970711946,"""Soft Sip""",[0.22955219447612762],"[0, 0, 1, 0]"
21.1303622723,,1065,,1583006325,982862949,"""Soft Sip""",[0.2186940312385559],"[0, 0, 1, 0]"
21.1443738937,,1066,,1583006325,996845006,"""Soft Sip""",[0.2078358680009842],"[0, 0, 1, 0]"
21.1818106174,,1067,,1583006326,34698009,"""Soft Sip""",[0.2186940312385559],"[0, 0, 1, 0]"
21.1898927689,,1068,,1583006326,40641069,"""Soft Sip""",[0.2078358680009842],"[0, 0, 1, 0]"
21.2065081596,,1069,,1583006326,58701992,"""Soft Sip""",[0.19697770476341248],"[0, 0, 1, 0]"
21.2171218395,,1070,,1583006326,68773984,"""Soft Sip""",[0.18611954152584076],"[0, 0, 1, 0]"
21.2331058979,,1071,,1583006326,84801912,"""Soft Sip""",[0.17529350519180298],"[0, 0, 1, 0]"
21.2528281212,,1072,,1583006326,104765892,"""Soft Sip""",[0.18611954152584076],"[0, 0, 1, 0]"
21.3069801331,,1073,,1583006326,126730918,"""Soft Sip""",[0.19697770476341248],"[0, 0, 1, 0]"
21.3123242855,,1074,,1583006326,165107965,"""Soft Sip""",[0.2078358680009842],"[0, 0, 1, 0]"
21.3191063404,,1075,,1583006326,170469045,"""Soft Sip""",[0.2186940312385559],"[0, 0, 1, 0]"
21.3249208927,,1076,,1583006326,177068948,"""Soft Sip""",[0.2078358680009842],"[0, 0, 1, 0]"
21.3299307823,,1077,,1583006326,182924985,"""Soft Sip""",[0.2186940312385559],"[0, 0, 1, 0]"
21.3353347778,,1078,,1583006326,188668966,"""Soft Sip""",[0.2078358680009842],"[0, 0, 1, 0]"
21.3580594063,,1079,,1583006326,208734035,"""Soft Sip""",[0.2186940312385559],"[0, 0, 1, 0]"
21.3880710602,,1080,,1583006326,240736007,"""Soft Sip""",[0.2078358680009842],"[0, 0, 1, 0]"
21.3939797878,,1081,,1583006326,246618032,"""Soft Sip""",[0.2186940312385559],"[0, 0, 1, 0]"
21.4001355171,,1082,,1583006326,252058029,"""Soft Sip""",[0.2078358680009842],"[0, 0, 1, 0]"
21.4085049629,,1083,,1583006326,260657072,"""Soft Sip""",[0.2186940312385559],"[0, 0, 1, 0]"
21.4222211838,,1084,,1583006326,274717092,"""Soft Sip""",[0.22955219447612762],"[0, 0, 1, 0]"
21.4349725246,,1085,,1583006326,286715030,"""Soft Sip""",[0.2403782308101654],"[0, 0, 1, 0]"
21.4582409859,,1086,,1583006326,310700893,"""Soft Sip""",[0.2512364089488983],"[0, 0, 1, 0]"
21.4636266232,,1087,,1583006326,316304922,"""Soft Sip""",[0.2403782308101654],"[0, 0, 1, 0]"
21.4689011574,,1088,,1583006326,321718931,"""Soft Sip""",[0.2512364089488983],"[0, 0, 1, 0]"
21.52520895,,1089,,1583006326,376842975,"""Soft Sip""",[0.26209455728530884],"[0, 0, 1, 0]"
21.5514817238,,1090,,1583006326,402786970,"""Soft Sip""",[0.2512364089488983],"[0, 0, 1, 0]"
21.5627748966,,1091,,1583006326,414694070,"""Soft Sip""",[0.2403782308101654],"[0, 0, 1, 0]"
21.5718309879,,1092,,1583006326,424746990,"""Soft Sip""",[0.22955219447612762],"[0, 0, 1, 0]"
21.5840966702,,1093,,1583006326,436753988,"""Soft Sip""",[0.2186940312385559],"[0, 0, 1, 0]"
21.6035296917,,1094,,1583006326,454776048,"""Soft Sip""",[0.2078358680009842],"[0, 0, 1, 0]"
21.6902627945,,1095,,1583006326,542804956,"""Soft Sip""",[0.19697770476341248],"[0, 0, 1, 0]"
21.695271492,,1096,,1583006326,548342943,"""Soft Sip""",[0.2078358680009842],"[0, 0, 1, 0]"
21.7004597187,,1097,,1583006326,553335905,"""Soft Sip""",[0.19697770476341248],"[0, 0, 1, 0]"
21.7162835598,,1098,,1583006326,568774938,"""Soft Sip""",[0.2078358680009842],"[0, 0, 1, 0]"
21.7250561714,,1099,,1583006326,576709985,"""Soft Sip""",[0.19697770476341248],"[0, 0, 1, 0]"
21.7302725315,,1100,,1583006326,583120107,"""Soft Sip""",[0.2078358680009842],"[0, 0, 1, 0]"
21.7591512203,,1101,,1583006326,610860109,"""Soft Sip""",[0.2186940312385559],"[0, 0, 1, 0]"
21.7717688084,,1102,,1583006326,622756004,"""Soft Sip""",[0.2078358680009842],"[0, 0, 1, 0]"
21.7769777775,,1103,,1583006326,629828929,"""Soft Sip""",[0.2186940312385559],"[0, 0, 1, 0]"
21.7822465897,,1104,,1583006326,635129928,"""Soft Sip""",[0.2078358680009842],"[0, 0, 1, 0]"
21.7888088226,,1105,,1583006326,640322923,"""Soft Sip""",[0.2186940312385559],"[0, 0, 1, 0]"
21.7943377495,,1106,,1583006326,646872043,"""Soft Sip""",[0.2078358680009842],"[0, 0, 1, 0]"
21.8232581615,,1107,,1583006326,674702882,"""Soft Sip""",[0.19697770476341248],"[0, 0, 1, 0]"
21.8288407326,,1108,,1583006326,681363105,"""Soft Sip""",[0.2078358680009842],"[0, 0, 1, 0]"
21.8740217686,,1109,,1583006326,724704027,"""Soft Sip""",[0.19697770476341248],"[0, 0, 1, 0]"
21.8802440166,,1110,,1583006326,731264114,"""Soft Sip""",[0.2078358680009842],"[0, 0, 1, 0]"
21.8872640133,,1111,,1583006326,738328933,"""Soft Sip""",[0.19697770476341248],"[0, 0, 1, 0]"
21.916721344,,1112,,1583006326,766803026,"""Soft Sip""",[0.2078358680009842],"[0, 0, 1, 0]"
21.9210779667,,1113,,1583006326,774751901,"""Soft Sip""",[0.19697770476341248],"[0, 0, 1, 0]"
21.9345259666,,1114,,1583006326,786724090,"""Soft Sip""",[0.2078358680009842],"[0, 0, 1, 0]"
21.9478492737,,1115,,1583006326,798808097,"""Soft Sip""",[0.19697770476341248],"[0, 0, 1, 0]"
21.9558651447,,1116,,1583006326,808643102,"""Soft Sip""",[0.2078358680009842],"[0, 0, 1, 0]"
21.9619235992,,1117,,1583006326,813926935,"""Soft Sip""",[0.19697770476341248],"[0, 0, 1, 0]"
21.9850988388,,1118,,1583006326,836710929,"""Soft Sip""",[0.18611954152584076],"[0, 0, 1, 0]"
21.9899246693,,1119,,1583006326,843132972,"""Soft Sip""",[0.19697770476341248],"[0, 0, 1, 0]"
21.9959905148,,1120,,1583006326,847996950,"""Soft Sip""",[0.18611954152584076],"[0, 0, 1, 0]"
22.0024657249,,1121,,1583006326,854073047,"""Soft Sip""",[0.19697770476341248],"[0, 0, 1, 0]"
22.0099880695,,1122,,1583006326,860522031,"""Soft Sip""",[0.18611954152584076],"[0, 0, 1, 0]"
22.0393455029,,1123,,1583006326,890801906,"""Soft Sip""",[0.19697770476341248],"[0, 0, 1, 0]"
22.0567586422,,1124,,1583006326,908740997,"""Soft Sip""",[0.2078358680009842],"[0, 0, 1, 0]"
22.0785501003,,1125,,1583006326,930799007,"""Soft Sip""",[0.2186940312385559],"[0, 0, 1, 0]"
22.1146566868,,1126,,1583006326,966814994,"""Soft Sip""",[0.2078358680009842],"[0, 0, 1, 0]"
22.1330494881,,1127,,1583006326,984810113,"""Soft Sip""",[0.19697770476341248],"[0, 0, 1, 0]"
22.1554701328,,1128,,1583006327,6722927,"""Soft Sip""",[0.18611954152584076],"[0, 0, 1, 0]"
22.1718850136,,1129,,1583006327,24713039,"""Soft Sip""",[0.17529350519180298],"[0, 0, 1, 0]"
22.2085208893,,1130,,1583006327,60755968,"""Soft Sip""",[0.16443534195423126],"[0, 0, 1, 0]"
22.2203834057,,1131,,1583006327,72788953,"""Soft Sip""",[0.15357716381549835],"[0, 0, 1, 0]"
22.2524323463,,1132,,1583006327,104779958,"""Soft Sip""",[0.14271900057792664],"[0, 0, 1, 0]"
22.2590193748,,1133,,1583006327,110517978,"""Soft Sip""",[0.15357716381549835],"[0, 0, 1, 0]"
22.2885518074,,1134,,1583006327,140723943,"""Soft Sip""",[0.16443534195423126],"[0, 0, 1, 0]"
22.3069064617,,1135,,1583006327,158752918,"""Soft Sip""",[0.17529350519180298],"[0, 0, 1, 0]"
22.3492689133,,1136,,1583006327,200683116,"""Soft Sip""",[0.18611954152584076],"[0, 0, 1, 0]"
22.3608329296,,1137,,1583006327,210735082,"""Soft Sip""",[0.17529350519180298],"[0, 0, 1, 0]"
22.3669946194,,1138,,1583006327,218899011,"""Soft Sip""",[0.18611954152584076],"[0, 0, 1, 0]"
22.3821444511,,1139,,1583006327,234726905,"""Soft Sip""",[0.19697770476341248],"[0, 0, 1, 0]"
22.3884358406,,1140,,1583006327,240248918,"""Soft Sip""",[0.18611954152584076],"[0, 0, 1, 0]"
22.4543561935,,1141,,1583006327,306792020,"""Soft Sip""",[0.19697770476341248],"[0, 0, 1, 0]"
22.4720785618,,1142,,1583006327,322721958,"""Soft Sip""",[0.2078358680009842],"[0, 0, 1, 0]"
22.4770755768,,1143,,1583006327,330189943,"""Soft Sip""",[0.19697770476341248],"[0, 0, 1, 0]"
22.4826872349,,1144,,1583006327,335195064,"""Soft Sip""",[0.2078358680009842],"[0, 0, 1, 0]"
22.4887053967,,1145,,1583006327,340759038,"""Soft Sip""",[0.19697770476341248],"[0, 0, 1, 0]"
22.4940700531,,1146,,1583006327,346791982,"""Soft Sip""",[0.2078358680009842],"[0, 0, 1, 0]"
22.5003893375,,1147,,1583006327,351970911,"""Soft Sip""",[0.19697770476341248],"[0, 0, 1, 0]"
22.50761199,,1148,,1583006327,358376026,"""Soft Sip""",[0.2078358680009842],"[0, 0, 1, 0]"
22.5140731335,,1149,,1583006327,365715980,"""Soft Sip""",[0.2186940312385559],"[0, 0, 1, 0]"
22.5200572014,,1150,,1583006327,372292041,"""Soft Sip""",[0.22955219447612762],"[0, 0, 1, 0]"
22.5259141922,,1151,,1583006327,378212928,"""Soft Sip""",[0.2403782308101654],"[0, 0, 1, 0]"
22.5378367901,,1152,,1583006327,390718936,"""Soft Sip""",[0.2512364089488983],"[0, 0, 1, 0]"
22.5507526398,,1153,,1583006327,402776956,"""Soft Sip""",[0.26209455728530884],"[0, 0, 1, 0]"
22.5710749626,,1154,,1583006327,422748088,"""Soft Sip""",[0.27295273542404175],"[0, 0, 1, 0]"
22.5809466839,,1155,,1583006327,432651996,"""Soft Sip""",[0.28381088376045227],"[0, 0, 1, 0]"
22.6028769016,,1156,,1583006327,454848051,"""Soft Sip""",[0.27295273542404175],"[0, 0, 1, 0]"
22.6188626289,,1157,,1583006327,470769882,"""Soft Sip""",[0.26209455728530884],"[0, 0, 1, 0]"
22.6303758621,,1158,,1583006327,482696056,"""Soft Sip""",[0.2512364089488983],"[0, 0, 1, 0]"
22.6512439251,,1159,,1583006327,502686977,"""Soft Sip""",[0.2403782308101654],"[0, 0, 1, 0]"
22.6617968082,,1160,,1583006327,514667987,"""Soft Sip""",[0.22955219447612762],"[0, 0, 1, 0]"
22.6860289574,,1161,,1583006327,536789894,"""Soft Sip""",[0.2186940312385559],"[0, 0, 1, 0]"
22.6907303333,,1162,,1583006327,544102907,"""Soft Sip""",[0.22955219447612762],"[0, 0, 1, 0]"
22.7006981373,,1163,,1583006327,552701950,"""Soft Sip""",[0.2186940312385559],"[0, 0, 1, 0]"
22.7059187889,,1164,,1583006327,558707952,"""Soft Sip""",[0.22955219447612762],"[0, 0, 1, 0]"
22.7124958038,,1165,,1583006327,564057111,"""Soft Sip""",[0.2186940312385559],"[0, 0, 1, 0]"
22.7439405918,,1166,,1583006327,594783067,"""Soft Sip""",[0.22955219447612762],"[0, 0, 1, 0]"
22.748814106,,1167,,1583006327,602026939,"""Soft Sip""",[0.2186940312385559],"[0, 0, 1, 0]"
22.7545506954,,1168,,1583006327,606899976,"""Soft Sip""",[0.22955219447612762],"[0, 0, 1, 0]"
22.7606976032,,1169,,1583006327,612628936,"""Soft Sip""",[0.2186940312385559],"[0, 0, 1, 0]"
22.7670414448,,1170,,1583006327,618803977,"""Soft Sip""",[0.22955219447612762],"[0, 0, 1, 0]"
22.7747635841,,1171,,1583006327,625113010,"""Soft Sip""",[0.2186940312385559],"[0, 0, 1, 0]"
22.7797064781,,1172,,1583006327,632738113,"""Soft Sip""",[0.22955219447612762],"[0, 0, 1, 0]"
22.8391814232,,1173,,1583006327,690772056,"""Soft Sip""",[0.2186940312385559],"[0, 0, 1, 0]"
22.8439695835,,1174,,1583006327,697257041,"""Soft Sip""",[0.22955219447612762],"[0, 0, 1, 0]"
22.8502383232,,1175,,1583006327,702043056,"""Soft Sip""",[0.2186940312385559],"[0, 0, 1, 0]"
22.878433466,,1176,,1583006327,728852987,"""Soft Sip""",[0.22955219447612762],"[0, 0, 1, 0]"
22.9097063541,,1177,,1583006327,760731935,"""Soft Sip""",[0.2403782308101654],"[0, 0, 1, 0]"
22.978761673,,1178,,1583006327,830734968,"""Soft Sip""",[0.22955219447612762],"[0, 0, 1, 0]"
22.984064579,,1179,,1583006327,836888074,"""Soft Sip""",[0.2403782308101654],"[0, 0, 1, 0]"
22.9899482727,,1180,,1583006327,842089891,"""Soft Sip""",[0.22955219447612762],"[0, 0, 1, 0]"
22.9960010052,,1181,,1583006327,848061084,"""Soft Sip""",[0.2403782308101654],"[0, 0, 1, 0]"
23.0644574165,,1182,,1583006327,916851043,"""Soft Sip""",[0.2512364089488983],"[0, 0, 1, 0]"
23.1197419167,,1183,,1583006327,970772027,"""Soft Sip""",[0.2403782308101654],"[0, 0, 1, 0]"
23.1270332336,,1184,,1583006327,977813005,"""Soft Sip""",[0.2512364089488983],"[0, 0, 1, 0]"
23.1333291531,,1185,,1583006327,985130071,"""Soft Sip""",[0.2403782308101654],"[0, 0, 1, 0]"
23.1383867264,,1186,,1583006327,991400003,"""Soft Sip""",[0.2512364089488983],"[0, 0, 1, 0]"
23.1450920105,,1187,,1583006327,996366977,"""Soft Sip""",[0.2403782308101654],"[0, 0, 1, 0]"
23.1498243809,,1188,,1583006328,3171920,"""Soft Sip""",[0.2512364089488983],"[0, 0, 1, 0]"
23.1633369923,,1189,,1583006328,14915943,"""Soft Sip""",[0.26209455728530884],"[0, 0, 1, 0]"
23.1691894531,,1190,,1583006328,21373987,"""Soft Sip""",[0.2512364089488983],"[0, 0, 1, 0]"
23.1754188538,,1191,,1583006328,27252912,"""Soft Sip""",[0.26209455728530884],"[0, 0, 1, 0]"
23.2203202248,,1192,,1583006328,72789907,"""Soft Sip""",[0.27295273542404175],"[0, 0, 1, 0]"
23.2268109322,,1193,,1583006328,78393936,"""Soft Sip""",[0.26209455728530884],"[0, 0, 1, 0]"
23.2380673885,,1194,,1583006328,90728044,"""Soft Sip""",[0.2512364089488983],"[0, 0, 1, 0]"
23.2615113258,,1195,,1583006328,112817049,"""Soft Sip""",[0.2403782308101654],"[0, 0, 1, 0]"
23.2973637581,,1196,,1583006328,148900032,"""Soft Sip""",[0.22955219447612762],"[0, 0, 1, 0]"
23.3026561737,,1197,,1583006328,155360937,"""Soft Sip""",[0.2403782308101654],"[0, 0, 1, 0]"
23.3168609142,,1198,,1583006328,168829917,"""Soft Sip""",[0.2512364089488983],"[0, 0, 1, 0]"
23.3505730629,,1199,,1583006328,202794075,"""Soft Sip""",[0.2403782308101654],"[0, 0, 1, 0]"
23.3573350906,,1200,,1583006328,208641052,"""Soft Sip""",[0.2512364089488983],"[0, 0, 1, 0]"
23.3824129105,,1201,,1583006328,234798908,"""Soft Sip""",[0.2403782308101654],"[0, 0, 1, 0]"
23.3877453804,,1202,,1583006328,240489959,"""Soft Sip""",[0.2512364089488983],"[0, 0, 1, 0]"
23.4179170132,,1203,,1583006328,268877029,"""Soft Sip""",[0.26209455728530884],"[0, 0, 1, 0]"
23.4562938213,,1204,,1583006328,308777093,"""Soft Sip""",[0.27295273542404175],"[0, 0, 1, 0]"
23.4786067009,,1205,,1583006328,330724954,"""Soft Sip""",[0.28381088376045227],"[0, 0, 1, 0]"
23.498185873,,1206,,1583006328,350724935,"""Soft Sip""",[0.2946690618991852],"[0, 0, 1, 0]"
23.5118927956,,1207,,1583006328,368730068,"""Soft-Hard Sip Deadband""",[0.30549511313438416],"[0, 0, 0, 0]"
23.5302579403,,1208,,1583006328,386858940,"""Soft-Hard Sip Deadband""",[0.3163532614707947],"[0, 0, 0, 0]"
23.5759575367,,1209,,1583006328,432801008,"""Soft-Hard Sip Deadband""",[0.3272114396095276],"[0, 0, 0, 0]"
23.5941154957,,1210,,1583006328,450779914,"""Soft-Hard Sip Deadband""",[0.3380695879459381],"[0, 0, 0, 0]"
23.6058757305,,1211,,1583006328,462754964,"""Soft-Hard Sip Deadband""",[0.348927766084671],"[0, 0, 0, 0]"
23.6158254147,,1212,,1583006328,472743034,"""Soft-Hard Sip Deadband""",[0.3597537875175476],"[0, 0, 0, 0]"
23.6217031479,,1213,,1583006328,478663921,"""Soft-Hard Sip Deadband""",[0.3706119656562805],"[0, 0, 0, 0]"
23.629655838,,1214,,1583006328,486711978,"""Soft-Hard Sip Deadband""",[0.38147011399269104],"[0, 0, 0, 0]"
23.6335635185,,1215,,1583006328,490667104,"""Soft-Hard Sip Deadband""",[0.39232829213142395],"[0, 0, 0, 0]"
23.6396632195,,1216,,1583006328,496673107,"""Soft-Hard Sip Deadband""",[0.4031864404678345],"[0, 0, 0, 0]"
23.6459062099,,1217,,1583006328,502729892,"""Soft-Hard Sip Deadband""",[0.4140446186065674],"[0, 0, 0, 0]"
23.6558046341,,1218,,1583006328,512744903,"""Soft-Hard Sip Deadband""",[0.42487066984176636],"[0, 0, 0, 0]"
23.6762444973,,1219,,1583006328,532836914,"""Soft-Hard Sip Deadband""",[0.4140446186065674],"[0, 0, 0, 0]"
23.6836776733,,1220,,1583006328,540667057,"""Soft-Hard Sip Deadband""",[0.4031864404678345],"[0, 0, 0, 0]"
23.6921315193,,1221,,1583006328,548736095,"""Soft-Hard Sip Deadband""",[0.39232829213142395],"[0, 0, 0, 0]"
23.7015218735,,1222,,1583006328,558682918,"""Soft-Hard Sip Deadband""",[0.38147011399269104],"[0, 0, 0, 0]"
23.7076535225,,1223,,1583006328,564666986,"""Soft-Hard Sip Deadband""",[0.3706119656562805],"[0, 0, 0, 0]"
23.7157578468,,1224,,1583006328,572700977,"""Soft-Hard Sip Deadband""",[0.3597537875175476],"[0, 0, 0, 0]"
23.725641489,,1225,,1583006328,582736015,"""Soft-Hard Sip Deadband""",[0.348927766084671],"[0, 0, 0, 0]"
23.7398822308,,1226,,1583006328,596750020,"""Soft-Hard Sip Deadband""",[0.3380695879459381],"[0, 0, 0, 0]"
23.7981829643,,1227,,1583006328,654865026,"""Soft-Hard Sip Deadband""",[0.348927766084671],"[0, 0, 0, 0]"
23.8439695835,,1228,,1583006328,700730085,"""Soft-Hard Sip Deadband""",[0.3380695879459381],"[0, 0, 0, 0]"
23.8661241531,,1229,,1583006328,722790002,"""Soft-Hard Sip Deadband""",[0.348927766084671],"[0, 0, 0, 0]"
23.8737442493,,1230,,1583006328,730701923,"""Soft-Hard Sip Deadband""",[0.3597537875175476],"[0, 0, 0, 0]"
23.8754680157,,1231,,1583006328,732642889,"""Soft-Hard Sip Deadband""",[0.3706119656562805],"[0, 0, 0, 0]"
23.8815760612,,1232,,1583006328,738687038,"""Soft-Hard Sip Deadband""",[0.39232829213142395],"[0, 0, 0, 0]"
23.8876457214,,1233,,1583006328,744704961,"""Soft-Hard Sip Deadband""",[0.4140446186065674],"[0, 0, 0, 0]"
23.8894665241,,1234,,1583006328,746668100,"""Soft-Hard Sip Deadband""",[0.42487066984176636],"[0, 0, 0, 0]"
23.8917372227,,1235,,1583006328,748653888,"""Soft-Hard Sip Deadband""",[0.4357288181781769],"[0, 0, 0, 0]"
23.895673275,,1236,,1583006328,752674102,"""Soft-Hard Sip Deadband""",[0.4465869963169098],"[0, 0, 0, 0]"
23.8975901604,,1237,,1583006328,754657983,"""Soft-Hard Sip Deadband""",[0.4683033227920532],"[0, 0, 0, 0]"
23.8995063305,,1238,,1583006328,756659984,"""Soft-Hard Sip Deadband""",[0.4791293442249298],"[0, 0, 0, 0]"
23.9033904076,,1239,,1583006328,760659933,"""Soft-Hard Sip Deadband""",[0.4899875223636627],"[0, 0, 0, 0]"
23.9103155136,,1240,,1583006328,762609004,"""Zero Band""",[0.5008456707000732],"[0, 0, 0, 0]"
23.9170722961,,1241,,1583006328,768419027,"""Zero Band""",[0.5117038488388062],"[0, 0, 0, 0]"
23.9291703701,,1242,,1583006328,780770063,"""Zero Band""",[0.5008456707000732],"[0, 0, 0, 0]"
23.9300329685,,1243,,1583006328,787221908,"""Soft-Hard Sip Deadband""",[0.4791293442249298],"[0, 0, 0, 0]"
23.9334578514,,1244,,1583006328,790668964,"""Soft-Hard Sip Deadband""",[0.4574451446533203],"[0, 0, 0, 0]"
23.9355847836,,1245,,1583006328,792638063,"""Soft-Hard Sip Deadband""",[0.4465869963169098],"[0, 0, 0, 0]"
23.940495491,,1246,,1583006328,796776056,"""Soft-Hard Sip Deadband""",[0.42487066984176636],"[0, 0, 0, 0]"
23.9414992332,,1247,,1583006328,798669099,"""Soft-Hard Sip Deadband""",[0.4140446186065674],"[0, 0, 0, 0]"
23.9436457157,,1248,,1583006328,800666093,"""Soft-Hard Sip Deadband""",[0.4031864404678345],"[0, 0, 0, 0]"
23.9474375248,,1249,,1583006328,804665088,"""Soft-Hard Sip Deadband""",[0.39232829213142395],"[0, 0, 0, 0]"
23.9513976574,,1250,,1583006328,808640956,"""Soft-Hard Sip Deadband""",[0.38147011399269104],"[0, 0, 0, 0]"
23.9601798058,,1251,,1583006328,816842079,"""Soft-Hard Sip Deadband""",[0.39232829213142395],"[0, 0, 0, 0]"
23.9676704407,,1252,,1583006328,824698925,"""Soft-Hard Sip Deadband""",[0.4031864404678345],"[0, 0, 0, 0]"
23.9877951145,,1253,,1583006328,844698905,"""Soft-Hard Sip Deadband""",[0.39232829213142395],"[0, 0, 0, 0]"
23.9956829548,,1254,,1583006328,852709054,"""Soft-Hard Sip Deadband""",[0.38147011399269104],"[0, 0, 0, 0]"
24.0016200542,,1255,,1583006328,858695030,"""Soft-Hard Sip Deadband""",[0.3706119656562805],"[0, 0, 0, 0]"
24.003428936,,1256,,1583006328,860620975,"""Soft-Hard Sip Deadband""",[0.3597537875175476],"[0, 0, 0, 0]"
24.0216093063,,1257,,1583006328,878729104,"""Soft-Hard Sip Deadband""",[0.3706119656562805],"[0, 0, 0, 0]"
24.0279233456,,1258,,1583006328,884778022,"""Soft-Hard Sip Deadband""",[0.38147011399269104],"[0, 0, 0, 0]"
24.0336611271,,1259,,1583006328,890650987,"""Soft-Hard Sip Deadband""",[0.39232829213142395],"[0, 0, 0, 0]"
24.0354192257,,1260,,1583006328,892627954,"""Soft-Hard Sip Deadband""",[0.4140446186065674],"[0, 0, 0, 0]"
24.0374336243,,1261,,1583006328,894633054,"""Soft-Hard Sip Deadband""",[0.42487066984176636],"[0, 0, 0, 0]"
24.0394098759,,1262,,1583006328,896626949,"""Soft-Hard Sip Deadband""",[0.4357288181781769],"[0, 0, 0, 0]"
24.0438423157,,1263,,1583006328,900639057,"""Soft-Hard Sip Deadband""",[0.4574451446533203],"[0, 0, 0, 0]"
24.0453395844,,1264,,1583006328,902622938,"""Soft-Hard Sip Deadband""",[0.4791293442249298],"[0, 0, 0, 0]"
24.0473070145,,1265,,1583006328,904609918,"""Soft-Hard Sip Deadband""",[0.4899875223636627],"[0, 0, 0, 0]"
24.0560717583,,1266,,1583006328,908612012,"""Zero Band""",[0.5117038488388062],"[0, 0, 0, 0]"
24.0617415905,,1267,,1583006328,914105892,"""Zero Band""",[0.533388078212738],"[0, 0, 0, 0]"
24.0669727325,,1268,,1583006328,919796943,"""Zero Band""",[0.5551043748855591],"[0, 0, 0, 0]"
24.0718617439,,1269,,1583006328,925033092,"""Zero Band""",[0.5768207311630249],"[0, 0, 0, 0]"
24.0777497292,,1270,,1583006328,929876089,"""Zero Band""",[0.598504900932312],"[0, 0, 0, 0]"
24.0826239586,,1271,,1583006328,935827970,"""Zero Band""",[0.6202212572097778],"[0, 0, 0, 0]"
24.0891802311,,1272,,1583006328,940623044,"""Zero Band""",[0.6419375538825989],"[0, 0, 0, 0]"
24.0954730511,,1273,,1583006328,947263956,"""Zero Band""",[0.6527636051177979],"[0, 0, 0, 0]"
24.10105896,,1274,,1583006328,953476905,"""Zero Band""",[0.6744799613952637],"[0, 0, 0, 0]"
24.1055743694,,1275,,1583006328,959052085,"""Zero Band""",[0.6961962580680847],"[0, 0, 0, 0]"
24.1114454269,,1276,,1583006328,963547945,"""Zero Band""",[0.7070544362068176],"[0, 0, 0, 0]"
24.1186034679,,1277,,1583006328,969552993,"""Zero Band""",[0.7178804874420166],"[0, 0, 0, 0]"
24.1251811981,,1278,,1583006328,976573944,"""Zero Band""",[0.7395967841148376],"[0, 0, 0, 0]"
24.1302490234,,1279,,1583006328,983154058,"""Zero Band""",[0.7504549622535706],"[0, 0, 0, 0]"
24.136316061,,1280,,1583006328,988229990,"""Zero Band""",[0.7721391916275024],"[0, 0, 0, 0]"
24.1412959099,,1281,,1583006328,994280099,"""Zero Band""",[0.7829973101615906],"[0, 0, 0, 0]"
24.1469094753,,1282,,1583006328,999397039,"""Zero Band""",[0.7938554883003235],"[0, 0, 0, 0]"
24.1533076763,,1283,,1583006329,4951953,"""Zero Band""",[0.8047136664390564],"[0, 0, 0, 0]"
24.1585831642,,1284,,1583006329,11286020,"""Zero Band""",[0.8155718445777893],"[0, 0, 0, 0]"
24.1643633842,,1285,,1583006329,16578912,"""Zero Band""",[0.8263978958129883],"[0, 0, 0, 0]"
24.1693732738,,1286,,1583006329,22367000,"""Zero Band""",[0.8372560143470764],"[0, 0, 0, 0]"
24.1745314598,,1287,,1583006329,27349948,"""Zero Band""",[0.8481141924858093],"[0, 0, 0, 0]"
24.1816523075,,1288,,1583006329,32655000,"""Zero Band""",[0.8372560143470764],"[0, 0, 0, 0]"
24.1884896755,,1289,,1583006329,39602994,"""Zero Band""",[0.8263978958129883],"[0, 0, 0, 0]"
24.1942279339,,1290,,1583006329,46448945,"""Zero Band""",[0.8155718445777893],"[0, 0, 0, 0]"
24.1991667747,,1291,,1583006329,52113056,"""Zero Band""",[0.8047136664390564],"[0, 0, 0, 0]"
24.2049381733,,1292,,1583006329,57166099,"""Zero Band""",[0.7829973101615906],"[0, 0, 0, 0]"
24.2099711895,,1293,,1583006329,62964916,"""Zero Band""",[0.7613131403923035],"[0, 0, 0, 0]"
24.216386795,,1294,,1583006329,67946910,"""Zero Band""",[0.7504549622535706],"[0, 0, 0, 0]"
24.2236361504,,1295,,1583006329,74410915,"""Zero Band""",[0.7287386655807495],"[0, 0, 0, 0]"
24.2290730476,,1296,,1583006329,81617116,"""Zero Band""",[0.7070544362068176],"[0, 0, 0, 0]"
24.2365026474,,1297,,1583006329,87311029,"""Zero Band""",[0.6853380799293518],"[0, 0, 0, 0]"
24.2417571545,,1298,,1583006329,94479084,"""Zero Band""",[0.6636217832565308],"[0, 0, 0, 0]"
24.2480094433,,1299,,1583006329,99731922,"""Zero Band""",[0.6419375538825989],"[0, 0, 0, 0]"
24.2549114227,,1300,,1583006329,105978012,"""Zero Band""",[0.6310794353485107],"[0, 0, 0, 0]"
24.2598896027,,1301,,1583006329,112885951,"""Zero Band""",[0.6202212572097778],"[0, 0, 0, 0]"
24.2663989067,,1302,,1583006329,117880105,"""Zero Band""",[0.6093630790710449],"[0, 0, 0, 0]"
24.2722535133,,1303,,1583006329,124373912,"""Zero Band""",[0.6202212572097778],"[0, 0, 0, 0]"
24.2770888805,,1304,,1583006329,129995107,"""Zero Band""",[0.6310794353485107],"[0, 0, 0, 0]"
24.2818670273,,1305,,1583006329,135067939,"""Zero Band""",[0.6419375538825989],"[0, 0, 0, 0]"
24.2883794308,,1306,,1583006329,139894008,"""Zero Band""",[0.6527636051177979],"[0, 0, 0, 0]"
24.2940247059,,1307,,1583006329,146364927,"""Zero Band""",[0.6636217832565308],"[0, 0, 0, 0]"
24.2988653183,,1308,,1583006329,152004003,"""Zero Band""",[0.6744799613952637],"[0, 0, 0, 0]"
24.3048377037,,1309,,1583006329,156856060,"""Zero Band""",[0.6853380799293518],"[0, 0, 0, 0]"
24.3119671345,,1310,,1583006329,162811040,"""Zero Band""",[0.6961962580680847],"[0, 0, 0, 0]"
24.3176922798,,1311,,1583006329,169945001,"""Zero Band""",[0.7070544362068176],"[0, 0, 0, 0]"
24.3237309456,,1312,,1583006329,175685882,"""Zero Band""",[0.6961962580680847],"[0, 0, 0, 0]"
24.3292853832,,1313,,1583006329,181709051,"""Zero Band""",[0.6853380799293518],"[0, 0, 0, 0]"
24.3344249725,,1314,,1583006329,187259912,"""Zero Band""",[0.6744799613952637],"[0, 0, 0, 0]"
24.3401944637,,1315,,1583006329,192404985,"""Zero Band""",[0.6636217832565308],"[0, 0, 0, 0]"
24.3455545902,,1316,,1583006329,198160886,"""Zero Band""",[0.6419375538825989],"[0, 0, 0, 0]"
24.3506913185,,1317,,1583006329,203527927,"""Zero Band""",[0.6202212572097778],"[0, 0, 0, 0]"
24.3567230701,,1318,,1583006329,208957910,"""Zero Band""",[0.6093630790710449],"[0, 0, 0, 0]"
24.362924099,,1319,,1583006329,214761972,"""Zero Band""",[0.587678849697113],"[0, 0, 0, 0]"
24.3688967228,,1320,,1583006329,220931053,"""Zero Band""",[0.565962553024292],"[0, 0, 0, 0]"
24.3749973774,,1321,,1583006329,226864099,"""Zero Band""",[0.5442461967468262],"[0, 0, 0, 0]"
24.3816723824,,1322,,1583006329,232973098,"""Zero Band""",[0.5008456707000732],"[0, 0, 0, 0]"
24.3833622932,,1323,,1583006329,239630937,"""Soft-Hard Sip Deadband""",[0.4791293442249298],"[0, 0, 0, 0]"
24.3835406303,,1324,,1583006329,240583896,"""Soft-Hard Sip Deadband""",[0.4465869963169098],"[0, 0, 0, 0]"
24.3844938278,,1325,,1583006329,241513967,"""Soft-Hard Sip Deadband""",[0.42487066984176636],"[0, 0, 0, 0]"
24.38539505,,1326,,1583006329,242471933,"""Soft-Hard Sip Deadband""",[0.38147011399269104],"[0, 0, 0, 0]"
24.3861715794,,1327,,1583006329,243362903,"""Soft-Hard Sip Deadband""",[0.3597537875175476],"[0, 0, 0, 0]"
24.3872108459,,1328,,1583006329,244143962,"""Soft-Hard Sip Deadband""",[0.3380695879459381],"[0, 0, 0, 0]"
24.3878028393,,1329,,1583006329,244988918,"""Soft-Hard Sip Deadband""",[0.30549511313438416],"[0, 0, 0, 0]"
24.3925569057,,1330,,1583006329,245779991,"""Soft Sip""",[0.27295273542404175],"[0, 0, 1, 0]"
24.397449255,,1331,,1583006329,250531911,"""Soft Sip""",[0.2403782308101654],"[0, 0, 1, 0]"
24.403591156,,1332,,1583006329,255428075,"""Soft Sip""",[0.2078358680009842],"[0, 0, 1, 0]"
24.4090638161,,1333,,1583006329,261673927,"""Soft Sip""",[0.17529350519180298],"[0, 0, 1, 0]"
24.4151844978,,1334,,1583006329,267019987,"""Soft Sip""",[0.15357716381549835],"[0, 0, 1, 0]"
24.4201345444,,1335,,1583006329,273159980,"""Soft Sip""",[0.13186083734035492],"[0, 0, 1, 0]"
24.4258036613,,1336,,1583006329,278111934,"""Soft Sip""",[0.0993184745311737],"[0, 0, 1, 0]"
24.4316632748,,1337,,1583006329,283787012,"""Soft Sip""",[0.07760214805603027],"[0, 0, 1, 0]"
24.4387631416,,1338,,1583006329,289642095,"""Soft Sip""",[0.05591794103384018],"[0, 0, 1, 0]"
24.4440045357,,1339,,1583006329,296745061,"""Soft Sip""",[0.023343447595834732],"[0, 0, 1, 0]"
24.4448120594,,1340,,1583006329,302000045,"""Zero Band""",[0.0016592431347817183],"[0, 0, 0, 0]"
24.4455430508,,1341,,1583006329,302809953,"""Zero Band""",[-0.0],"[0, 0, 0, 0]"
24.4462385178,,1342,,1583006329,303514957,"""Zero Band""",[-0.0],"[0, 0, 0, 0]"
24.4468867779,,1343,,1583006329,304208993,"""Zero Band""",[-0.0],"[0, 0, 0, 0]"
24.4476323128,,1344,,1583006329,304873943,"""Zero Band""",[-0.0],"[0, 0, 0, 0]"
24.4477529526,,1345,,1583006329,304873943,"""input stopped""",[-0.0],"[0, 0, 0, 0]"
24.7027792931,,1346,,1583006329,559663057,"""Zero Band""",[-0.0],"[0, 0, 0, 0]"
24.7058300972,,1347,,1583006329,562660932,"""Zero Band""",[-0.0],"[0, 0, 0, 0]"
24.7101991177,,1348,,1583006329,566745996,"""Zero Band""",[-0.0],"[0, 0, 0, 0]"
24.7115139961,,1349,,1583006329,568681955,"""Zero Band""",[-0.0],"[0, 0, 0, 0]"
24.7135255337,,1350,,1583006329,570691108,"""Zero Band""",[0.0016592431347817183],"[0, 0, 0, 0]"
24.721583128,,1351,,1583006329,574680089,"""Soft Sip""",[0.012485282495617867],"[0, 0, 1, 0]"
24.7261879444,,1352,,1583006329,579668045,"""Soft Sip""",[0.023343447595834732],"[0, 0, 1, 0]"
24.7323439121,,1353,,1583006329,584170103,"""Soft Sip""",[0.04505977779626846],"[0, 0, 1, 0]"
24.7399799824,,1354,,1583006329,590471982,"""Soft Sip""",[0.05591794103384018],"[0, 0, 1, 0]"
24.7456719875,,1355,,1583006329,597872972,"""Soft Sip""",[0.06674397736787796],"[0, 0, 1, 0]"
24.7524454594,,1356,,1583006329,603657960,"""Soft Sip""",[0.08846031129360199],"[0, 0, 1, 0]"
24.7592010498,,1357,,1583006329,610646009,"""Soft Sip""",[0.11017663776874542],"[0, 0, 1, 0]"
24.765348196,,1358,,1583006329,617352008,"""Soft Sip""",[0.12103480100631714],"[0, 0, 1, 0]"
24.7721488476,,1359,,1583006329,623353004,"""Soft Sip""",[0.13186083734035492],"[0, 0, 1, 0]"
24.7785701752,,1360,,1583006329,630148887,"""Soft Sip""",[0.14271900057792664],"[0, 0, 1, 0]"
24.7846388817,,1361,,1583006329,636553049,"""Soft Sip""",[0.15357716381549835],"[0, 0, 1, 0]"
24.7908551693,,1362,,1583006329,642499923,"""Soft Sip""",[0.16443534195423126],"[0, 0, 1, 0]"
24.7961854935,,1363,,1583006329,648973941,"""Soft Sip""",[0.17529350519180298],"[0, 0, 1, 0]"
24.8006806374,,1364,,1583006329,654164075,"""Soft Sip""",[0.18611954152584076],"[0, 0, 1, 0]"
24.8067688942,,1365,,1583006329,658669948,"""Soft Sip""",[0.19697770476341248],"[0, 0, 1, 0]"
24.8144962788,,1366,,1583006329,664897918,"""Soft Sip""",[0.2078358680009842],"[0, 0, 1, 0]"
24.8196902275,,1367,,1583006329,672631025,"""Soft Sip""",[0.2186940312385559],"[0, 0, 1, 0]"
24.8244431019,,1368,,1583006329,677664995,"""Soft Sip""",[0.22955219447612762],"[0, 0, 1, 0]"
24.8323419094,,1369,,1583006329,682548999,"""Soft Sip""",[0.2403782308101654],"[0, 0, 1, 0]"
24.8378241062,,1370,,1583006329,690308094,"""Soft Sip""",[0.2512364089488983],"[0, 0, 1, 0]"
24.8456089497,,1371,,1583006329,695838928,"""Soft Sip""",[0.26209455728530884],"[0, 0, 1, 0]"
24.8523395061,,1372,,1583006329,703713893,"""Soft Sip""",[0.27295273542404175],"[0, 0, 1, 0]"
24.8573312759,,1373,,1583006329,710320949,"""Soft Sip""",[0.28381088376045227],"[0, 0, 1, 0]"
24.8634309769,,1374,,1583006329,715317964,"""Soft Sip""",[0.2946690618991852],"[0, 0, 1, 0]"
24.8643593788,,1375,,1583006329,721410036,"""Soft-Hard Sip Deadband""",[0.30549511313438416],"[0, 0, 0, 0]"
24.8652484417,,1376,,1583006329,722439050,"""Soft-Hard Sip Deadband""",[0.3163532614707947],"[0, 0, 0, 0]"
24.8659694195,,1377,,1583006329,723228931,"""Soft-Hard Sip Deadband""",[0.3272114396095276],"[0, 0, 0, 0]"
24.866818428,,1378,,1583006329,723969936,"""Soft-Hard Sip Deadband""",[0.3380695879459381],"[0, 0, 0, 0]"
24.8673167229,,1379,,1583006329,724584102,"""Soft-Hard Sip Deadband""",[0.348927766084671],"[0, 0, 0, 0]"
24.8680186272,,1380,,1583006329,725260972,"""Soft-Hard Sip Deadband""",[0.3597537875175476],"[0, 0, 0, 0]"
24.8687767982,,1381,,1583006329,726075887,"""Soft-Hard Sip Deadband""",[0.3706119656562805],"[0, 0, 0, 0]"
24.8694658279,,1382,,1583006329,726767063,"""Soft-Hard Sip Deadband""",[0.38147011399269104],"[0, 0, 0, 0]"
24.870295763,,1383,,1583006329,727510929,"""Soft-Hard Sip Deadband""",[0.39232829213142395],"[0, 0, 0, 0]"
24.8711242676,,1384,,1583006329,728174924,"""Soft-Hard Sip Deadband""",[0.38147011399269104],"[0, 0, 0, 0]"
24.8758864403,,1385,,1583006329,732706069,"""Soft-Hard Sip Deadband""",[0.3706119656562805],"[0, 0, 0, 0]"
24.8880255222,,1386,,1583006329,744731903,"""Soft-Hard Sip Deadband""",[0.38147011399269104],"[0, 0, 0, 0]"
24.9182906151,,1387,,1583006329,774801015,"""Soft-Hard Sip Deadband""",[0.3706119656562805],"[0, 0, 0, 0]"
24.9196732044,,1388,,1583006329,776684045,"""Soft-Hard Sip Deadband""",[0.38147011399269104],"[0, 0, 0, 0]"
24.9214370251,,1389,,1583006329,778637886,"""Soft-Hard Sip Deadband""",[0.3706119656562805],"[0, 0, 0, 0]"
24.9479391575,,1390,,1583006329,804795026,"""Soft-Hard Sip Deadband""",[0.3597537875175476],"[0, 0, 0, 0]"
24.9515240192,,1391,,1583006329,808681011,"""Soft-Hard Sip Deadband""",[0.3706119656562805],"[0, 0, 0, 0]"
24.9638564587,,1392,,1583006329,820755958,"""Soft-Hard Sip Deadband""",[0.38147011399269104],"[0, 0, 0, 0]"
24.973897934,,1393,,1583006329,830723047,"""Soft-Hard Sip Deadband""",[0.39232829213142395],"[0, 0, 0, 0]"
24.9797399044,,1394,,1583006329,836735010,"""Soft-Hard Sip Deadband""",[0.4031864404678345],"[0, 0, 0, 0]"
24.9855709076,,1395,,1583006329,842643022,"""Soft-Hard Sip Deadband""",[0.4140446186065674],"[0, 0, 0, 0]"
24.9876496792,,1396,,1583006329,844703912,"""Soft-Hard Sip Deadband""",[0.42487066984176636],"[0, 0, 0, 0]"
24.9917318821,,1397,,1583006329,848696947,"""Soft-Hard Sip Deadband""",[0.4357288181781769],"[0, 0, 0, 0]"
24.9955830574,,1398,,1583006329,852682113,"""Soft-Hard Sip Deadband""",[0.4465869963169098],"[0, 0, 0, 0]"
24.9975876808,,1399,,1583006329,854651927,"""Soft-Hard Sip Deadband""",[0.4574451446533203],"[0, 0, 0, 0]"
24.9995541573,,1400,,1583006329,856656074,"""Soft-Hard Sip Deadband""",[0.4683033227920532],"[0, 0, 0, 0]"
25.0057003498,,1401,,1583006329,862683057,"""Soft-Hard Sip Deadband""",[0.4791293442249298],"[0, 0, 0, 0]"
25.0115375519,,1402,,1583006329,868674993,"""Soft-Hard Sip Deadband""",[0.4899875223636627],"[0, 0, 0, 0]"
25.0320036411,,1403,,1583006329,888811111,"""Soft-Hard Sip Deadband""",[0.4791293442249298],"[0, 0, 0, 0]"
25.0479807854,,1404,,1583006329,904777050,"""Soft-Hard Sip Deadband""",[0.4683033227920532],"[0, 0, 0, 0]"
25.0557217598,,1405,,1583006329,912679910,"""Soft-Hard Sip Deadband""",[0.4574451446533203],"[0, 0, 0, 0]"
25.067789793,,1406,,1583006329,924710988,"""Soft-Hard Sip Deadband""",[0.4465869963169098],"[0, 0, 0, 0]"
25.0762448311,,1407,,1583006329,932782888,"""Soft-Hard Sip Deadband""",[0.4574451446533203],"[0, 0, 0, 0]"
25.0898547173,,1408,,1583006329,946723937,"""Soft-Hard Sip Deadband""",[0.4683033227920532],"[0, 0, 0, 0]"
25.0978507996,,1409,,1583006329,954734086,"""Soft-Hard Sip Deadband""",[0.4791293442249298],"[0, 0, 0, 0]"
25.103511095,,1410,,1583006329,960665941,"""Soft-Hard Sip Deadband""",[0.4899875223636627],"[0, 0, 0, 0]"
25.1138627529,,1411,,1583006329,966700077,"""Zero Band""",[0.5008456707000732],"[0, 0, 0, 0]"
25.119669199,,1412,,1583006329,972620010,"""Zero Band""",[0.5117038488388062],"[0, 0, 0, 0]"
25.1256048679,,1413,,1583006329,977730035,"""Zero Band""",[0.5225620269775391],"[0, 0, 0, 0]"
25.1311914921,,1414,,1583006329,983691930,"""Zero Band""",[0.533388078212738],"[0, 0, 0, 0]"
25.1365668774,,1415,,1583006329,989245891,"""Zero Band""",[0.5442461967468262],"[0, 0, 0, 0]"
25.1435694695,,1416,,1583006329,994538068,"""Zero Band""",[0.5551043748855591],"[0, 0, 0, 0]"
25.1501436234,,1417,,1583006330,1735925,"""Zero Band""",[0.565962553024292],"[0, 0, 0, 0]"
25.1561989784,,1418,,1583006330,8162975,"""Zero Band""",[0.5768207311630249],"[0, 0, 0, 0]"
25.1633031368,,1419,,1583006330,14347076,"""Zero Band""",[0.587678849697113],"[0, 0, 0, 0]"
25.1681573391,,1420,,1583006330,21330118,"""Zero Band""",[0.598504900932312],"[0, 0, 0, 0]"
25.1733958721,,1421,,1583006330,26273012,"""Zero Band""",[0.6093630790710449],"[0, 0, 0, 0]"
25.1790833473,,1422,,1583006330,31379938,"""Zero Band""",[0.6202212572097778],"[0, 0, 0, 0]"
25.1852688789,,1423,,1583006330,37051916,"""Zero Band""",[0.6310794353485107],"[0, 0, 0, 0]"
25.1902184486,,1424,,1583006330,43385982,"""Zero Band""",[0.6419375538825989],"[0, 0, 0, 0]"
25.1960227489,,1425,,1583006330,48199892,"""Zero Band""",[0.6527636051177979],"[0, 0, 0, 0]"
25.2033975124,,1426,,1583006330,53997039,"""Zero Band""",[0.6636217832565308],"[0, 0, 0, 0]"
25.2102050781,,1427,,1583006330,61412096,"""Zero Band""",[0.6744799613952637],"[0, 0, 0, 0]"
25.2156965733,,1428,,1583006330,68226099,"""Zero Band""",[0.6853380799293518],"[0, 0, 0, 0]"
25.2209198475,,1429,,1583006330,73786973,"""Zero Band""",[0.6961962580680847],"[0, 0, 0, 0]"
25.2281544209,,1430,,1583006330,78950881,"""Zero Band""",[0.7070544362068176],"[0, 0, 0, 0]"
25.2335460186,,1431,,1583006330,86056947,"""Zero Band""",[0.7178804874420166],"[0, 0, 0, 0]"
25.2393698692,,1432,,1583006330,91519117,"""Zero Band""",[0.7287386655807495],"[0, 0, 0, 0]"
25.2465434074,,1433,,1583006330,97132921,"""Zero Band""",[0.7395967841148376],"[0, 0, 0, 0]"
25.251029253,,1434,,1583006330,104307889,"""Zero Band""",[0.7287386655807495],"[0, 0, 0, 0]"
25.2563214302,,1435,,1583006330,109189033,"""Zero Band""",[0.7178804874420166],"[0, 0, 0, 0]"
25.262825489,,1436,,1583006330,114330053,"""Zero Band""",[0.7070544362068176],"[0, 0, 0, 0]"
25.2675561905,,1437,,1583006330,120803117,"""Zero Band""",[0.6961962580680847],"[0, 0, 0, 0]"
25.2745771408,,1438,,1583006330,125538110,"""Zero Band""",[0.6744799613952637],"[0, 0, 0, 0]"
25.2800617218,,1439,,1583006330,132544040,"""Zero Band""",[0.6636217832565308],"[0, 0, 0, 0]"
25.2846720219,,1440,,1583006330,138094902,"""Zero Band""",[0.6419375538825989],"[0, 0, 0, 0]"
25.2908189297,,1441,,1583006330,142654895,"""Zero Band""",[0.6310794353485107],"[0, 0, 0, 0]"
25.2956221104,,1442,,1583006330,148653984,"""Zero Band""",[0.6202212572097778],"[0, 0, 0, 0]"
25.3011748791,,1443,,1583006330,153595924,"""Zero Band""",[0.598504900932312],"[0, 0, 0, 0]"
25.3090822697,,1444,,1583006330,159156084,"""Zero Band""",[0.587678849697113],"[0, 0, 0, 0]"
25.3152256012,,1445,,1583006330,167493104,"""Zero Band""",[0.5551043748855591],"[0, 0, 0, 0]"
25.3205506802,,1446,,1583006330,173235893,"""Zero Band""",[0.533388078212738],"[0, 0, 0, 0]"
25.3262453079,,1447,,1583006330,178544044,"""Zero Band""",[0.5117038488388062],"[0, 0, 0, 0]"
25.3305299282,,1448,,1583006330,184001922,"""Zero Band""",[0.5008456707000732],"[0, 0, 0, 0]"
25.3313391209,,1449,,1583006330,188498020,"""Soft-Hard Sip Deadband""",[0.4899875223636627],"[0, 0, 0, 0]"
25.3320934772,,1450,,1583006330,189299106,"""Soft-Hard Sip Deadband""",[0.4791293442249298],"[0, 0, 0, 0]"
25.332960844,,1451,,1583006330,190062046,"""Soft-Hard Sip Deadband""",[0.4683033227920532],"[0, 0, 0, 0]"
25.333823204,,1452,,1583006330,190869092,"""Soft-Hard Sip Deadband""",[0.4574451446533203],"[0, 0, 0, 0]"
25.33492136,,1453,,1583006330,191793918,"""Soft-Hard Sip Deadband""",[0.4465869963169098],"[0, 0, 0, 0]"
25.336140871,,1454,,1583006330,192895889,"""Soft-Hard Sip Deadband""",[0.4357288181781769],"[0, 0, 0, 0]"
25.3367061615,,1455,,1583006330,193831920,"""Soft-Hard Sip Deadband""",[0.42487066984176636],"[0, 0, 0, 0]"
25.337335825,,1456,,1583006330,194583892,"""Soft-Hard Sip Deadband""",[0.4140446186065674],"[0, 0, 0, 0]"
25.3380663395,,1457,,1583006330,195303916,"""Soft-Hard Sip Deadband""",[0.4031864404678345],"[0, 0, 0, 0]"
25.3387985229,,1458,,1583006330,196017980,"""Soft-Hard Sip Deadband""",[0.39232829213142395],"[0, 0, 0, 0]"
25.3395636082,,1459,,1583006330,196768999,"""Soft-Hard Sip Deadband""",[0.3706119656562805],"[0, 0, 0, 0]"
25.3403809071,,1460,,1583006330,197565078,"""Soft-Hard Sip Deadband""",[0.3597537875175476],"[0, 0, 0, 0]"
25.341136694,,1461,,1583006330,198354959,"""Soft-Hard Sip Deadband""",[0.3380695879459381],"[0, 0, 0, 0]"
25.3418736458,,1462,,1583006330,199112892,"""Soft-Hard Sip Deadband""",[0.3163532614707947],"[0, 0, 0, 0]"
25.3470742702,,1463,,1583006330,199846982,"""Soft Sip""",[0.2946690618991852],"[0, 0, 1, 0]"
25.353085041,,1464,,1583006330,205040931,"""Soft Sip""",[0.27295273542404175],"[0, 0, 1, 0]"
25.3579721451,,1465,,1583006330,211057901,"""Soft Sip""",[0.2512364089488983],"[0, 0, 1, 0]"
25.3626995087,,1466,,1583006330,215951919,"""Soft Sip""",[0.22955219447612762],"[0, 0, 1, 0]"
25.3690013885,,1467,,1583006330,220469951,"""Soft Sip""",[0.19697770476341248],"[0, 0, 1, 0]"
25.3756997585,,1468,,1583006330,227010965,"""Soft Sip""",[0.16443534195423126],"[0, 0, 1, 0]"
25.3808579445,,1469,,1583006330,233854055,"""Soft Sip""",[0.14271900057792664],"[0, 0, 1, 0]"
25.3877329826,,1470,,1583006330,238838911,"""Soft Sip""",[0.11017663776874542],"[0, 0, 1, 0]"
25.3941316605,,1471,,1583006330,245712995,"""Soft Sip""",[0.08846031129360199],"[0, 0, 1, 0]"
25.3991887569,,1472,,1583006330,252108097,"""Soft Sip""",[0.06674397736787796],"[0, 0, 1, 0]"
25.4044222832,,1473,,1583006330,257165908,"""Soft Sip""",[0.04505977779626846],"[0, 0, 1, 0]"
25.409863472,,1474,,1583006330,262435913,"""Soft Sip""",[0.012485282495617867],"[0, 0, 1, 0]"
25.4106237888,,1475,,1583006330,267843961,"""Zero Band""",[0.0016592431347817183],"[0, 0, 0, 0]"
25.4113376141,,1476,,1583006330,268599987,"""Zero Band""",[-0.0],"[0, 0, 0, 0]"
25.412011385,,1477,,1583006330,269340038,"""Zero Band""",[-0.0],"[0, 0, 0, 0]"
25.4127004147,,1478,,1583006330,269999980,"""Zero Band""",[-0.0],"[0, 0, 0, 0]"
25.4134001732,,1479,,1583006330,270689010,"""Zero Band""",[-0.0],"[0, 0, 0, 0]"
25.4134962559,,1480,,1583006330,270689010,"""input stopped""",[-0.0],"[0, 0, 0, 0]"
25.5308763981,,1481,,1583006330,387639999,"""Zero Band""",[-0.0],"[0, 0, 0, 0]"
25.5355463028,,1482,,1583006330,392646074,"""Zero Band""",[-0.0],"[0, 0, 0, 0]"
25.5393979549,,1483,,1583006330,396624088,"""Zero Band""",[-0.0],"[0, 0, 0, 0]"
25.5416073799,,1484,,1583006330,398725032,"""Zero Band""",[-0.0],"[0, 0, 0, 0]"
25.5437016487,,1485,,1583006330,400682926,"""Zero Band""",[-0.0],"[0, 0, 0, 0]"
25.5454623699,,1486,,1583006330,402677059,"""Zero Band""",[0.0016592431347817183],"[0, 0, 0, 0]"
25.5535712242,,1487,,1583006330,406656026,"""Soft Sip""",[0.012485282495617867],"[0, 0, 1, 0]"
25.5588822365,,1488,,1583006330,411607027,"""Soft Sip""",[0.023343447595834732],"[0, 0, 1, 0]"
25.5642797947,,1489,,1583006330,416920900,"""Soft Sip""",[0.03420161083340645],"[0, 0, 1, 0]"
25.5702953339,,1490,,1583006330,422355890,"""Soft Sip""",[0.04505977779626846],"[0, 0, 1, 0]"
25.5758426189,,1491,,1583006330,428281068,"""Soft Sip""",[0.05591794103384018],"[0, 0, 1, 0]"
25.5813884735,,1492,,1583006330,433907985,"""Soft Sip""",[0.06674397736787796],"[0, 0, 1, 0]"
25.586281538,,1493,,1583006330,439521074,"""Soft Sip""",[0.07760214805603027],"[0, 0, 1, 0]"
25.590975523,,1494,,1583006330,444269895,"""Soft Sip""",[0.08846031129360199],"[0, 0, 1, 0]"
25.5974669456,,1495,,1583006330,448950052,"""Soft Sip""",[0.0993184745311737],"[0, 0, 1, 0]"
25.6030800343,,1496,,1583006330,455497026,"""Soft Sip""",[0.11017663776874542],"[0, 0, 1, 0]"
25.6081118584,,1497,,1583006330,461169958,"""Soft Sip""",[0.12103480100631714],"[0, 0, 1, 0]"
25.6155731678,,1498,,1583006330,466257095,"""Soft Sip""",[0.11017663776874542],"[0, 0, 1, 0]"
25.6204595566,,1499,,1583006330,473480939,"""Soft Sip""",[0.0993184745311737],"[0, 0, 1, 0]"
25.6253476143,,1500,,1583006330,478435039,"""Soft Sip""",[0.08846031129360199],"[0, 0, 1, 0]"
25.6330053806,,1501,,1583006330,483333110,"""Soft Sip""",[0.07760214805603027],"[0, 0, 1, 0]"
25.6401634216,,1502,,1583006330,491005897,"""Soft Sip""",[0.06674397736787796],"[0, 0, 1, 0]"
25.6457202435,,1503,,1583006330,498233079,"""Soft Sip""",[0.05591794103384018],"[0, 0, 1, 0]"
25.651414156,,1504,,1583006330,503823041,"""Soft Sip""",[0.04505977779626846],"[0, 0, 1, 0]"
25.6570935249,,1505,,1583006330,509215116,"""Soft Sip""",[0.03420161083340645],"[0, 0, 1, 0]"
25.6629655361,,1506,,1583006330,515069007,"""Soft Sip""",[0.023343447595834732],"[0, 0, 1, 0]"
25.6692910194,,1507,,1583006330,520945072,"""Soft Sip""",[0.012485282495617867],"[0, 0, 1, 0]"
25.6700825691,,1508,,1583006330,527267932,"""Zero Band""",[0.0016592431347817183],"[0, 0, 0, 0]"
25.6707720757,,1509,,1583006330,528063058,"""Zero Band""",[-0.0],"[0, 0, 0, 0]"
25.6714949608,,1510,,1583006330,528773069,"""Zero Band""",[-0.0],"[0, 0, 0, 0]"
25.6722412109,,1511,,1583006330,529520034,"""Zero Band""",[-0.0],"[0, 0, 0, 0]"
25.6729831696,,1512,,1583006330,530304908,"""Zero Band""",[0.0016592431347817183],"[0, 0, 0, 0]"
25.6785111427,,1513,,1583006330,531017065,"""Soft Sip""",[0.012485282495617867],"[0, 0, 1, 0]"
25.6843948364,,1514,,1583006330,536493062,"""Soft Sip""",[0.023343447595834732],"[0, 0, 1, 0]"
25.6895189285,,1515,,1583006330,542396068,"""Soft Sip""",[0.03420161083340645],"[0, 0, 1, 0]"
25.694827795,,1516,,1583006330,547609090,"""Soft Sip""",[0.04505977779626846],"[0, 0, 1, 0]"
25.6998074055,,1517,,1583006330,552993059,"""Soft Sip""",[0.05591794103384018],"[0, 0, 1, 0]"
25.7051723003,,1518,,1583006330,557796001,"""Soft Sip""",[0.06674397736787796],"[0, 0, 1, 0]"
25.7127006054,,1519,,1583006330,563146114,"""Soft Sip""",[0.07760214805603027],"[0, 0, 1, 0]"
25.7181692123,,1520,,1583006330,570347070,"""Soft Sip""",[0.08846031129360199],"[0, 0, 1, 0]"
25.7232508659,,1521,,1583006330,576143026,"""Soft Sip""",[0.0993184745311737],"[0, 0, 1, 0]"
25.7300863266,,1522,,1583006330,581310987,"""Soft Sip""",[0.11017663776874542],"[0, 0, 1, 0]"
25.7347257137,,1523,,1583006330,588100910,"""Soft Sip""",[0.13186083734035492],"[0, 0, 1, 0]"
25.740452528,,1524,,1583006330,592700004,"""Zero Band""",[0.14271900057792664],"[0, 0, 0, 0]"
25.7471764088,,1525,,1583006330,598670959,"""Zero Band""",[0.15357716381549835],"[0, 0, 0, 0]"
25.7531442642,,1526,,1583006330,605153083,"""Zero Band""",[0.16443534195423126],"[0, 0, 0, 0]"
25.7584393024,,1527,,1583006330,611119031,"""Zero Band""",[0.17529350519180298],"[0, 0, 0, 0]"
25.7659437656,,1528,,1583006330,616451025,"""Zero Band""",[0.19697770476341248],"[0, 0, 0, 0]"
25.771422863,,1529,,1583006330,623922109,"""Zero Band""",[0.2078358680009842],"[0, 0, 0, 0]"
25.7786397934,,1530,,1583006330,629489898,"""Zero Band""",[0.2186940312385559],"[0, 0, 0, 0]"
25.7843954563,,1531,,1583006330,636645078,"""Zero Band""",[0.2403782308101654],"[0, 0, 0, 0]"
25.7894005775,,1532,,1583006330,642401933,"""Zero Band""",[0.2512364089488983],"[0, 0, 0, 0]"
25.7952027321,,1533,,1583006330,647397994,"""Zero Band""",[0.26209455728530884],"[0, 0, 0, 0]"
25.80087924,,1534,,1583006330,653179883,"""Zero Band""",[0.27295273542404175],"[0, 0, 0, 0]"
25.8061621189,,1535,,1583006330,658863067,"""Zero Band""",[0.28381088376045227],"[0, 0, 0, 0]"
25.8124096394,,1536,,1583006330,664138078,"""Zero Band""",[0.2946690618991852],"[0, 0, 0, 0]"
25.8132245541,,1537,,1583006330,670386075,"""Soft-Hard Sip Deadband""",[0.30549511313438416],"[0, 0, 0, 0]"
25.8142020702,,1538,,1583006330,671386003,"""Soft-Hard Sip Deadband""",[0.3272114396095276],"[0, 0, 0, 0]"
25.8149058819,,1539,,1583006330,672178030,"""Soft-Hard Sip Deadband""",[0.3380695879459381],"[0, 0, 0, 0]"
25.8156688213,,1540,,1583006330,672885894,"""Soft-Hard Sip Deadband""",[0.348927766084671],"[0, 0, 0, 0]"
25.8163666725,,1541,,1583006330,673659086,"""Soft-Hard Sip Deadband""",[0.3597537875175476],"[0, 0, 0, 0]"
25.8171379566,,1542,,1583006330,674369096,"""Soft-Hard Sip Deadband""",[0.348927766084671],"[0, 0, 0, 0]"
25.8181009293,,1543,,1583006330,675138950,"""Soft-Hard Sip Deadband""",[0.3380695879459381],"[0, 0, 0, 0]"
25.8186073303,,1544,,1583006330,675863027,"""Soft-Hard Sip Deadband""",[0.3272114396095276],"[0, 0, 0, 0]"
25.8193554878,,1545,,1583006330,676580905,"""Soft-Hard Sip Deadband""",[0.3163532614707947],"[0, 0, 0, 0]"
25.8201491833,,1546,,1583006330,677337884,"""Soft-Hard Sip Deadband""",[0.30549511313438416],"[0, 0, 0, 0]"
25.8264682293,,1547,,1583006330,678056001,"""Zero Band""",[0.2946690618991852],"[0, 0, 0, 0]"
25.8317415714,,1548,,1583006330,684515953,"""Zero Band""",[0.28381088376045227],"[0, 0, 0, 0]"
25.8368239403,,1549,,1583006330,689718008,"""Zero Band""",[0.27295273542404175],"[0, 0, 0, 0]"
25.8421509266,,1550,,1583006330,694953918,"""Zero Band""",[0.26209455728530884],"[0, 0, 0, 0]"
25.8481502533,,1551,,1583006330,700138092,"""Zero Band""",[0.2512364089488983],"[0, 0, 0, 0]"
25.8554832935,,1552,,1583006330,706132888,"""Zero Band""",[0.2403782308101654],"[0, 0, 0, 0]"
25.8619627953,,1553,,1583006330,713458061,"""Zero Band""",[0.22955219447612762],"[0, 0, 0, 0]"
25.8673498631,,1554,,1583006330,719943046,"""Zero Band""",[0.2186940312385559],"[0, 0, 0, 0]"
25.8733158112,,1555,,1583006330,725320100,"""Zero Band""",[0.2078358680009842],"[0, 0, 0, 0]"
25.879604578,,1556,,1583006330,731302022,"""Zero Band""",[0.2186940312385559],"[0, 0, 0, 0]"
25.8855035305,,1557,,1583006330,737915039,"""Zero Band""",[0.22955219447612762],"[0, 0, 0, 0]"
25.8917992115,,1558,,1583006330,743463039,"""Zero Band""",[0.2186940312385559],"[0, 0, 0, 0]"
25.8979556561,,1559,,1583006330,749763965,"""Zero Band""",[0.2078358680009842],"[0, 0, 0, 0]"
25.9037566185,,1560,,1583006330,755932092,"""Zero Band""",[0.19697770476341248],"[0, 0, 0, 0]"
25.910200119,,1561,,1583006330,761769056,"""Zero Band""",[0.18611954152584076],"[0, 0, 0, 0]"
25.9154727459,,1562,,1583006330,768176078,"""Zero Band""",[0.17529350519180298],"[0, 0, 0, 0]"
25.9207699299,,1563,,1583006330,773433923,"""Zero Band""",[0.16443534195423126],"[0, 0, 0, 0]"
25.9259827137,,1564,,1583006330,778753042,"""Zero Band""",[0.15357716381549835],"[0, 0, 0, 0]"
25.9317274094,,1565,,1583006330,783952951,"""Zero Band""",[0.14271900057792664],"[0, 0, 0, 0]"
25.9368281364,,1566,,1583006330,789561986,"""Zero Band""",[0.13186083734035492],"[0, 0, 0, 0]"
25.9426801205,,1567,,1583006330,794827938,"""Zero Band""",[0.12103480100631714],"[0, 0, 0, 0]"
25.9480016232,,1568,,1583006330,800683021,"""Zero Band""",[0.11017663776874542],"[0, 0, 0, 0]"
25.9531936646,,1569,,1583006330,806032896,"""Zero Band""",[0.0993184745311737],"[0, 0, 0, 0]"
25.9580421448,,1570,,1583006330,811224937,"""Zero Band""",[0.08846031129360199],"[0, 0, 0, 0]"
25.9646785259,,1571,,1583006330,816313028,"""Zero Band""",[0.07760214805603027],"[0, 0, 0, 0]"
25.9713077545,,1572,,1583006330,822654962,"""Zero Band""",[0.08846031129360199],"[0, 0, 0, 0]"
25.9763419628,,1573,,1583006330,829303979,"""Zero Band""",[0.0993184745311737],"[0, 0, 0, 0]"
25.9818255901,,1574,,1583006330,834326982,"""Zero Band""",[0.11017663776874542],"[0, 0, 0, 0]"
25.9878280163,,1575,,1583006330,839804887,"""Zero Band""",[0.12103480100631714],"[0, 0, 0, 0]"
25.9963085651,,1576,,1583006330,845943927,"""Zero Band""",[0.13186083734035492],"[0, 0, 0, 0]"
26.0026702881,,1577,,1583006330,854120016,"""Zero Band""",[0.14271900057792664],"[0, 0, 0, 0]"
26.0081031322,,1578,,1583006330,860691070,"""Zero Band""",[0.15357716381549835],"[0, 0, 0, 0]"
26.0138037205,,1579,,1583006330,866300106,"""Zero Band""",[0.16443534195423126],"[0, 0, 0, 0]"
26.0184445381,,1580,,1583006330,871687889,"""Zero Band""",[0.17529350519180298],"[0, 0, 0, 0]"
26.0242393017,,1581,,1583006330,876432895,"""Zero Band""",[0.18611954152584076],"[0, 0, 0, 0]"
26.0314412117,,1582,,1583006330,882222890,"""Zero Band""",[0.19697770476341248],"[0, 0, 0, 0]"
26.0383226871,,1583,,1583006330,889398097,"""Zero Band""",[0.2078358680009842],"[0, 0, 0, 0]"
26.0431227684,,1584,,1583006330,896086931,"""Zero Band""",[0.2186940312385559],"[0, 0, 0, 0]"
26.0483603477,,1585,,1583006330,901098966,"""Zero Band""",[0.2078358680009842],"[0, 0, 0, 0]"
26.0534582138,,1586,,1583006330,906372070,"""Zero Band""",[0.19697770476341248],"[0, 0, 0, 0]"
26.0612535477,,1587,,1583006330,911429882,"""Zero Band""",[0.18611954152584076],"[0, 0, 0, 0]"
26.0681097507,,1588,,1583006330,919243097,"""Zero Band""",[0.17529350519180298],"[0, 0, 0, 0]"
26.0731704235,,1589,,1583006330,926091909,"""Zero Band""",[0.15357716381549835],"[0, 0, 0, 0]"
26.0803978443,,1590,,1583006330,931145906,"""Zero Band""",[0.13186083734035492],"[0, 0, 0, 0]"
26.0868287086,,1591,,1583006330,938359975,"""Zero Band""",[0.12103480100631714],"[0, 0, 0, 0]"
26.0922310352,,1592,,1583006330,944782972,"""Zero Band""",[0.11017663776874542],"[0, 0, 0, 0]"
26.0999367237,,1593,,1583006330,950231075,"""Zero Band""",[0.12103480100631714],"[0, 0, 0, 0]"
26.1052727699,,1594,,1583006330,957930088,"""Zero Band""",[0.13186083734035492],"[0, 0, 0, 0]"
26.1108632088,,1595,,1583006330,963531970,"""Zero Band""",[0.14271900057792664],"[0, 0, 0, 0]"
26.1192040443,,1596,,1583006330,968839883,"""Zero Band""",[0.15357716381549835],"[0, 0, 0, 0]"
26.1250495911,,1597,,1583006330,977183103,"""Zero Band""",[0.16443534195423126],"[0, 0, 0, 0]"
26.1317059994,,1598,,1583006330,983055114,"""Zero Band""",[0.17529350519180298],"[0, 0, 0, 0]"
26.1376020908,,1599,,1583006330,989690065,"""Zero Band""",[0.19697770476341248],"[0, 0, 0, 0]"
26.1439945698,,1600,,1583006330,995588064,"""Zero Band""",[0.2186940312385559],"[0, 0, 0, 0]"
26.1503334045,,1601,,1583006331,1967906,"""Zero Band""",[0.22955219447612762],"[0, 0, 0, 0]"
26.1573195457,,1602,,1583006331,8312940,"""Zero Band""",[0.2403782308101654],"[0, 0, 0, 0]"
26.1637046337,,1603,,1583006331,15294075,"""Zero Band""",[0.2512364089488983],"[0, 0, 0, 0]"
26.1698002815,,1604,,1583006331,21689891,"""Zero Band""",[0.26209455728530884],"[0, 0, 0, 0]"
26.1742887497,,1605,,1583006331,27772903,"""Zero Band""",[0.27295273542404175],"[0, 0, 0, 0]"
26.1792221069,,1606,,1583006331,32288074,"""Zero Band""",[0.26209455728530884],"[0, 0, 0, 0]"
26.1842520237,,1607,,1583006331,37197113,"""Zero Band""",[0.2512364089488983],"[0, 0, 0, 0]"
26.1886532307,,1608,,1583006331,42218923,"""Zero Band""",[0.2403782308101654],"[0, 0, 0, 0]"
26.1949174404,,1609,,1583006331,46633005,"""Zero Band""",[0.22955219447612762],"[0, 0, 0, 0]"
26.1994149685,,1610,,1583006331,52890062,"""Zero Band""",[0.2186940312385559],"[0, 0, 0, 0]"
26.2040205002,,1611,,1583006331,57388067,"""Zero Band""",[0.19697770476341248],"[0, 0, 0, 0]"
26.2108726501,,1612,,1583006331,61999082,"""Zero Band""",[0.18611954152584076],"[0, 0, 0, 0]"
26.2163836956,,1613,,1583006331,68839073,"""Zero Band""",[0.17529350519180298],"[0, 0, 0, 0]"
26.2227005959,,1614,,1583006331,74362039,"""Zero Band""",[0.15357716381549835],"[0, 0, 0, 0]"
26.2293922901,,1615,,1583006331,80718994,"""Zero Band""",[0.13186083734035492],"[0, 0, 0, 0]"
26.2347822189,,1616,,1583006331,87368011,"""Zero Band""",[0.12103480100631714],"[0, 0, 0, 0]"
26.2392306328,,1617,,1583006331,92756032,"""Zero Band""",[0.0993184745311737],"[0, 0, 0, 0]"
26.2454686165,,1618,,1583006331,97242116,"""Zero Band""",[0.07760214805603027],"[0, 0, 0, 0]"
26.2500348091,,1619,,1583006331,103442907,"""Zero Band""",[0.05591794103384018],"[0, 0, 0, 0]"
26.2567224503,,1620,,1583006331,108006954,"""Zero Band""",[0.023343447595834732],"[0, 0, 0, 0]"
26.2581245899,,1621,,1583006331,114777088,"""Zero Band""",[0.0016592431347817183],"[0, 0, 0, 0]"
26.2595198154,,1622,,1583006331,116128921,"""Zero Band""",[-0.0],"[0, 0, 0, 0]"
26.2603437901,,1623,,1583006331,117379903,"""Zero Band""",[-0.0],"[0, 0, 0, 0]"
26.2611427307,,1624,,1583006331,118386983,"""Zero Band""",[-0.0],"[0, 0, 0, 0]"
26.2619626522,,1625,,1583006331,119138002,"""Zero Band""",[-0.0],"[0, 0, 0, 0]"
26.2620191574,,1626,,1583006331,119138002,"""input stopped""",[-0.0],"[0, 0, 0, 0]"
27.3606259823,,1627,,1583006332,217664957,"""Zero Band""",[-0.0],"[0, 0, 0, 0]"
27.3656599522,,1628,,1583006332,222696065,"""Zero Band""",[-0.0],"[0, 0, 0, 0]"
27.3675348759,,1629,,1583006332,224653005,"""Zero Band""",[-0.0],"[0, 0, 0, 0]"
27.3694121838,,1630,,1583006332,226653099,"""Zero Band""",[-0.0],"[0, 0, 0, 0]"
27.378844738,,1631,,1583006332,230701923,"""Zero Band""",[-0.012453158386051655],"[0, 0, 0, 0]"
27.384223938,,1632,,1583006332,236941099,"""Zero Band""",[-0.023311322554945946],"[0, 0, 0, 0]"
27.3889071941,,1633,,1583006332,242208957,"""Zero Band""",[-0.04502765089273453],"[0, 0, 0, 0]"
27.3958740234,,1634,,1583006332,247064113,"""Zero Band""",[-0.055885814130306244],"[0, 0, 0, 0]"
27.40052104,,1635,,1583006332,253859996,"""Zero Band""",[-0.07757002115249634],"[0, 0, 0, 0]"
27.4049985409,,1636,,1583006332,258508920,"""Zero Band""",[-0.08842818439006805],"[0, 0, 0, 0]"
27.4118554592,,1637,,1583006332,263011932,"""Zero Band""",[-0.11014451086521149],"[0, 0, 0, 0]"
27.416864872,,1638,,1583006332,269994974,"""Zero Band""",[-0.13182871043682098],"[0, 0, 0, 0]"
27.421526432,,1639,,1583006332,274846076,"""Zero Band""",[-0.1426868885755539],"[0, 0, 0, 0]"
27.4285240173,,1640,,1583006332,279520034,"""Zero Band""",[-0.16440321505069733],"[0, 0, 0, 0]"
27.4350912571,,1641,,1583006332,286569118,"""Zero Band""",[-0.18608741462230682],"[0, 0, 0, 0]"
27.4419982433,,1642,,1583006332,293068885,"""Zero Band""",[-0.20780374109745026],"[0, 0, 0, 0]"
27.4482243061,,1643,,1583006332,299988031,"""Zero Band""",[-0.21866190433502197],"[0, 0, 0, 0]"
27.4549527168,,1644,,1583006332,306281089,"""Zero Band""",[-0.24034611880779266],"[0, 0, 0, 0]"
27.4601933956,,1645,,1583006332,312911987,"""Zero Band""",[-0.2729206085205078],"[0, 0, 0, 0]"
27.4658565521,,1646,,1583006332,318156957,"""Zero Band""",[-0.29463693499565125],"[0, 0, 0, 0]"
27.466786623,,1647,,1583006332,324043989,"""Soft-Hard Puff Deadband""",[-0.31632113456726074],"[0, 0, 0, 0]"
27.4676516056,,1648,,1583006332,324752092,"""Soft-Hard Puff Deadband""",[-0.3488956391811371],"[0, 0, 0, 0]"
27.4684844017,,1649,,1583006332,325635910,"""Soft-Hard Puff Deadband""",[-0.3705798387527466],"[0, 0, 0, 0]"
27.4692428112,,1650,,1583006332,326462984,"""Soft-Hard Puff Deadband""",[-0.4031543433666229],"[0, 0, 0, 0]"
27.4700226784,,1651,,1583006332,327223062,"""Soft-Hard Puff Deadband""",[-0.4248385429382324],"[0, 0, 0, 0]"
27.4708709717,,1652,,1583006332,327995061,"""Soft-Hard Puff Deadband""",[-0.4682711958885193],"[0, 0, 0, 0]"
27.4717202187,,1653,,1583006332,328845977,"""Soft-Hard Puff Deadband""",[-0.4899553954601288],"[0, 0, 0, 0]"
27.4779059887,,1654,,1583006332,329701900,"""Hard Puff""",[-0.5225299000740051],"[1, 0, 0, 0]"
27.4836699963,,1655,,1583006332,335911035,"""Hard Puff""",[-0.5659304261207581],"[1, 0, 0, 0]"
27.4886689186,,1656,,1583006332,341655015,"""Hard Puff""",[-0.5984727740287781],"[1, 0, 0, 0]"
27.494635582,,1657,,1583006332,346677064,"""Hard Puff""",[-0.6310473084449768],"[1, 0, 0, 0]"
27.4992966652,,1658,,1583006332,352616071,"""Zero Band""",[-0.6635896563529968],"[0, 0, 0, 0]"
27.5062162876,,1659,,1583006332,357249975,"""Zero Band""",[-0.6961641311645508],"[0, 0, 0, 0]"
27.513199091,,1660,,1583006332,364166021,"""Zero Band""",[-0.7287065386772156],"[0, 0, 0, 0]"
27.5181460381,,1661,,1583006332,371284961,"""Zero Band""",[-0.7721070647239685],"[0, 0, 0, 0]"
27.5239977837,,1662,,1583006332,375994920,"""Zero Band""",[-0.8046815395355225],"[0, 0, 0, 0]"
27.529263258,,1663,,1583006332,381978034,"""Zero Band""",[-0.8263657689094543],"[0, 0, 0, 0]"
27.5350553989,,1664,,1583006332,387240886,"""Zero Band""",[-0.8589402437210083],"[0, 0, 0, 0]"
27.5411634445,,1665,,1583006332,392926931,"""Zero Band""",[-0.8914825916290283],"[0, 0, 0, 0]"
27.546207428,,1666,,1583006332,399146080,"""Zero Band""",[-0.924057126045227],"[0, 0, 0, 0]"
27.5507164001,,1667,,1583006332,404181957,"""Zero Band""",[-0.9565994739532471],"[0, 0, 0, 0]"
27.556281805,,1668,,1583006332,408679962,"""Zero Band""",[-0.9783157706260681],"[0, 0, 0, 0]"
27.5616092682,,1669,,1583006332,414307117,"""Zero Band""",[-1.0],"[0, 0, 0, 0]"
27.8046617508,,1670,,1583006332,656673908,"""Zero Band""",[-0.9783157706260681],"[0, 0, 0, 0]"
27.8101234436,,1671,,1583006332,662738084,"""Zero Band""",[-0.9349152445793152],"[0, 0, 0, 0]"
27.814440012,,1672,,1583006332,668106079,"""Zero Band""",[-0.8914825916290283],"[0, 0, 0, 0]"
27.8201646805,,1673,,1583006332,672524929,"""Zero Band""",[-0.8480820655822754],"[0, 0, 0, 0]"
27.8247549534,,1674,,1583006332,678081989,"""Zero Band""",[-0.8046815395355225],"[0, 0, 0, 0]"
27.8304276466,,1675,,1583006332,682615995,"""Zero Band""",[-0.7612810134887695],"[0, 0, 0, 0]"
27.8380234241,,1676,,1583006332,688540935,"""Zero Band""",[-0.7287065386772156],"[0, 0, 0, 0]"
27.8433001041,,1677,,1583006332,696042060,"""Zero Band""",[-0.6853059530258179],"[0, 0, 0, 0]"
27.8540921211,,1678,,1583006332,701261043,"""Zero Band""",[-0.6527314782142639],"[0, 0, 0, 0]"
27.860435009,,1679,,1583006332,712085008,"""Zero Band""",[-0.6201891303062439],"[0, 0, 0, 0]"
27.8690054417,,1680,,1583006332,718393087,"""Zero Band""",[-0.5876467227935791],"[0, 0, 0, 0]"
27.8751499653,,1681,,1583006332,726958990,"""Zero Band""",[-0.5442140698432922],"[0, 0, 0, 0]"
27.8826503754,,1682,,1583006332,733341932,"""Zero Band""",[-0.5116717219352722],"[0, 0, 0, 0]"
27.883531332,,1683,,1583006332,740648984,"""Soft-Hard Puff Deadband""",[-0.4899553954601288],"[0, 0, 0, 0]"
27.884342432,,1684,,1583006332,741506099,"""Soft-Hard Puff Deadband""",[-0.4574130177497864],"[0, 0, 0, 0]"
27.8850774765,,1685,,1583006332,742341995,"""Soft-Hard Puff Deadband""",[-0.4248385429382324],"[0, 0, 0, 0]"
27.8858070374,,1686,,1583006332,743077039,"""Soft-Hard Puff Deadband""",[-0.4031543433666229],"[0, 0, 0, 0]"
27.8867595196,,1687,,1583006332,743987083,"""Soft-Hard Puff Deadband""",[-0.3705798387527466],"[0, 0, 0, 0]"
27.8875513077,,1688,,1583006332,744740009,"""Soft-Hard Puff Deadband""",[-0.3488956391811371],"[0, 0, 0, 0]"
27.8882892132,,1689,,1583006332,745522975,"""Soft-Hard Puff Deadband""",[-0.32717931270599365],"[0, 0, 0, 0]"
27.893543005,,1690,,1583006332,746258974,"""Soft Puff""",[-0.29463693499565125],"[0, 1, 0, 0]"
27.9004378319,,1691,,1583006332,751512050,"""Soft Puff""",[-0.2729206085205078],"[0, 1, 0, 0]"
27.9080667496,,1692,,1583006332,758255004,"""Soft Puff""",[-0.2512042820453644],"[0, 1, 0, 0]"
27.9131333828,,1693,,1583006332,766028881,"""Soft Puff""",[-0.2295200675725937],"[0, 1, 0, 0]"
27.9187839031,,1694,,1583006332,771111965,"""Soft Puff""",[-0.20780374109745026],"[0, 1, 0, 0]"
27.9242169857,,1695,,1583006332,776757955,"""Soft Puff""",[-0.18608741462230682],"[0, 1, 0, 0]"
27.9304001331,,1696,,1583006332,782180070,"""Soft Puff""",[-0.16440321505069733],"[0, 1, 0, 0]"
27.9370620251,,1697,,1583006332,788436889,"""Soft Puff""",[-0.1426868885755539],"[0, 1, 0, 0]"
27.9420537949,,1698,,1583006332,795058012,"""Soft Puff""",[-0.13182871043682098],"[0, 1, 0, 0]"
27.9476027489,,1699,,1583006332,800024986,"""Soft Puff""",[-0.11014451086521149],"[0, 1, 0, 0]"
27.9557628632,,1700,,1583006332,805785894,"""Soft Puff""",[-0.09928634762763977],"[0, 1, 0, 0]"
27.960423708,,1701,,1583006332,813718080,"""Soft Puff""",[-0.07757002115249634],"[0, 1, 0, 0]"
27.965991497,,1702,,1583006332,818422079,"""Soft Puff""",[-0.055885814130306244],"[0, 1, 0, 0]"
27.9725894928,,1703,,1583006332,823990106,"""Soft Puff""",[-0.04502765089273453],"[0, 1, 0, 0]"
27.9778337479,,1704,,1583006332,830566883,"""Soft Puff""",[-0.03416948765516281],"[0, 1, 0, 0]"
27.9846127033,,1705,,1583006332,835815906,"""Soft Puff""",[-0.012453158386051655],"[0, 1, 0, 0]"
27.9854953289,,1706,,1583006332,842582941,"""Zero Band""",[-0.0016271184431388974],"[0, 0, 0, 0]"
27.9862713814,,1707,,1583006332,843472003,"""Zero Band""",[-0.0],"[0, 0, 0, 0]"
27.9870934486,,1708,,1583006332,844239950,"""Zero Band""",[-0.0],"[0, 0, 0, 0]"
27.987817049,,1709,,1583006332,845097064,"""Zero Band""",[-0.0],"[0, 0, 0, 0]"
27.9885258675,,1710,,1583006332,845812082,"""Zero Band""",[-0.0],"[0, 0, 0, 0]"
27.9891786575,,1711,,1583006332,846504926,"""Zero Band""",[-0.0],"[0, 0, 0, 0]"
27.9898986816,,1713,,1583006332,847152948,"""input stopped""",[-0.0],"[0, 0, 0, 0]"
29.386942625,,1714,,1583006334,243755102,"""Zero Band""",[-0.0],"[0, 0, 0, 0]"
29.3981745243,,1715,,1583006334,254730939,"""Zero Band""",[-0.0],"[0, 0, 0, 0]"
29.4015254974,,1716,,1583006334,258641958,"""Zero Band""",[-0.0],"[0, 0, 0, 0]"
29.4141125679,,1717,,1583006334,270884990,"""Zero Band""",[-0.0],"[0, 0, 0, 0]"
29.4175317287,,1718,,1583006334,274703979,"""Zero Band""",[-0.0],"[0, 0, 0, 0]"
29.4234623909,,1719,,1583006334,280689001,"""Zero Band""",[-0.0016271184431388974],"[0, 0, 0, 0]"
29.4487717152,,1720,,1583006334,300766944,"""Soft Puff""",[-0.012453158386051655],"[0, 1, 0, 0]"
29.456758976,,1721,,1583006334,308677911,"""Soft Puff""",[-0.023311322554945946],"[0, 1, 0, 0]"
29.4718892574,,1722,,1583006334,324822902,"""Soft Puff""",[-0.03416948765516281],"[0, 1, 0, 0]"
29.477761507,,1723,,1583006334,329960107,"""Soft Puff""",[-0.023311322554945946],"[0, 1, 0, 0]"
29.4833652973,,1724,,1583006334,335825920,"""Soft Puff""",[-0.03416948765516281],"[0, 1, 0, 0]"
29.5005171299,,1725,,1583006334,352755069,"""Soft Puff""",[-0.04502765089273453],"[0, 1, 0, 0]"
29.5271618366,,1726,,1583006334,378762006,"""Soft Puff""",[-0.055885814130306244],"[0, 1, 0, 0]"
29.5371553898,,1727,,1583006334,388670921,"""Soft Puff""",[-0.06671185791492462],"[0, 1, 0, 0]"
29.5490992069,,1728,,1583006334,400958061,"""Soft Puff""",[-0.07757002115249634],"[0, 1, 0, 0]"
29.5555653572,,1729,,1583006334,408643007,"""Soft Puff""",[-0.08842818439006805],"[0, 1, 0, 0]"
29.566316843,,1730,,1583006334,418788909,"""Soft Puff""",[-0.09928634762763977],"[0, 1, 0, 0]"
29.5748608112,,1731,,1583006334,426711082,"""Soft Puff""",[-0.11014451086521149],"[0, 1, 0, 0]"
29.5802955627,,1732,,1583006334,432879924,"""Soft Puff""",[-0.09928634762763977],"[0, 1, 0, 0]"
29.5852842331,,1733,,1583006334,438337087,"""Soft Puff""",[-0.11014451086521149],"[0, 1, 0, 0]"
29.5945703983,,1734,,1583006334,446734905,"""Soft Puff""",[-0.1210026741027832],"[0, 1, 0, 0]"
29.6079444885,,1735,,1583006334,460925102,"""Soft Puff""",[-0.13182871043682098],"[0, 1, 0, 0]"
29.6204311848,,1736,,1583006334,472754001,"""Soft Puff""",[-0.1426868885755539],"[0, 1, 0, 0]"
29.6349470615,,1737,,1583006334,486762046,"""Soft Puff""",[-0.1535450518131256],"[0, 1, 0, 0]"
29.6406209469,,1738,,1583006334,492985963,"""Soft Puff""",[-0.1426868885755539],"[0, 1, 0, 0]"
29.6465401649,,1739,,1583006334,498730897,"""Soft Puff""",[-0.1535450518131256],"[0, 1, 0, 0]"
29.6538040638,,1740,,1583006334,506714105,"""Soft Puff""",[-0.16440321505069733],"[0, 1, 0, 0]"
29.6694118977,,1741,,1583006334,520837068,"""Soft Puff""",[-0.17526137828826904],"[0, 1, 0, 0]"
29.6752221584,,1742,,1583006334,527503967,"""Soft Puff""",[-0.16440321505069733],"[0, 1, 0, 0]"
29.6805393696,,1743,,1583006334,533226013,"""Soft Puff""",[-0.17526137828826904],"[0, 1, 0, 0]"
29.6907839775,,1744,,1583006334,542670965,"""Soft Puff""",[-0.18608741462230682],"[0, 1, 0, 0]"
29.7049646378,,1745,,1583006334,556843996,"""Soft Puff""",[-0.19694557785987854],"[0, 1, 0, 0]"
29.7205762863,,1746,,1583006334,572808027,"""Soft Puff""",[-0.20780374109745026],"[0, 1, 0, 0]"
29.7266731262,,1747,,1583006334,578656911,"""Soft Puff""",[-0.19694557785987854],"[0, 1, 0, 0]"
29.7324175835,,1748,,1583006334,584732055,"""Soft Puff""",[-0.20780374109745026],"[0, 1, 0, 0]"
29.7519519329,,1749,,1583006334,602782964,"""Soft Puff""",[-0.19694557785987854],"[0, 1, 0, 0]"
29.80291605,,1750,,1583006334,654777050,"""Soft Puff""",[-0.20780374109745026],"[0, 1, 0, 0]"
29.8287830353,,1751,,1583006334,680716991,"""Soft Puff""",[-0.21866190433502197],"[0, 1, 0, 0]"
29.860360384,,1752,,1583006334,712706089,"""Soft Puff""",[-0.2295200675725937],"[0, 1, 0, 0]"
29.8807461262,,1753,,1583006334,732713937,"""Soft Puff""",[-0.24034611880779266],"[0, 1, 0, 0]"
29.8860247135,,1754,,1583006334,738890886,"""Soft Puff""",[-0.2295200675725937],"[0, 1, 0, 0]"
29.8915379047,,1755,,1583006334,744095087,"""Soft Puff""",[-0.24034611880779266],"[0, 1, 0, 0]"
29.9743278027,,1756,,1583006334,824839115,"""Soft Puff""",[-0.2295200675725937],"[0, 1, 0, 0]"
29.9920933247,,1757,,1583006334,844726085,"""Soft Puff""",[-0.21866190433502197],"[0, 1, 0, 0]"
30.0141751766,,1758,,1583006334,866748094,"""Soft Puff""",[-0.20780374109745026],"[0, 1, 0, 0]"
30.0375564098,,1759,,1583006334,888843059,"""Soft Puff""",[-0.19694557785987854],"[0, 1, 0, 0]"
30.0468890667,,1760,,1583006334,898677110,"""Soft Puff""",[-0.20780374109745026],"[0, 1, 0, 0]"
30.0796048641,,1761,,1583006334,930792093,"""Soft Puff""",[-0.21866190433502197],"[0, 1, 0, 0]"
30.0944464207,,1762,,1583006334,946743011,"""Soft Puff""",[-0.2295200675725937],"[0, 1, 0, 0]"
30.0994620323,,1763,,1583006334,952379941,"""Soft Puff""",[-0.21866190433502197],"[0, 1, 0, 0]"
30.1051766872,,1764,,1583006334,957549095,"""Soft Puff""",[-0.2295200675725937],"[0, 1, 0, 0]"
30.1108314991,,1765,,1583006334,963196992,"""Soft Puff""",[-0.24034611880779266],"[0, 1, 0, 0]"
30.1923222542,,1766,,1583006335,44780969,"""Soft Puff""",[-0.2512042820453644],"[0, 1, 0, 0]"
30.208833456,,1767,,1583006335,60772895,"""Soft Puff""",[-0.2620624303817749],"[0, 1, 0, 0]"
30.2258636951,,1768,,1583006335,76740026,"""Soft Puff""",[-0.2729206085205078],"[0, 1, 0, 0]"
30.2843027115,,1769,,1583006335,134772062,"""Soft Puff""",[-0.2620624303817749],"[0, 1, 0, 0]"
30.3011147976,,1770,,1583006335,152833938,"""Soft Puff""",[-0.2512042820453644],"[0, 1, 0, 0]"
30.3468360901,,1771,,1583006335,198714971,"""Soft Puff""",[-0.2620624303817749],"[0, 1, 0, 0]"
30.3539505005,,1772,,1583006335,204930067,"""Soft Puff""",[-0.2512042820453644],"[0, 1, 0, 0]"
30.360450983,,1773,,1583006335,212009906,"""Soft Puff""",[-0.2620624303817749],"[0, 1, 0, 0]"
30.3706912994,,1774,,1583006335,222825050,"""Soft Puff""",[-0.2729206085205078],"[0, 1, 0, 0]"
30.3759410381,,1775,,1583006335,228749990,"""Soft Puff""",[-0.2620624303817749],"[0, 1, 0, 0]"
30.407782793,,1776,,1583006335,258826017,"""Soft Puff""",[-0.2512042820453644],"[0, 1, 0, 0]"
30.4610054493,,1777,,1583006335,312722921,"""Soft Puff""",[-0.2620624303817749],"[0, 1, 0, 0]"
30.48487854,,1778,,1583006335,336788892,"""Soft Puff""",[-0.2729206085205078],"[0, 1, 0, 0]"
30.511074543,,1779,,1583006335,362770080,"""Soft Puff""",[-0.2620624303817749],"[0, 1, 0, 0]"
30.517377615,,1780,,1583006335,369080066,"""Soft Puff""",[-0.2729206085205078],"[0, 1, 0, 0]"
30.5573039055,,1781,,1583006335,408966064,"""Soft Puff""",[-0.28377875685691833],"[0, 1, 0, 0]"
30.5905854702,,1782,,1583006335,440814018,"""Soft Puff""",[-0.29463693499565125],"[0, 1, 0, 0]"
30.6026718616,,1783,,1583006335,459065914,"""Soft-Hard Puff Deadband""",[-0.3054629862308502],"[0, 0, 0, 0]"
30.6178472042,,1784,,1583006335,474771976,"""Soft-Hard Puff Deadband""",[-0.31632113456726074],"[0, 0, 0, 0]"
30.6877746582,,1785,,1583006335,544754981,"""Soft-Hard Puff Deadband""",[-0.3054629862308502],"[0, 0, 0, 0]"
30.6896166801,,1786,,1583006335,546730041,"""Soft-Hard Puff Deadband""",[-0.31632113456726074],"[0, 0, 0, 0]"
30.6936171055,,1787,,1583006335,550676107,"""Soft-Hard Puff Deadband""",[-0.3054629862308502],"[0, 0, 0, 0]"
30.7205576897,,1788,,1583006335,572823047,"""Soft Puff""",[-0.29463693499565125],"[0, 1, 0, 0]"
30.7234611511,,1789,,1583006335,580650091,"""Soft-Hard Puff Deadband""",[-0.3054629862308502],"[0, 0, 0, 0]"
30.7314941883,,1790,,1583006335,584641933,"""Soft Puff""",[-0.29463693499565125],"[0, 1, 0, 0]"
30.7326161861,,1791,,1583006335,589585065,"""Soft-Hard Puff Deadband""",[-0.3054629862308502],"[0, 0, 0, 0]"
30.7398626804,,1792,,1583006335,592741012,"""Soft Puff""",[-0.29463693499565125],"[0, 1, 0, 0]"
30.7407529354,,1793,,1583006335,597913026,"""Soft-Hard Puff Deadband""",[-0.3054629862308502],"[0, 0, 0, 0]"
30.7458498478,,1794,,1583006335,598778963,"""Soft Puff""",[-0.29463693499565125],"[0, 1, 0, 0]"
30.746966362,,1795,,1583006335,603949069,"""Soft-Hard Puff Deadband""",[-0.3054629862308502],"[0, 0, 0, 0]"
30.7532703876,,1796,,1583006335,604984998,"""Soft Puff""",[-0.29463693499565125],"[0, 1, 0, 0]"
30.7546310425,,1797,,1583006335,611326932,"""Soft-Hard Puff Deadband""",[-0.3054629862308502],"[0, 0, 0, 0]"
30.7615907192,,1798,,1583006335,612699031,"""Soft Puff""",[-0.29463693499565125],"[0, 1, 0, 0]"
30.7625300884,,1799,,1583006335,619568109,"""Soft-Hard Puff Deadband""",[-0.3054629862308502],"[0, 0, 0, 0]"
30.8200974464,,1800,,1583006335,670839071,"""Soft Puff""",[-0.29463693499565125],"[0, 1, 0, 0]"
30.8662240505,,1801,,1583006335,722786903,"""Soft-Hard Puff Deadband""",[-0.3054629862308502],"[0, 0, 0, 0]"
30.8798115253,,1802,,1583006335,736731052,"""Soft-Hard Puff Deadband""",[-0.31632113456726074],"[0, 0, 0, 0]"
30.9037322998,,1803,,1583006335,760727882,"""Soft-Hard Puff Deadband""",[-0.32717931270599365],"[0, 0, 0, 0]"
30.9321634769,,1804,,1583006335,788860082,"""Soft-Hard Puff Deadband""",[-0.3380374610424042],"[0, 0, 0, 0]"
30.9743821621,,1805,,1583006335,830841064,"""Soft-Hard Puff Deadband""",[-0.3488956391811371],"[0, 0, 0, 0]"
30.9839901924,,1806,,1583006335,840783119,"""Soft-Hard Puff Deadband""",[-0.3380374610424042],"[0, 0, 0, 0]"
30.991961956,,1807,,1583006335,848763942,"""Soft-Hard Puff Deadband""",[-0.3488956391811371],"[0, 0, 0, 0]"
31.0056040287,,1808,,1583006335,862725019,"""Soft-Hard Puff Deadband""",[-0.3380374610424042],"[0, 0, 0, 0]"
31.0074295998,,1809,,1583006335,864660978,"""Soft-Hard Puff Deadband""",[-0.3488956391811371],"[0, 0, 0, 0]"
31.0094003677,,1810,,1583006335,866643905,"""Soft-Hard Puff Deadband""",[-0.3380374610424042],"[0, 0, 0, 0]"
31.0139784813,,1811,,1583006335,870755910,"""Soft-Hard Puff Deadband""",[-0.3488956391811371],"[0, 0, 0, 0]"
31.0217590332,,1812,,1583006335,878736019,"""Soft-Hard Puff Deadband""",[-0.3380374610424042],"[0, 0, 0, 0]"
31.0234749317,,1813,,1583006335,880624055,"""Soft-Hard Puff Deadband""",[-0.3488956391811371],"[0, 0, 0, 0]"
31.0253918171,,1814,,1583006335,882630109,"""Soft-Hard Puff Deadband""",[-0.3380374610424042],"[0, 0, 0, 0]"
31.0318825245,,1815,,1583006335,888750076,"""Soft-Hard Puff Deadband""",[-0.3488956391811371],"[0, 0, 0, 0]"
31.0397624969,,1816,,1583006335,896729946,"""Soft-Hard Puff Deadband""",[-0.3380374610424042],"[0, 0, 0, 0]"
31.0414736271,,1817,,1583006335,898704051,"""Soft-Hard Puff Deadband""",[-0.3488956391811371],"[0, 0, 0, 0]"
31.0475435257,,1818,,1583006335,904680013,"""Soft-Hard Puff Deadband""",[-0.3380374610424042],"[0, 0, 0, 0]"
31.0555372238,,1819,,1583006335,912672996,"""Soft-Hard Puff Deadband""",[-0.3488956391811371],"[0, 0, 0, 0]"
31.05737257,,1820,,1583006335,914663076,"""Soft-Hard Puff Deadband""",[-0.3380374610424042],"[0, 0, 0, 0]"
31.0777328014,,1821,,1583006335,934731960,"""Soft-Hard Puff Deadband""",[-0.32717931270599365],"[0, 0, 0, 0]"
31.0996420383,,1822,,1583006335,956722974,"""Soft-Hard Puff Deadband""",[-0.31632113456726074],"[0, 0, 0, 0]"
31.1013433933,,1823,,1583006335,958627939,"""Soft-Hard Puff Deadband""",[-0.32717931270599365],"[0, 0, 0, 0]"
31.103292942,,1824,,1583006335,960622072,"""Soft-Hard Puff Deadband""",[-0.31632113456726074],"[0, 0, 0, 0]"
31.1339101791,,1825,,1583006335,990798950,"""Soft-Hard Puff Deadband""",[-0.3054629862308502],"[0, 0, 0, 0]"
31.1610646248,,1826,,1583006336,12764930,"""Soft Puff""",[-0.29463693499565125],"[0, 1, 0, 0]"
31.1773416996,,1827,,1583006336,28773069,"""Soft Puff""",[-0.28377875685691833],"[0, 1, 0, 0]"
31.1908864975,,1828,,1583006336,42805910,"""Soft Puff""",[-0.2729206085205078],"[0, 1, 0, 0]"
31.2035655975,,1829,,1583006336,54853916,"""Soft Puff""",[-0.2620624303817749],"[0, 1, 0, 0]"
31.2654180527,,1830,,1583006336,116708040,"""Soft Puff""",[-0.2729206085205078],"[0, 1, 0, 0]"
31.2760221958,,1831,,1583006336,128684043,"""Soft Puff""",[-0.28377875685691833],"[0, 1, 0, 0]"
31.2833402157,,1832,,1583006336,134203910,"""Soft Puff""",[-0.29463693499565125],"[0, 1, 0, 0]"
31.2842068672,,1833,,1583006336,141421079,"""Soft-Hard Puff Deadband""",[-0.3054629862308502],"[0, 0, 0, 0]"
31.2917244434,,1834,,1583006336,148682117,"""Soft-Hard Puff Deadband""",[-0.31632113456726074],"[0, 0, 0, 0]"
31.2935996056,,1835,,1583006336,150681018,"""Soft-Hard Puff Deadband""",[-0.32717931270599365],"[0, 0, 0, 0]"
31.299934864,,1836,,1583006336,156815052,"""Soft-Hard Puff Deadband""",[-0.3380374610424042],"[0, 0, 0, 0]"
31.3060779572,,1837,,1583006336,162729024,"""Soft-Hard Puff Deadband""",[-0.3488956391811371],"[0, 0, 0, 0]"
31.3160932064,,1838,,1583006336,172801971,"""Soft-Hard Puff Deadband""",[-0.35972166061401367],"[0, 0, 0, 0]"
31.3277490139,,1839,,1583006336,184735059,"""Soft-Hard Puff Deadband""",[-0.3705798387527466],"[0, 0, 0, 0]"
31.341609478,,1840,,1583006336,198688030,"""Soft-Hard Puff Deadband""",[-0.3814379870891571],"[0, 0, 0, 0]"
31.3579568863,,1841,,1583006336,214751958,"""Soft-Hard Puff Deadband""",[-0.39229616522789],"[0, 0, 0, 0]"
31.3639681339,,1842,,1583006336,220758914,"""Soft-Hard Puff Deadband""",[-0.4031543433666229],"[0, 0, 0, 0]"
31.3718175888,,1843,,1583006336,228758096,"""Soft-Hard Puff Deadband""",[-0.41401249170303345],"[0, 0, 0, 0]"
31.3756699562,,1844,,1583006336,232742071,"""Soft-Hard Puff Deadband""",[-0.4248385429382324],"[0, 0, 0, 0]"
31.3794674873,,1845,,1583006336,236695051,"""Soft-Hard Puff Deadband""",[-0.43569669127464294],"[0, 0, 0, 0]"
31.3857829571,,1846,,1583006336,242784976,"""Soft-Hard Puff Deadband""",[-0.44655486941337585],"[0, 0, 0, 0]"
31.396071434,,1847,,1583006336,252717971,"""Soft-Hard Puff Deadband""",[-0.4574130177497864],"[0, 0, 0, 0]"
31.4321033955,,1848,,1583006336,288800001,"""Soft-Hard Puff Deadband""",[-0.44655486941337585],"[0, 0, 0, 0]"
31.4438683987,,1849,,1583006336,300743103,"""Soft-Hard Puff Deadband""",[-0.43569669127464294],"[0, 0, 0, 0]"
31.4541287422,,1850,,1583006336,310775041,"""Soft-Hard Puff Deadband""",[-0.4248385429382324],"[0, 0, 0, 0]"
31.4762027264,,1851,,1583006336,332762956,"""Soft-Hard Puff Deadband""",[-0.41401249170303345],"[0, 0, 0, 0]"
31.4796056747,,1852,,1583006336,336714982,"""Soft-Hard Puff Deadband""",[-0.4248385429382324],"[0, 0, 0, 0]"
31.4814760685,,1853,,1583006336,338623046,"""Soft-Hard Puff Deadband""",[-0.41401249170303345],"[0, 0, 0, 0]"
31.5139183998,,1854,,1583006336,370707035,"""Soft-Hard Puff Deadband""",[-0.4248385429382324],"[0, 0, 0, 0]"
31.5238366127,,1855,,1583006336,380747079,"""Soft-Hard Puff Deadband""",[-0.43569669127464294],"[0, 0, 0, 0]"
31.5396533012,,1856,,1583006336,396723985,"""Soft-Hard Puff Deadband""",[-0.44655486941337585],"[0, 0, 0, 0]"
31.5679614544,,1857,,1583006336,424810886,"""Soft-Hard Puff Deadband""",[-0.43569669127464294],"[0, 0, 0, 0]"
31.5694699287,,1858,,1583006336,426700115,"""Soft-Hard Puff Deadband""",[-0.44655486941337585],"[0, 0, 0, 0]"
31.573581934,,1859,,1583006336,430720090,"""Soft-Hard Puff Deadband""",[-0.43569669127464294],"[0, 0, 0, 0]"
31.585640192,,1860,,1583006336,442698001,"""Soft-Hard Puff Deadband""",[-0.4248385429382324],"[0, 0, 0, 0]"
31.5957286358,,1861,,1583006336,452702045,"""Soft-Hard Puff Deadband""",[-0.41401249170303345],"[0, 0, 0, 0]"
31.6038992405,,1862,,1583006336,460767030,"""Soft-Hard Puff Deadband""",[-0.4031543433666229],"[0, 0, 0, 0]"
31.6116564274,,1863,,1583006336,468719959,"""Soft-Hard Puff Deadband""",[-0.39229616522789],"[0, 0, 0, 0]"
31.6178283691,,1864,,1583006336,474734067,"""Soft-Hard Puff Deadband""",[-0.3814379870891571],"[0, 0, 0, 0]"
31.6214988232,,1865,,1583006336,478662014,"""Soft-Hard Puff Deadband""",[-0.3705798387527466],"[0, 0, 0, 0]"
31.6275877953,,1866,,1583006336,484703063,"""Soft-Hard Puff Deadband""",[-0.35972166061401367],"[0, 0, 0, 0]"
31.6335499287,,1867,,1583006336,490688085,"""Soft-Hard Puff Deadband""",[-0.3488956391811371],"[0, 0, 0, 0]"
31.6354658604,,1868,,1583006336,492641925,"""Soft-Hard Puff Deadband""",[-0.3380374610424042],"[0, 0, 0, 0]"
31.6396272182,,1869,,1583006336,496661901,"""Soft-Hard Puff Deadband""",[-0.32717931270599365],"[0, 0, 0, 0]"
31.6435256004,,1870,,1583006336,500668048,"""Soft-Hard Puff Deadband""",[-0.31632113456726074],"[0, 0, 0, 0]"
31.6454799175,,1871,,1583006336,502664089,"""Soft-Hard Puff Deadband""",[-0.3054629862308502],"[0, 0, 0, 0]"
31.6556015015,,1872,,1583006336,508755922,"""Soft Puff""",[-0.29463693499565125],"[0, 1, 0, 0]"
31.6642563343,,1873,,1583006336,516645908,"""Soft Puff""",[-0.28377875685691833],"[0, 1, 0, 0]"
31.6705334187,,1874,,1583006336,522321939,"""Soft Puff""",[-0.2729206085205078],"[0, 1, 0, 0]"
31.696223259,,1875,,1583006336,548738002,"""Soft Puff""",[-0.28377875685691833],"[0, 1, 0, 0]"
31.708814621,,1876,,1583006336,560756921,"""Soft Puff""",[-0.29463693499565125],"[0, 1, 0, 0]"
31.7442588806,,1877,,1583006336,596750974,"""Soft Puff""",[-0.28377875685691833],"[0, 1, 0, 0]"
31.7611546516,,1878,,1583006336,612752914,"""Soft Puff""",[-0.29463693499565125],"[0, 1, 0, 0]"
31.7635941505,,1879,,1583006336,620675086,"""Soft-Hard Puff Deadband""",[-0.3054629862308502],"[0, 0, 0, 0]"
31.7679190636,,1880,,1583006336,624692916,"""Soft-Hard Puff Deadband""",[-0.31632113456726074],"[0, 0, 0, 0]"
31.7715475559,,1881,,1583006336,628701925,"""Soft-Hard Puff Deadband""",[-0.32717931270599365],"[0, 0, 0, 0]"
31.7778418064,,1882,,1583006336,634695053,"""Soft-Hard Puff Deadband""",[-0.3380374610424042],"[0, 0, 0, 0]"
31.7817187309,,1883,,1583006336,638750076,"""Soft-Hard Puff Deadband""",[-0.3488956391811371],"[0, 0, 0, 0]"
31.7898082733,,1884,,1583006336,646728992,"""Soft-Hard Puff Deadband""",[-0.35972166061401367],"[0, 0, 0, 0]"
31.7937676907,,1885,,1583006336,650731086,"""Soft-Hard Puff Deadband""",[-0.3705798387527466],"[0, 0, 0, 0]"
31.8077099323,,1886,,1583006336,664771080,"""Soft-Hard Puff Deadband""",[-0.3814379870891571],"[0, 0, 0, 0]"
31.8438706398,,1887,,1583006336,700789928,"""Soft-Hard Puff Deadband""",[-0.39229616522789],"[0, 0, 0, 0]"
31.8541433811,,1888,,1583006336,710781097,"""Soft-Hard Puff Deadband""",[-0.4031543433666229],"[0, 0, 0, 0]"
31.8595523834,,1889,,1583006336,716686964,"""Soft-Hard Puff Deadband""",[-0.41401249170303345],"[0, 0, 0, 0]"
31.8614528179,,1890,,1583006336,718641042,"""Soft-Hard Puff Deadband""",[-0.4248385429382324],"[0, 0, 0, 0]"
31.8678202629,,1891,,1583006336,724735021,"""Soft-Hard Puff Deadband""",[-0.43569669127464294],"[0, 0, 0, 0]"
31.8694884777,,1892,,1583006336,726669073,"""Soft-Hard Puff Deadband""",[-0.44655486941337585],"[0, 0, 0, 0]"
31.8776905537,,1893,,1583006336,734719991,"""Soft-Hard Puff Deadband""",[-0.4574130177497864],"[0, 0, 0, 0]"
31.879525423,,1894,,1583006336,736685991,"""Soft-Hard Puff Deadband""",[-0.4682711958885193],"[0, 0, 0, 0]"
31.8897354603,,1895,,1583006336,746690988,"""Soft-Hard Puff Deadband""",[-0.4790972173213959],"[0, 0, 0, 0]"
31.9062333107,,1896,,1583006336,762764930,"""Soft-Hard Puff Deadband""",[-0.4899553954601288],"[0, 0, 0, 0]"
31.9199523926,,1897,,1583006336,776792049,"""Soft-Hard Puff Deadband""",[-0.4790972173213959],"[0, 0, 0, 0]"
31.9236001968,,1898,,1583006336,780697107,"""Soft-Hard Puff Deadband""",[-0.4899553954601288],"[0, 0, 0, 0]"
31.9275758266,,1899,,1583006336,784720897,"""Soft-Hard Puff Deadband""",[-0.4790972173213959],"[0, 0, 0, 0]"
31.9294605255,,1900,,1583006336,786685943,"""Soft-Hard Puff Deadband""",[-0.4899553954601288],"[0, 0, 0, 0]"
31.9628682137,,1901,,1583006336,814779043,"""Zero Band""",[-0.5008135437965393],"[0, 0, 0, 0]"
31.9761791229,,1902,,1583006336,828718900,"""Zero Band""",[-0.5116717219352722],"[0, 0, 0, 0]"
31.9860253334,,1903,,1583006336,838850021,"""Zero Band""",[-0.5008135437965393],"[0, 0, 0, 0]"
31.991943121,,1904,,1583006336,844063043,"""Zero Band""",[-0.5116717219352722],"[0, 0, 0, 0]"
31.9994838238,,1905,,1583006336,850706100,"""Zero Band""",[-0.5225299000740051],"[0, 0, 0, 0]"
32.0158205032,,1906,,1583006336,866761922,"""Zero Band""",[-0.5333559513092041],"[0, 0, 0, 0]"
32.0307359695,,1907,,1583006336,880781888,"""Zero Band""",[-0.5442140698432922],"[0, 0, 0, 0]"
32.0363025665,,1908,,1583006336,888828039,"""Zero Band""",[-0.5333559513092041],"[0, 0, 0, 0]"
32.040864706,,1909,,1583006336,894386053,"""Zero Band""",[-0.5442140698432922],"[0, 0, 0, 0]"
32.0721576214,,1910,,1583006336,924824953,"""Zero Band""",[-0.5550722479820251],"[0, 0, 0, 0]"
32.0767679214,,1911,,1583006336,930207967,"""Zero Band""",[-0.5442140698432922],"[0, 0, 0, 0]"
32.0893907547,,1912,,1583006336,940759897,"""Zero Band""",[-0.5333559513092041],"[0, 0, 0, 0]"
32.0947170258,,1913,,1583006336,947489023,"""Zero Band""",[-0.5225299000740051],"[0, 0, 0, 0]"
32.1006543636,,1914,,1583006336,952723026,"""Zero Band""",[-0.5116717219352722],"[0, 0, 0, 0]"
32.1053700447,,1915,,1583006336,958705902,"""Zero Band""",[-0.5008135437965393],"[0, 0, 0, 0]"
32.1061394215,,1916,,1583006336,963372945,"""Soft-Hard Puff Deadband""",[-0.4899553954601288],"[0, 0, 0, 0]"
32.1094999313,,1917,,1583006336,966681957,"""Soft-Hard Puff Deadband""",[-0.4790972173213959],"[0, 0, 0, 0]"
32.111563921,,1918,,1583006336,968650102,"""Soft-Hard Puff Deadband""",[-0.4682711958885193],"[0, 0, 0, 0]"
32.1136248112,,1919,,1583006336,970675945,"""Soft-Hard Puff Deadband""",[-0.4574130177497864],"[0, 0, 0, 0]"
32.1157488823,,1920,,1583006336,972718954,"""Soft-Hard Puff Deadband""",[-0.44655486941337585],"[0, 0, 0, 0]"
32.120070219,,1921,,1583006336,976825952,"""Soft-Hard Puff Deadband""",[-0.43569669127464294],"[0, 0, 0, 0]"
32.1215529442,,1922,,1583006336,978658914,"""Soft-Hard Puff Deadband""",[-0.4248385429382324],"[0, 0, 0, 0]"
32.1235768795,,1923,,1583006336,980695009,"""Soft-Hard Puff Deadband""",[-0.41401249170303345],"[0, 0, 0, 0]"
32.1276733875,,1924,,1583006336,984704017,"""Soft-Hard Puff Deadband""",[-0.4031543433666229],"[0, 0, 0, 0]"
32.1296236515,,1925,,1583006336,986692905,"""Soft-Hard Puff Deadband""",[-0.39229616522789],"[0, 0, 0, 0]"
32.1319317818,,1926,,1583006336,988675117,"""Soft-Hard Puff Deadband""",[-0.3705798387527466],"[0, 0, 0, 0]"
32.1357617378,,1927,,1583006336,992728948,"""Soft-Hard Puff Deadband""",[-0.35972166061401367],"[0, 0, 0, 0]"
32.1377227306,,1928,,1583006336,994729995,"""Soft-Hard Puff Deadband""",[-0.3380374610424042],"[0, 0, 0, 0]"
32.1396899223,,1929,,1583006336,996675968,"""Soft-Hard Puff Deadband""",[-0.32717931270599365],"[0, 0, 0, 0]"
32.1416056156,,1930,,1583006336,998670101,"""Soft-Hard Puff Deadband""",[-0.3054629862308502],"[0, 0, 0, 0]"
32.1506931782,,1931,,1583006337,2681016,"""Soft Puff""",[-0.29463693499565125],"[0, 1, 0, 0]"
32.156355381,,1932,,1583006337,8775949,"""Soft Puff""",[-0.2729206085205078],"[0, 1, 0, 0]"
32.160946846,,1933,,1583006337,14408111,"""Soft Puff""",[-0.2620624303817749],"[0, 1, 0, 0]"
32.1665768623,,1934,,1583006337,18969058,"""Soft Puff""",[-0.24034611880779266],"[0, 1, 0, 0]"
32.1719088554,,1935,,1583006337,24322032,"""Soft Puff""",[-0.2295200675725937],"[0, 1, 0, 0]"
32.1770324707,,1936,,1583006337,29994010,"""Soft Puff""",[-0.20780374109745026],"[0, 1, 0, 0]"
32.1837897301,,1937,,1583006337,35021066,"""Soft Puff""",[-0.18608741462230682],"[0, 1, 0, 0]"
32.1907527447,,1938,,1583006337,41858911,"""Soft Puff""",[-0.17526137828826904],"[0, 1, 0, 0]"
32.1949913502,,1939,,1583006337,48523902,"""Soft Puff""",[-0.16440321505069733],"[0, 1, 0, 0]"
32.1995275021,,1940,,1583006337,53092956,"""Soft Puff""",[-0.1426868885755539],"[0, 1, 0, 0]"
32.2040197849,,1941,,1583006337,57504892,"""Soft Puff""",[-0.13182871043682098],"[0, 1, 0, 0]"
32.2094125748,,1942,,1583006337,62109947,"""Soft Puff""",[-0.1210026741027832],"[0, 1, 0, 0]"
32.2159664631,,1943,,1583006337,67392110,"""Soft Puff""",[-0.09928634762763977],"[0, 1, 0, 0]"
32.2210361958,,1944,,1583006337,73842048,"""Soft Puff""",[-0.08842818439006805],"[0, 1, 0, 0]"
32.2255637646,,1945,,1583006337,79005002,"""Soft Puff""",[-0.07757002115249634],"[0, 1, 0, 0]"
32.2309036255,,1946,,1583006337,83528041,"""Soft Puff""",[-0.06671185791492462],"[0, 1, 0, 0]"
32.2360062599,,1947,,1583006337,89062929,"""Soft Puff""",[-0.04502765089273453],"[0, 1, 0, 0]"
32.2423026562,,1948,,1583006337,93982934,"""Soft Puff""",[-0.03416948765516281],"[0, 1, 0, 0]"
32.2504816055,,1949,,1583006337,100178956,"""Soft Puff""",[-0.023311322554945946],"[0, 1, 0, 0]"
32.2565157413,,1950,,1583006337,108463048,"""Soft Puff""",[-0.012453158386051655],"[0, 1, 0, 0]"
32.2573933601,,1951,,1583006337,114489078,"""Zero Band""",[-0.0016271184431388974],"[0, 0, 0, 0]"
32.2581903934,,1952,,1583006337,115353107,"""Zero Band""",[-0.0],"[0, 0, 0, 0]"
32.2589402199,,1953,,1583006337,116159915,"""Zero Band""",[-0.0],"[0, 0, 0, 0]"
32.2598764896,,1954,,1583006337,117036104,"""Zero Band""",[-0.0],"[0, 0, 0, 0]"
32.2608683109,,1955,,1583006337,117846012,"""Zero Band""",[-0.0],"[0, 0, 0, 0]"
32.2617833614,,1956,,1583006337,118828058,"""Zero Band""",[-0.0],"[0, 0, 0, 0]"
32.2628154755,,1957,,1583006337,119760990,"""Zero Band""",[-0.0],"[0, 0, 0, 0]"
32.2628939152,,1958,,1583006337,119760990,"""input stopped""",[-0.0],"[0, 0, 0, 0]"
32.5468153954,,1959,,1583006337,403727054,"""Zero Band""",[-0.0],"[0, 0, 0, 0]"
32.5539073944,,1960,,1583006337,410789966,"""Zero Band""",[-0.0],"[0, 0, 0, 0]"
32.5553929806,,1961,,1583006337,412638902,"""Zero Band""",[-0.0],"[0, 0, 0, 0]"
32.5595958233,,1962,,1583006337,416655063,"""Zero Band""",[-0.0],"[0, 0, 0, 0]"
32.5615110397,,1963,,1583006337,418693065,"""Zero Band""",[-0.0],"[0, 0, 0, 0]"
32.5677478313,,1964,,1583006337,424720048,"""Zero Band""",[-0.0016271184431388974],"[0, 0, 0, 0]"
32.5734171867,,1965,,1583006337,426677942,"""Soft Puff""",[-0.012453158386051655],"[0, 1, 0, 0]"
32.5786373615,,1966,,1583006337,431482076,"""Soft Puff""",[-0.023311322554945946],"[0, 1, 0, 0]"
32.5845625401,,1967,,1583006337,436691045,"""Soft Puff""",[-0.03416948765516281],"[0, 1, 0, 0]"
32.5898039341,,1968,,1583006337,442672967,"""Soft Puff""",[-0.04502765089273453],"[0, 1, 0, 0]"
32.5957238674,,1969,,1583006337,447851896,"""Soft Puff""",[-0.055885814130306244],"[0, 1, 0, 0]"
32.6011583805,,1970,,1583006337,453777074,"""Soft Puff""",[-0.06671185791492462],"[0, 1, 0, 0]"
32.6068468094,,1971,,1583006337,459223985,"""Soft Puff""",[-0.07757002115249634],"[0, 1, 0, 0]"
32.6209011078,,1972,,1583006337,472836971,"""Soft Puff""",[-0.08842818439006805],"[0, 1, 0, 0]"
32.6446573734,,1973,,1583006337,496781110,"""Soft Puff""",[-0.09928634762763977],"[0, 1, 0, 0]"
32.6558282375,,1974,,1583006337,506724119,"""Soft Puff""",[-0.11014451086521149],"[0, 1, 0, 0]"
32.6776299477,,1975,,1583006337,528745889,"""Soft Puff""",[-0.1210026741027832],"[0, 1, 0, 0]"
32.6858990192,,1976,,1583006337,538716077,"""Soft Puff""",[-0.13182871043682098],"[0, 1, 0, 0]"
32.6961603165,,1977,,1583006337,548700094,"""Soft Puff""",[-0.1426868885755539],"[0, 1, 0, 0]"
32.7106642723,,1978,,1583006337,562782049,"""Soft Puff""",[-0.1535450518131256],"[0, 1, 0, 0]"
32.7229251862,,1979,,1583006337,574796915,"""Soft Puff""",[-0.16440321505069733],"[0, 1, 0, 0]"
32.739982605,,1980,,1583006337,592832088,"""Soft Puff""",[-0.17526137828826904],"[0, 1, 0, 0]"
32.744784832,,1981,,1583006337,598020076,"""Soft Puff""",[-0.16440321505069733],"[0, 1, 0, 0]"
32.7502989769,,1982,,1583006337,602829933,"""Soft Puff""",[-0.17526137828826904],"[0, 1, 0, 0]"
32.7586545944,,1983,,1583006337,610668897,"""Soft Puff""",[-0.18608741462230682],"[0, 1, 0, 0]"
32.7692768574,,1984,,1583006337,620784997,"""Soft Puff""",[-0.19694557785987854],"[0, 1, 0, 0]"
32.7803783417,,1985,,1583006337,632694005,"""Soft Puff""",[-0.20780374109745026],"[0, 1, 0, 0]"
32.7900614738,,1986,,1583006337,642735004,"""Soft Puff""",[-0.21866190433502197],"[0, 1, 0, 0]"
32.8010959625,,1987,,1583006337,650809049,"""Soft Puff""",[-0.2295200675725937],"[0, 1, 0, 0]"
32.8086538315,,1988,,1583006337,660696029,"""Soft Puff""",[-0.24034611880779266],"[0, 1, 0, 0]"
32.8270597458,,1989,,1583006337,678757905,"""Soft Puff""",[-0.2512042820453644],"[0, 1, 0, 0]"
32.8330061436,,1990,,1583006337,685107946,"""Soft Puff""",[-0.24034611880779266],"[0, 1, 0, 0]"
32.8391673565,,1991,,1583006337,691113948,"""Soft Puff""",[-0.2512042820453644],"[0, 1, 0, 0]"
32.8439202309,,1992,,1583006337,697216987,"""Soft Puff""",[-0.24034611880779266],"[0, 1, 0, 0]"
32.8505618572,,1993,,1583006337,701642036,"""Soft Puff""",[-0.2512042820453644],"[0, 1, 0, 0]"
32.8564267159,,1994,,1583006337,708622932,"""Soft Puff""",[-0.24034611880779266],"[0, 1, 0, 0]"
32.8616502285,,1995,,1583006337,714555025,"""Soft Puff""",[-0.2512042820453644],"[0, 1, 0, 0]"
32.8673985004,,1996,,1583006337,719677925,"""Soft Puff""",[-0.24034611880779266],"[0, 1, 0, 0]"
32.8729455471,,1997,,1583006337,725469112,"""Soft Puff""",[-0.2512042820453644],"[0, 1, 0, 0]"
32.8774082661,,1998,,1583006337,731008052,"""Soft Puff""",[-0.24034611880779266],"[0, 1, 0, 0]"
32.8839609623,,1999,,1583006337,735527038,"""Soft Puff""",[-0.2512042820453644],"[0, 1, 0, 0]"
32.9118337631,,2000,,1583006337,764729976,"""Soft Puff""",[-0.2620624303817749],"[0, 1, 0, 0]"
32.9493479729,,2001,,1583006337,800750017,"""Soft Puff""",[-0.2729206085205078],"[0, 1, 0, 0]"
32.9553973675,,2002,,1583006337,807538032,"""Soft Puff""",[-0.2620624303817749],"[0, 1, 0, 0]"
32.9600417614,,2003,,1583006337,813513040,"""Soft Puff""",[-0.2729206085205078],"[0, 1, 0, 0]"
32.9671173096,,2004,,1583006337,818093061,"""Soft Puff""",[-0.2620624303817749],"[0, 1, 0, 0]"
32.9725403786,,2005,,1583006337,825187921,"""Soft Puff""",[-0.2729206085205078],"[0, 1, 0, 0]"
32.9818353653,,2006,,1583006337,832689046,"""Soft Puff""",[-0.2620624303817749],"[0, 1, 0, 0]"
32.987514019,,2007,,1583006337,839978933,"""Soft Puff""",[-0.2729206085205078],"[0, 1, 0, 0]"
33.0240821838,,2008,,1583006337,876888036,"""Soft Puff""",[-0.28377875685691833],"[0, 1, 0, 0]"
33.0296881199,,2009,,1583006337,882168054,"""Soft Puff""",[-0.2729206085205078],"[0, 1, 0, 0]"
33.0352399349,,2010,,1583006337,887773990,"""Soft Puff""",[-0.28377875685691833],"[0, 1, 0, 0]"
33.0409097672,,2011,,1583006337,893342018,"""Soft Puff""",[-0.2729206085205078],"[0, 1, 0, 0]"
33.04611516,,2012,,1583006337,898983955,"""Soft Puff""",[-0.28377875685691833],"[0, 1, 0, 0]"
33.0529448986,,2013,,1583006337,904673099,"""Soft Puff""",[-0.2729206085205078],"[0, 1, 0, 0]"
33.0576152802,,2014,,1583006337,910995960,"""Soft Puff""",[-0.28377875685691833],"[0, 1, 0, 0]"
33.0678107738,,2015,,1583006337,918683052,"""Soft Puff""",[-0.2729206085205078],"[0, 1, 0, 0]"
33.073574543,,2016,,1583006337,925880908,"""Soft Puff""",[-0.28377875685691833],"[0, 1, 0, 0]"
33.0791237354,,2017,,1583006337,931653976,"""Soft Puff""",[-0.2729206085205078],"[0, 1, 0, 0]"
33.1145415306,,2018,,1583006337,966865062,"""Soft Puff""",[-0.28377875685691833],"[0, 1, 0, 0]"
33.1211600304,,2019,,1583006337,972613096,"""Soft Puff""",[-0.2729206085205078],"[0, 1, 0, 0]"
33.1271538734,,2020,,1583006337,979231119,"""Soft Puff""",[-0.28377875685691833],"[0, 1, 0, 0]"
33.1380643845,,2021,,1583006337,988771915,"""Soft Puff""",[-0.29463693499565125],"[0, 1, 0, 0]"
33.2003583908,,2022,,1583006338,52798032,"""Soft Puff""",[-0.28377875685691833],"[0, 1, 0, 0]"
33.2060465813,,2023,,1583006338,58674097,"""Soft Puff""",[-0.29463693499565125],"[0, 1, 0, 0]"
33.2133386135,,2024,,1583006338,64125061,"""Soft Puff""",[-0.28377875685691833],"[0, 1, 0, 0]"
33.22473979,,2025,,1583006338,76786041,"""Soft Puff""",[-0.2729206085205078],"[0, 1, 0, 0]"
33.2307467461,,2026,,1583006338,82798004,"""Soft Puff""",[-0.28377875685691833],"[0, 1, 0, 0]"
33.2378363609,,2027,,1583006338,88794946,"""Soft Puff""",[-0.2729206085205078],"[0, 1, 0, 0]"
33.2457187176,,2028,,1583006338,98700046,"""Soft Puff""",[-0.28377875685691833],"[0, 1, 0, 0]"
33.2739164829,,2029,,1583006338,126833915,"""Soft Puff""",[-0.29463693499565125],"[0, 1, 0, 0]"
33.2793679237,,2030,,1583006338,131984949,"""Soft Puff""",[-0.28377875685691833],"[0, 1, 0, 0]"
33.2837843895,,2031,,1583006338,137370109,"""Soft Puff""",[-0.29463693499565125],"[0, 1, 0, 0]"
33.2980411053,,2032,,1583006338,154829978,"""Soft-Hard Puff Deadband""",[-0.3054629862308502],"[0, 0, 0, 0]"
33.3036847115,,2033,,1583006338,156722068,"""Soft Puff""",[-0.29463693499565125],"[0, 1, 0, 0]"
33.30540061,,2034,,1583006338,162647008,"""Soft-Hard Puff Deadband""",[-0.3054629862308502],"[0, 0, 0, 0]"
33.342931509,,2035,,1583006338,194751024,"""Soft Puff""",[-0.29463693499565125],"[0, 1, 0, 0]"
33.3438570499,,2036,,1583006338,201014041,"""Soft-Hard Puff Deadband""",[-0.3054629862308502],"[0, 0, 0, 0]"
33.3488609791,,2037,,1583006338,201901912,"""Soft Puff""",[-0.29463693499565125],"[0, 1, 0, 0]"
33.349745512,,2038,,1583006338,206933021,"""Soft-Hard Puff Deadband""",[-0.3054629862308502],"[0, 0, 0, 0]"
33.3543894291,,2039,,1583006338,207773923,"""Soft Puff""",[-0.29463693499565125],"[0, 1, 0, 0]"
33.3720901012,,2040,,1583006338,228806018,"""Soft-Hard Puff Deadband""",[-0.3054629862308502],"[0, 0, 0, 0]"
33.3808069229,,2041,,1583006338,232680082,"""Soft Puff""",[-0.29463693499565125],"[0, 1, 0, 0]"
33.381768465,,2042,,1583006338,238886117,"""Soft-Hard Puff Deadband""",[-0.3054629862308502],"[0, 0, 0, 0]"
33.4562981129,,2043,,1583006338,308852910,"""Soft Puff""",[-0.29463693499565125],"[0, 1, 0, 0]"
33.606385231,,2044,,1583006338,458756923,"""Soft Puff""",[-0.28377875685691833],"[0, 1, 0, 0]"
33.6111807823,,2045,,1583006338,464472055,"""Soft Puff""",[-0.29463693499565125],"[0, 1, 0, 0]"
33.6160509586,,2046,,1583006338,469224929,"""Soft Puff""",[-0.28377875685691833],"[0, 1, 0, 0]"
33.6634533405,,2047,,1583006338,514821052,"""Soft Puff""",[-0.29463693499565125],"[0, 1, 0, 0]"
33.6858713627,,2048,,1583006338,542784929,"""Soft-Hard Puff Deadband""",[-0.3054629862308502],"[0, 0, 0, 0]"
33.7057256699,,2049,,1583006338,562762975,"""Soft-Hard Puff Deadband""",[-0.31632113456726074],"[0, 0, 0, 0]"
33.7240645885,,2050,,1583006338,580796957,"""Soft-Hard Puff Deadband""",[-0.32717931270599365],"[0, 0, 0, 0]"
33.7479615211,,2051,,1583006338,604809999,"""Soft-Hard Puff Deadband""",[-0.3380374610424042],"[0, 0, 0, 0]"
33.7739362717,,2052,,1583006338,630815982,"""Soft-Hard Puff Deadband""",[-0.32717931270599365],"[0, 0, 0, 0]"
33.7980120182,,2053,,1583006338,654818058,"""Soft-Hard Puff Deadband""",[-0.31632113456726074],"[0, 0, 0, 0]"
33.7993702888,,2054,,1583006338,656667947,"""Soft-Hard Puff Deadband""",[-0.32717931270599365],"[0, 0, 0, 0]"
33.8034265041,,2055,,1583006338,660645008,"""Soft-Hard Puff Deadband""",[-0.31632113456726074],"[0, 0, 0, 0]"
33.8602838516,,2056,,1583006338,716800928,"""Soft-Hard Puff Deadband""",[-0.32717931270599365],"[0, 0, 0, 0]"
33.8617918491,,2057,,1583006338,718729019,"""Soft-Hard Puff Deadband""",[-0.31632113456726074],"[0, 0, 0, 0]"
33.8784940243,,2058,,1583006338,734827995,"""Soft-Hard Puff Deadband""",[-0.32717931270599365],"[0, 0, 0, 0]"
33.8822164536,,2059,,1583006338,738781929,"""Soft-Hard Puff Deadband""",[-0.31632113456726074],"[0, 0, 0, 0]"
33.9397847652,,2060,,1583006338,796756029,"""Soft-Hard Puff Deadband""",[-0.32717931270599365],"[0, 0, 0, 0]"
33.9478785992,,2061,,1583006338,804748058,"""Soft-Hard Puff Deadband""",[-0.31632113456726074],"[0, 0, 0, 0]"
33.9618721008,,2062,,1583006338,818758010,"""Soft-Hard Puff Deadband""",[-0.32717931270599365],"[0, 0, 0, 0]"
33.9918675423,,2063,,1583006338,848742961,"""Soft-Hard Puff Deadband""",[-0.3380374610424042],"[0, 0, 0, 0]"
34.007986784,,2064,,1583006338,864801883,"""Soft-Hard Puff Deadband""",[-0.3488956391811371],"[0, 0, 0, 0]"
34.0239460468,,2065,,1583006338,880815029,"""Soft-Hard Puff Deadband""",[-0.35972166061401367],"[0, 0, 0, 0]"
34.029610157,,2066,,1583006338,886703968,"""Soft-Hard Puff Deadband""",[-0.3488956391811371],"[0, 0, 0, 0]"
34.031529665,,2067,,1583006338,888709068,"""Soft-Hard Puff Deadband""",[-0.35972166061401367],"[0, 0, 0, 0]"
34.0519523621,,2068,,1583006338,908812046,"""Soft-Hard Puff Deadband""",[-0.3705798387527466],"[0, 0, 0, 0]"
34.0680229664,,2069,,1583006338,924829959,"""Soft-Hard Puff Deadband""",[-0.3814379870891571],"[0, 0, 0, 0]"
34.0756449699,,2070,,1583006338,932738065,"""Soft-Hard Puff Deadband""",[-0.39229616522789],"[0, 0, 0, 0]"
34.1158869267,,2071,,1583006338,972738027,"""Soft-Hard Puff Deadband""",[-0.3814379870891571],"[0, 0, 0, 0]"
34.117619276,,2072,,1583006338,974701881,"""Soft-Hard Puff Deadband""",[-0.39229616522789],"[0, 0, 0, 0]"
34.1195297241,,2073,,1583006338,976736068,"""Soft-Hard Puff Deadband""",[-0.3814379870891571],"[0, 0, 0, 0]"
34.1618609428,,2074,,1583006339,18769979,"""Soft-Hard Puff Deadband""",[-0.39229616522789],"[0, 0, 0, 0]"
34.176053524,,2075,,1583006339,32795906,"""Soft-Hard Puff Deadband""",[-0.3814379870891571],"[0, 0, 0, 0]"
34.177649498,,2076,,1583006339,34728050,"""Soft-Hard Puff Deadband""",[-0.39229616522789],"[0, 0, 0, 0]"
34.1797940731,,2077,,1583006339,36741971,"""Soft-Hard Puff Deadband""",[-0.3814379870891571],"[0, 0, 0, 0]"
34.2020916939,,2078,,1583006339,58820009,"""Soft-Hard Puff Deadband""",[-0.3705798387527466],"[0, 0, 0, 0]"
34.2139873505,,2079,,1583006339,70766925,"""Soft-Hard Puff Deadband""",[-0.35972166061401367],"[0, 0, 0, 0]"
34.2219581604,,2080,,1583006339,78811883,"""Soft-Hard Puff Deadband""",[-0.3488956391811371],"[0, 0, 0, 0]"
34.2318735123,,2081,,1583006339,88798046,"""Soft-Hard Puff Deadband""",[-0.3380374610424042],"[0, 0, 0, 0]"
34.2396347523,,2082,,1583006339,96715927,"""Soft-Hard Puff Deadband""",[-0.32717931270599365],"[0, 0, 0, 0]"
34.2476844788,,2083,,1583006339,104741096,"""Soft-Hard Puff Deadband""",[-0.31632113456726074],"[0, 0, 0, 0]"
34.2559621334,,2084,,1583006339,112766027,"""Soft-Hard Puff Deadband""",[-0.3054629862308502],"[0, 0, 0, 0]"
34.2641987801,,2085,,1583006339,116705894,"""Soft Puff""",[-0.29463693499565125],"[0, 1, 0, 0]"
34.2692866325,,2086,,1583006339,122251987,"""Soft Puff""",[-0.28377875685691833],"[0, 1, 0, 0]"
34.2754774094,,2087,,1583006339,127278089,"""Soft Puff""",[-0.2729206085205078],"[0, 1, 0, 0]"
34.2804875374,,2088,,1583006339,133347034,"""Soft Puff""",[-0.2620624303817749],"[0, 1, 0, 0]"
34.2864949703,,2089,,1583006339,138531923,"""Soft Puff""",[-0.2512042820453644],"[0, 1, 0, 0]"
34.2937757969,,2090,,1583006339,144572973,"""Soft Puff""",[-0.24034611880779266],"[0, 1, 0, 0]"
34.298830986,,2091,,1583006339,151842117,"""Soft Puff""",[-0.2295200675725937],"[0, 1, 0, 0]"
34.3058843613,,2092,,1583006339,156963109,"""Soft Puff""",[-0.21866190433502197],"[0, 1, 0, 0]"
34.3126790524,,2093,,1583006339,163886070,"""Soft Puff""",[-0.20780374109745026],"[0, 1, 0, 0]"
34.3195347786,,2094,,1583006339,170761108,"""Soft Puff""",[-0.19694557785987854],"[0, 1, 0, 0]"
34.3256382942,,2095,,1583006339,177510976,"""Soft Puff""",[-0.18608741462230682],"[0, 1, 0, 0]"
34.330416441,,2096,,1583006339,183738946,"""Soft Puff""",[-0.17526137828826904],"[0, 1, 0, 0]"
34.3365495205,,2097,,1583006339,188618898,"""Soft Puff""",[-0.1535450518131256],"[0, 1, 0, 0]"
34.34161973,,2098,,1583006339,194528102,"""Soft Puff""",[-0.1426868885755539],"[0, 1, 0, 0]"
34.3464024067,,2099,,1583006339,199599027,"""Soft Puff""",[-0.13182871043682098],"[0, 1, 0, 0]"
34.3522288799,,2100,,1583006339,204374074,"""Soft Puff""",[-0.1210026741027832],"[0, 1, 0, 0]"
34.3595666885,,2101,,1583006339,210192918,"""Soft Puff""",[-0.11014451086521149],"[0, 1, 0, 0]"
34.3648283482,,2102,,1583006339,217432022,"""Soft Puff""",[-0.09928634762763977],"[0, 1, 0, 0]"
34.3707585335,,2103,,1583006339,222845077,"""Soft Puff""",[-0.08842818439006805],"[0, 1, 0, 0]"
34.3758018017,,2104,,1583006339,228740930,"""Soft Puff""",[-0.07757002115249634],"[0, 1, 0, 0]"
34.381516695,,2105,,1583006339,233937978,"""Soft Puff""",[-0.06671185791492462],"[0, 1, 0, 0]"
34.3873605728,,2106,,1583006339,239504098,"""Soft Puff""",[-0.055885814130306244],"[0, 1, 0, 0]"
34.3922080994,,2107,,1583006339,245368957,"""Soft Puff""",[-0.04502765089273453],"[0, 1, 0, 0]"
34.3968322277,,2108,,1583006339,250185966,"""Soft Puff""",[-0.03416948765516281],"[0, 1, 0, 0]"
34.4034130573,,2109,,1583006339,254821062,"""Soft Puff""",[-0.023311322554945946],"[0, 1, 0, 0]"
34.4097390175,,2110,,1583006339,261445045,"""Soft Puff""",[-0.012453158386051655],"[0, 1, 0, 0]"
34.4108214378,,2111,,1583006339,267709016,"""Zero Band""",[-0.0016271184431388974],"[0, 0, 0, 0]"
34.4119362831,,2112,,1583006339,268836021,"""Zero Band""",[-0.0],"[0, 0, 0, 0]"
34.4128339291,,2113,,1583006339,269797086,"""Zero Band""",[-0.0],"[0, 0, 0, 0]"
34.4138991833,,2114,,1583006339,270797014,"""Zero Band""",[-0.0],"[0, 0, 0, 0]"
34.4149148464,,2115,,1583006339,271898031,"""Zero Band""",[-0.0],"[0, 0, 0, 0]"
34.4159967899,,2116,,1583006339,272916078,"""Zero Band""",[-0.0],"[0, 0, 0, 0]"
34.4173631668,,2117,,1583006339,274092912,"""Zero Band""",[-0.0],"[0, 0, 0, 0]"
34.4174227715,,2118,,1583006339,274092912,"""input stopped""",[-0.0],"[0, 0, 0, 0]"
34.710691452,,2119,,1583006339,567681074,"""Zero Band""",[-0.0],"[0, 0, 0, 0]"
34.7134208679,,2120,,1583006339,570672035,"""Zero Band""",[-0.0],"[0, 0, 0, 0]"
34.7178142071,,2121,,1583006339,574793100,"""Zero Band""",[-0.0],"[0, 0, 0, 0]"
34.7219469547,,2122,,1583006339,578749895,"""Zero Band""",[-0.0016271184431388974],"[0, 0, 0, 0]"
34.7285966873,,2123,,1583006339,580713033,"""Soft Puff""",[-0.012453158386051655],"[0, 1, 0, 0]"
34.7331626415,,2124,,1583006339,586694002,"""Soft Puff""",[-0.03416948765516281],"[0, 1, 0, 0]"
34.7376458645,,2125,,1583006339,591227054,"""Soft Puff""",[-0.04502765089273453],"[0, 1, 0, 0]"
34.7437829971,,2126,,1583006339,595628976,"""Soft Puff""",[-0.055885814130306244],"[0, 1, 0, 0]"
34.7495195866,,2127,,1583006339,601859092,"""Soft Puff""",[-0.06671185791492462],"[0, 1, 0, 0]"
34.754556179,,2128,,1583006339,607445955,"""Soft Puff""",[-0.07757002115249634],"[0, 1, 0, 0]"
34.7604100704,,2129,,1583006339,612535953,"""Soft Puff""",[-0.08842818439006805],"[0, 1, 0, 0]"
34.7662944794,,2130,,1583006339,618242979,"""Soft Puff""",[-0.09928634762763977],"[0, 1, 0, 0]"
34.7713530064,,2131,,1583006339,624396085,"""Soft Puff""",[-0.11014451086521149],"[0, 1, 0, 0]"
34.7768781185,,2132,,1583006339,629390001,"""Soft Puff""",[-0.1210026741027832],"[0, 1, 0, 0]"
34.7826366425,,2133,,1583006339,634875059,"""Soft Puff""",[-0.13182871043682098],"[0, 1, 0, 0]"
34.7884964943,,2134,,1583006339,640613079,"""Soft Puff""",[-0.1426868885755539],"[0, 1, 0, 0]"
34.7943942547,,2135,,1583006339,646482944,"""Soft Puff""",[-0.16440321505069733],"[0, 1, 0, 0]"
34.799467802,,2136,,1583006339,652453899,"""Soft Puff""",[-0.17526137828826904],"[0, 1, 0, 0]"
34.8052480221,,2137,,1583006339,657533884,"""Soft Puff""",[-0.18608741462230682],"[0, 1, 0, 0]"
34.8112425804,,2138,,1583006339,662971973,"""Soft Puff""",[-0.19694557785987854],"[0, 1, 0, 0]"
34.8180370331,,2139,,1583006339,669235944,"""Soft Puff""",[-0.20780374109745026],"[0, 1, 0, 0]"
34.8248622417,,2140,,1583006339,675934076,"""Soft Puff""",[-0.21866190433502197],"[0, 1, 0, 0]"
34.8298635483,,2141,,1583006339,682846069,"""Soft Puff""",[-0.2295200675725937],"[0, 1, 0, 0]"
34.8360261917,,2142,,1583006339,687845945,"""Soft Puff""",[-0.24034611880779266],"[0, 1, 0, 0]"
34.8408620358,,2143,,1583006339,694006919,"""Soft Puff""",[-0.2512042820453644],"[0, 1, 0, 0]"
34.8460259438,,2144,,1583006339,698916912,"""Soft Puff""",[-0.2620624303817749],"[0, 1, 0, 0]"
34.8533349037,,2145,,1583006339,704124927,"""Soft Puff""",[-0.2729206085205078],"[0, 1, 0, 0]"
34.8584337234,,2146,,1583006339,711313009,"""Soft Puff""",[-0.28377875685691833],"[0, 1, 0, 0]"
34.8637180328,,2147,,1583006339,716408967,"""Soft Puff""",[-0.29463693499565125],"[0, 1, 0, 0]"
34.8645260334,,2148,,1583006339,721698999,"""Soft-Hard Puff Deadband""",[-0.3054629862308502],"[0, 0, 0, 0]"
34.865344286,,2149,,1583006339,722527027,"""Soft-Hard Puff Deadband""",[-0.31632113456726074],"[0, 0, 0, 0]"
34.8663163185,,2150,,1583006339,723381042,"""Soft-Hard Puff Deadband""",[-0.32717931270599365],"[0, 0, 0, 0]"
34.8672432899,,2151,,1583006339,724395036,"""Soft-Hard Puff Deadband""",[-0.3380374610424042],"[0, 0, 0, 0]"
34.8681333065,,2152,,1583006339,725215911,"""Soft-Hard Puff Deadband""",[-0.3488956391811371],"[0, 0, 0, 0]"
34.8776361942,,2153,,1583006339,734749078,"""Soft-Hard Puff Deadband""",[-0.35972166061401367],"[0, 0, 0, 0]"
34.898152113,,2154,,1583006339,754848003,"""Soft-Hard Puff Deadband""",[-0.3705798387527466],"[0, 0, 0, 0]"
34.9163374901,,2155,,1583006339,772846937,"""Soft-Hard Puff Deadband""",[-0.3814379870891571],"[0, 0, 0, 0]"
34.9198198318,,2156,,1583006339,776761054,"""Soft-Hard Puff Deadband""",[-0.3705798387527466],"[0, 0, 0, 0]"
34.9275679588,,2157,,1583006339,784712076,"""Soft-Hard Puff Deadband""",[-0.3814379870891571],"[0, 0, 0, 0]"
34.929453373,,2158,,1583006339,786670923,"""Soft-Hard Puff Deadband""",[-0.3705798387527466],"[0, 0, 0, 0]"
34.9479498863,,2159,,1583006339,804820060,"""Soft-Hard Puff Deadband""",[-0.35972166061401367],"[0, 0, 0, 0]"
34.9918460846,,2160,,1583006339,848773002,"""Soft-Hard Puff Deadband""",[-0.3705798387527466],"[0, 0, 0, 0]"
35.0257687569,,2161,,1583006339,882766008,"""Soft-Hard Puff Deadband""",[-0.3814379870891571],"[0, 0, 0, 0]"
35.0274176598,,2162,,1583006339,884633064,"""Soft-Hard Puff Deadband""",[-0.3705798387527466],"[0, 0, 0, 0]"
35.0341618061,,2163,,1583006339,890806913,"""Soft-Hard Puff Deadband""",[-0.3814379870891571],"[0, 0, 0, 0]"
35.0418560505,,2164,,1583006339,898705959,"""Soft-Hard Puff Deadband""",[-0.39229616522789],"[0, 0, 0, 0]"
35.0659093857,,2165,,1583006339,922817945,"""Soft-Hard Puff Deadband""",[-0.4031543433666229],"[0, 0, 0, 0]"
35.0979909897,,2166,,1583006339,954725980,"""Soft-Hard Puff Deadband""",[-0.41401249170303345],"[0, 0, 0, 0]"
35.1296756268,,2167,,1583006339,986771106,"""Soft-Hard Puff Deadband""",[-0.4248385429382324],"[0, 0, 0, 0]"
35.1739315987,,2168,,1583006340,30764102,"""Soft-Hard Puff Deadband""",[-0.41401249170303345],"[0, 0, 0, 0]"
35.184268713,,2169,,1583006340,40757894,"""Soft-Hard Puff Deadband""",[-0.4031543433666229],"[0, 0, 0, 0]"
35.1897108555,,2170,,1583006340,46751976,"""Soft-Hard Puff Deadband""",[-0.39229616522789],"[0, 0, 0, 0]"
35.195545435,,2171,,1583006340,52705049,"""Soft-Hard Puff Deadband""",[-0.3814379870891571],"[0, 0, 0, 0]"
35.1996314526,,2172,,1583006340,56730031,"""Soft-Hard Puff Deadband""",[-0.3705798387527466],"[0, 0, 0, 0]"
35.2054982185,,2173,,1583006340,62685012,"""Soft-Hard Puff Deadband""",[-0.35972166061401367],"[0, 0, 0, 0]"
35.2094714642,,2174,,1583006340,66656112,"""Soft-Hard Puff Deadband""",[-0.3488956391811371],"[0, 0, 0, 0]"
35.2155621052,,2175,,1583006340,72689056,"""Soft-Hard Puff Deadband""",[-0.3380374610424042],"[0, 0, 0, 0]"
35.2220308781,,2176,,1583006340,78819036,"""Soft-Hard Puff Deadband""",[-0.32717931270599365],"[0, 0, 0, 0]"
35.2260425091,,2177,,1583006340,82817077,"""Soft-Hard Puff Deadband""",[-0.31632113456726074],"[0, 0, 0, 0]"
35.2577381134,,2178,,1583006340,114768981,"""Soft-Hard Puff Deadband""",[-0.32717931270599365],"[0, 0, 0, 0]"
35.2680258751,,2179,,1583006340,124829053,"""Soft-Hard Puff Deadband""",[-0.3380374610424042],"[0, 0, 0, 0]"
35.2818512917,,2180,,1583006340,138793945,"""Soft-Hard Puff Deadband""",[-0.3488956391811371],"[0, 0, 0, 0]"
35.2858960629,,2181,,1583006340,142811059,"""Soft-Hard Puff Deadband""",[-0.35972166061401367],"[0, 0, 0, 0]"
35.2937924862,,2182,,1583006340,150773048,"""Soft-Hard Puff Deadband""",[-0.3705798387527466],"[0, 0, 0, 0]"
35.2995994091,,2183,,1583006340,156689882,"""Soft-Hard Puff Deadband""",[-0.3814379870891571],"[0, 0, 0, 0]"
35.307672739,,2184,,1583006340,164716005,"""Soft-Hard Puff Deadband""",[-0.39229616522789],"[0, 0, 0, 0]"
35.3136532307,,2185,,1583006340,170717000,"""Soft-Hard Puff Deadband""",[-0.4031543433666229],"[0, 0, 0, 0]"
35.3199999332,,2186,,1583006340,176744937,"""Soft-Hard Puff Deadband""",[-0.41401249170303345],"[0, 0, 0, 0]"
35.325719595,,2187,,1583006340,182706117,"""Soft-Hard Puff Deadband""",[-0.4248385429382324],"[0, 0, 0, 0]"
35.3341164589,,2188,,1583006340,190793037,"""Soft-Hard Puff Deadband""",[-0.43569669127464294],"[0, 0, 0, 0]"
35.3354949951,,2189,,1583006340,192696094,"""Soft-Hard Puff Deadband""",[-0.4248385429382324],"[0, 0, 0, 0]"
35.3375275135,,2190,,1583006340,194693088,"""Soft-Hard Puff Deadband""",[-0.43569669127464294],"[0, 0, 0, 0]"
35.3517653942,,2191,,1583006340,208759069,"""Soft-Hard Puff Deadband""",[-0.44655486941337585],"[0, 0, 0, 0]"
35.3617601395,,2192,,1583006340,218756914,"""Soft-Hard Puff Deadband""",[-0.43569669127464294],"[0, 0, 0, 0]"
35.3657698631,,2193,,1583006340,222680091,"""Soft-Hard Puff Deadband""",[-0.4248385429382324],"[0, 0, 0, 0]"
35.3739366531,,2194,,1583006340,230776071,"""Soft-Hard Puff Deadband""",[-0.41401249170303345],"[0, 0, 0, 0]"
35.3778755665,,2195,,1583006340,234743118,"""Soft-Hard Puff Deadband""",[-0.4031543433666229],"[0, 0, 0, 0]"
35.381727457,,2196,,1583006340,238730907,"""Soft-Hard Puff Deadband""",[-0.39229616522789],"[0, 0, 0, 0]"
35.3879640102,,2197,,1583006340,244779109,"""Soft-Hard Puff Deadband""",[-0.3705798387527466],"[0, 0, 0, 0]"
35.3916296959,,2198,,1583006340,248706102,"""Soft-Hard Puff Deadband""",[-0.35972166061401367],"[0, 0, 0, 0]"
35.3955283165,,2199,,1583006340,252681016,"""Soft-Hard Puff Deadband""",[-0.3488956391811371],"[0, 0, 0, 0]"
35.3976049423,,2200,,1583006340,254643917,"""Soft-Hard Puff Deadband""",[-0.3380374610424042],"[0, 0, 0, 0]"
35.3994517326,,2201,,1583006340,256663084,"""Soft-Hard Puff Deadband""",[-0.32717931270599365],"[0, 0, 0, 0]"
35.403387785,,2202,,1583006340,260642051,"""Soft-Hard Puff Deadband""",[-0.31632113456726074],"[0, 0, 0, 0]"
35.4056215286,,2203,,1583006340,262674093,"""Soft-Hard Puff Deadband""",[-0.3054629862308502],"[0, 0, 0, 0]"
35.4119458199,,2204,,1583006340,264641046,"""Soft Puff""",[-0.28377875685691833],"[0, 1, 0, 0]"
35.416813612,,2205,,1583006340,269984006,"""Soft Puff""",[-0.2729206085205078],"[0, 1, 0, 0]"
35.4235403538,,2206,,1583006340,274910926,"""Soft Puff""",[-0.2620624303817749],"[0, 1, 0, 0]"
35.4279997349,,2207,,1583006340,281605005,"""Soft Puff""",[-0.24034611880779266],"[0, 1, 0, 0]"
35.4328444004,,2208,,1583006340,285973072,"""Soft Puff""",[-0.2295200675725937],"[0, 1, 0, 0]"
35.4390149117,,2209,,1583006340,290715932,"""Soft Puff""",[-0.21866190433502197],"[0, 1, 0, 0]"
35.4441995621,,2210,,1583006340,296993017,"""Soft Puff""",[-0.19694557785987854],"[0, 1, 0, 0]"
35.4487321377,,2211,,1583006340,302277088,"""Soft Puff""",[-0.18608741462230682],"[0, 1, 0, 0]"
35.4554224014,,2212,,1583006340,306852102,"""Soft Puff""",[-0.17526137828826904],"[0, 1, 0, 0]"
35.4601929188,,2213,,1583006340,313385963,"""Soft Puff""",[-0.16440321505069733],"[0, 1, 0, 0]"
35.4646024704,,2214,,1583006340,318145036,"""Soft Puff""",[-0.1426868885755539],"[0, 1, 0, 0]"
35.4690175056,,2215,,1583006340,322572946,"""Soft Puff""",[-0.13182871043682098],"[0, 1, 0, 0]"
35.4761846066,,2216,,1583006340,327008008,"""Soft Puff""",[-0.1210026741027832],"[0, 1, 0, 0]"
35.4821500778,,2217,,1583006340,334156036,"""Soft Puff""",[-0.11014451086521149],"[0, 1, 0, 0]"
35.4887776375,,2218,,1583006340,340223073,"""Soft Puff""",[-0.09928634762763977],"[0, 1, 0, 0]"
35.4947011471,,2219,,1583006340,346750974,"""Soft Puff""",[-0.08842818439006805],"[0, 1, 0, 0]"
35.4998164177,,2220,,1583006340,352694034,"""Soft Puff""",[-0.07757002115249634],"[0, 1, 0, 0]"
35.5072033405,,2221,,1583006340,357979059,"""Soft Puff""",[-0.06671185791492462],"[0, 1, 0, 0]"
35.5144577026,,2222,,1583006340,365175008,"""Soft Puff""",[-0.055885814130306244],"[0, 1, 0, 0]"
35.5201301575,,2223,,1583006340,372432947,"""Soft Puff""",[-0.04502765089273453],"[0, 1, 0, 0]"
35.5267715454,,2224,,1583006340,378005981,"""Soft Puff""",[-0.03416948765516281],"[0, 1, 0, 0]"
35.5314826965,,2225,,1583006340,384753942,"""Soft Puff""",[-0.023311322554945946],"[0, 1, 0, 0]"
35.5362935066,,2226,,1583006340,389453887,"""Soft Puff""",[-0.012453158386051655],"[0, 1, 0, 0]"
35.5372076035,,2227,,1583006340,394257068,"""Zero Band""",[-0.0016271184431388974],"[0, 0, 0, 0]"
35.5381643772,,2228,,1583006340,395320892,"""Zero Band""",[-0.0],"[0, 0, 0, 0]"
35.5389623642,,2229,,1583006340,396146059,"""Zero Band""",[-0.0016271184431388974],"[0, 0, 0, 0]"
35.5459988117,,2230,,1583006340,397030115,"""Soft Puff""",[-0.012453158386051655],"[0, 1, 0, 0]"
35.5510370731,,2231,,1583006340,403784036,"""Soft Puff""",[-0.023311322554945946],"[0, 1, 0, 0]"
35.5559563637,,2232,,1583006340,409106969,"""Soft Puff""",[-0.03416948765516281],"[0, 1, 0, 0]"
35.5753788948,,2233,,1583006340,426913976,"""Soft Puff""",[-0.023311322554945946],"[0, 1, 0, 0]"
35.5844559669,,2234,,1583006340,436691045,"""Soft Puff""",[-0.012453158386051655],"[0, 1, 0, 0]"
35.5983281136,,2235,,1583006340,454816102,"""Zero Band""",[-0.0016271184431388974],"[0, 0, 0, 0]"
35.6058056355,,2236,,1583006340,462749004,"""Zero Band""",[-0.0],"[0, 0, 0, 0]"
35.6137418747,,2237,,1583006340,470720052,"""Zero Band""",[-0.0],"[0, 0, 0, 0]"
35.6236979961,,2238,,1583006340,480669975,"""Zero Band""",[-0.0],"[0, 0, 0, 0]"
35.6318523884,,2239,,1583006340,488754987,"""Zero Band""",[-0.0],"[0, 0, 0, 0]"
35.6399462223,,2240,,1583006340,496822118,"""Zero Band""",[-0.0],"[0, 0, 0, 0]"
35.6840884686,,2241,,1583006340,540786027,"""Zero Band""",[-0.0],"[0, 0, 0, 0]"
35.6917974949,,2242,,1583006340,548722028,"""Zero Band""",[-0.0],"[0, 0, 0, 0]"
35.699565649,,2243,,1583006340,556695938,"""Zero Band""",[-0.0],"[0, 0, 0, 0]"
35.7057719231,,2244,,1583006340,562764883,"""Zero Band""",[-0.0],"[0, 0, 0, 0]"
35.7118153572,,2245,,1583006340,568757057,"""Zero Band""",[-0.0016271184431388974],"[0, 0, 0, 0]"
35.7225136757,,2246,,1583006340,574727058,"""Soft Puff""",[-0.012453158386051655],"[0, 1, 0, 0]"
35.727129221,,2247,,1583006340,580683946,"""Soft Puff""",[-0.023311322554945946],"[0, 1, 0, 0]"
35.7396557331,,2248,,1583006340,590773105,"""Soft Puff""",[-0.03416948765516281],"[0, 1, 0, 0]"
35.7453312874,,2249,,1583006340,597714900,"""Soft Puff""",[-0.04502765089273453],"[0, 1, 0, 0]"
35.7514848709,,2250,,1583006340,603410005,"""Soft Puff""",[-0.055885814130306244],"[0, 1, 0, 0]"
35.7618482113,,2251,,1583006340,614718914,"""Soft Puff""",[-0.06671185791492462],"[0, 1, 0, 0]"
35.7687520981,,2252,,1583006340,620677947,"""Soft Puff""",[-0.07757002115249634],"[0, 1, 0, 0]"
35.7734441757,,2253,,1583006340,626830101,"""Soft Puff""",[-0.08842818439006805],"[0, 1, 0, 0]"
35.7890861034,,2254,,1583006340,640894889,"""Soft Puff""",[-0.09928634762763977],"[0, 1, 0, 0]"
35.8014073372,,2255,,1583006340,652734994,"""Soft Puff""",[-0.11014451086521149],"[0, 1, 0, 0]"
35.8076646328,,2256,,1583006340,660691022,"""Soft Puff""",[-0.1210026741027832],"[0, 1, 0, 0]"
35.8186628819,,2257,,1583006340,668685913,"""Soft Puff""",[-0.13182871043682098],"[0, 1, 0, 0]"
35.8345556259,,2258,,1583006340,686767101,"""Soft Puff""",[-0.1426868885755539],"[0, 1, 0, 0]"
35.8663885593,,2259,,1583006340,718792915,"""Soft Puff""",[-0.1535450518131256],"[0, 1, 0, 0]"
35.8849205971,,2260,,1583006340,736799955,"""Soft Puff""",[-0.16440321505069733],"[0, 1, 0, 0]"
35.8927023411,,2261,,1583006340,744718074,"""Soft Puff""",[-0.1535450518131256],"[0, 1, 0, 0]"
35.8975486755,,2262,,1583006340,750776052,"""Soft Puff""",[-0.16440321505069733],"[0, 1, 0, 0]"
35.925858736,,2263,,1583006340,778770923,"""Soft Puff""",[-0.1535450518131256],"[0, 1, 0, 0]"
35.9804339409,,2264,,1583006340,832725048,"""Soft Puff""",[-0.1426868885755539],"[0, 1, 0, 0]"
35.9928941727,,2265,,1583006340,844690084,"""Soft Puff""",[-0.13182871043682098],"[0, 1, 0, 0]"
36.0091264248,,2266,,1583006340,860809087,"""Soft Puff""",[-0.1210026741027832],"[0, 1, 0, 0]"
36.0428926945,,2267,,1583006340,894824028,"""Soft Puff""",[-0.11014451086521149],"[0, 1, 0, 0]"
36.0488619804,,2268,,1583006340,900963068,"""Soft Puff""",[-0.1210026741027832],"[0, 1, 0, 0]"
36.0689957142,,2269,,1583006340,920883893,"""Soft Puff""",[-0.13182871043682098],"[0, 1, 0, 0]"
36.0923576355,,2270,,1583006340,944873094,"""Soft Puff""",[-0.1426868885755539],"[0, 1, 0, 0]"
36.1057400703,,2271,,1583006340,956736087,"""Soft Puff""",[-0.1535450518131256],"[0, 1, 0, 0]"
36.1105768681,,2272,,1583006340,963803052,"""Soft Puff""",[-0.1426868885755539],"[0, 1, 0, 0]"
36.1162269115,,2273,,1583006340,968615055,"""Soft Puff""",[-0.1535450518131256],"[0, 1, 0, 0]"
36.1281056404,,2274,,1583006340,980786085,"""Soft Puff""",[-0.16440321505069733],"[0, 1, 0, 0]"
36.1411304474,,2275,,1583006340,990763902,"""Soft Puff""",[-0.17526137828826904],"[0, 1, 0, 0]"
36.154143095,,2276,,1583006341,6709098,"""Soft Puff""",[-0.18608741462230682],"[0, 1, 0, 0]"
36.1762530804,,2277,,1583006341,26895999,"""Soft Puff""",[-0.19694557785987854],"[0, 1, 0, 0]"
36.1808569431,,2278,,1583006341,34307003,"""Soft Puff""",[-0.18608741462230682],"[0, 1, 0, 0]"
36.1867985725,,2279,,1583006341,38913011,"""Soft Puff""",[-0.19694557785987854],"[0, 1, 0, 0]"
36.1919803619,,2280,,1583006341,44852018,"""Soft Puff""",[-0.18608741462230682],"[0, 1, 0, 0]"
36.2097942829,,2281,,1583006341,60839891,"""Soft Puff""",[-0.17526137828826904],"[0, 1, 0, 0]"
36.214214325,,2282,,1583006341,67832946,"""Soft Puff""",[-0.18608741462230682],"[0, 1, 0, 0]"
36.2185242176,,2283,,1583006341,72262048,"""Soft Puff""",[-0.17526137828826904],"[0, 1, 0, 0]"
36.2229654789,,2284,,1583006341,76545953,"""Soft Puff""",[-0.18608741462230682],"[0, 1, 0, 0]"
36.2278037071,,2285,,1583006341,81015110,"""Soft Puff""",[-0.17526137828826904],"[0, 1, 0, 0]"
36.2501778603,,2286,,1583006341,100801944,"""Soft Puff""",[-0.18608741462230682],"[0, 1, 0, 0]"
36.2845790386,,2287,,1583006341,134813070,"""Soft Puff""",[-0.19694557785987854],"[0, 1, 0, 0]"
36.2905745506,,2288,,1583006341,142658948,"""Soft Puff""",[-0.18608741462230682],"[0, 1, 0, 0]"
36.2958257198,,2289,,1583006341,148636102,"""Soft Puff""",[-0.19694557785987854],"[0, 1, 0, 0]"
36.3032755852,,2290,,1583006341,154694080,"""Soft Puff""",[-0.20780374109745026],"[0, 1, 0, 0]"
36.3374056816,,2291,,1583006341,188755989,"""Soft Puff""",[-0.19694557785987854],"[0, 1, 0, 0]"
36.3428869247,,2292,,1583006341,195458889,"""Soft Puff""",[-0.20780374109745026],"[0, 1, 0, 0]"
36.3477618694,,2293,,1583006341,200922966,"""Soft Puff""",[-0.19694557785987854],"[0, 1, 0, 0]"
36.3630008698,,2294,,1583006341,214814901,"""Soft Puff""",[-0.18608741462230682],"[0, 1, 0, 0]"
36.4245646,,2295,,1583006341,276787042,"""Soft Puff""",[-0.19694557785987854],"[0, 1, 0, 0]"
36.4571034908,,2296,,1583006341,308834075,"""Zero Band""",[-0.20780374109745026],"[0, 0, 0, 0]"
36.4742350578,,2297,,1583006341,326940059,"""Zero Band""",[-0.21866190433502197],"[0, 0, 0, 0]"
36.4788341522,,2298,,1583006341,332305908,"""Zero Band""",[-0.20780374109745026],"[0, 0, 0, 0]"
36.4856114388,,2299,,1583006341,336909055,"""Zero Band""",[-0.21866190433502197],"[0, 0, 0, 0]"
36.4962084293,,2300,,1583006341,348766088,"""Zero Band""",[-0.2295200675725937],"[0, 0, 0, 0]"
36.5069928169,,2301,,1583006341,358781099,"""Zero Band""",[-0.24034611880779266],"[0, 0, 0, 0]"
36.5144014359,,2302,,1583006341,366704940,"""Zero Band""",[-0.2512042820453644],"[0, 0, 0, 0]"
36.5230944157,,2303,,1583006341,374738931,"""Zero Band""",[-0.2620624303817749],"[0, 0, 0, 0]"
36.5385110378,,2304,,1583006341,388798952,"""Zero Band""",[-0.2729206085205078],"[0, 0, 0, 0]"
36.5433168411,,2305,,1583006341,396605968,"""Zero Band""",[-0.2620624303817749],"[0, 0, 0, 0]"
36.5493516922,,2306,,1583006341,401401042,"""Zero Band""",[-0.2729206085205078],"[0, 0, 0, 0]"
36.5568504333,,2307,,1583006341,407416105,"""Zero Band""",[-0.2620624303817749],"[0, 0, 0, 0]"
36.5620062351,,2308,,1583006341,414916038,"""Zero Band""",[-0.2729206085205078],"[0, 0, 0, 0]"
36.5679647923,,2309,,1583006341,420068025,"""Zero Band""",[-0.2620624303817749],"[0, 0, 0, 0]"
36.5755798817,,2310,,1583006341,428725957,"""Zero Band""",[-0.2512042820453644],"[0, 0, 0, 0]"
36.5929994583,,2311,,1583006341,444745063,"""Zero Band""",[-0.24034611880779266],"[0, 0, 0, 0]"
36.6263246536,,2312,,1583006341,478831052,"""Zero Band""",[-0.2512042820453644],"[0, 0, 0, 0]"
36.6704185009,,2313,,1583006341,522769927,"""Zero Band""",[-0.2620624303817749],"[0, 0, 0, 0]"
36.681791544,,2314,,1583006341,534769058,"""Zero Band""",[-0.2729206085205078],"[0, 0, 0, 0]"
36.7000229359,,2315,,1583006341,552747011,"""Zero Band""",[-0.28377875685691833],"[0, 0, 0, 0]"
36.7130637169,,2316,,1583006341,564765930,"""Zero Band""",[-0.2729206085205078],"[0, 0, 0, 0]"
36.7320530415,,2317,,1583006341,584769010,"""Zero Band""",[-0.2620624303817749],"[0, 0, 0, 0]"
36.7431647778,,2318,,1583006341,594755887,"""Zero Band""",[-0.2512042820453644],"[0, 0, 0, 0]"
36.7483062744,,2319,,1583006341,601322889,"""Zero Band""",[-0.24034611880779266],"[0, 0, 0, 0]"
36.7567605972,,2320,,1583006341,608714103,"""Zero Band""",[-0.2295200675725937],"[0, 0, 0, 0]"
36.7612042427,,2321,,1583006341,614829063,"""Zero Band""",[-0.21866190433502197],"[0, 0, 0, 0]"
36.768684864,,2322,,1583006341,620663881,"""Zero Band""",[-0.20780374109745026],"[0, 0, 0, 0]"
36.7755916119,,2323,,1583006341,626749992,"""Zero Band""",[-0.19694557785987854],"[0, 0, 0, 0]"
36.7800450325,,2324,,1583006341,633614063,"""Zero Band""",[-0.18608741462230682],"[0, 0, 0, 0]"
36.7854642868,,2325,,1583006341,638123035,"""Zero Band""",[-0.17526137828826904],"[0, 0, 0, 0]"
36.7921454906,,2326,,1583006341,643532037,"""Zero Band""",[-0.16440321505069733],"[0, 0, 0, 0]"
36.7977824211,,2327,,1583006341,650232076,"""Zero Band""",[-0.1535450518131256],"[0, 0, 0, 0]"
36.8052561283,,2328,,1583006341,655854940,"""Zero Band""",[-0.1426868885755539],"[0, 0, 0, 0]"
36.8114905357,,2329,,1583006341,663343906,"""Zero Band""",[-0.13182871043682098],"[0, 0, 0, 0]"
36.8159315586,,2330,,1583006341,669570922,"""Zero Band""",[-0.1210026741027832],"[0, 0, 0, 0]"
36.8214197159,,2331,,1583006341,674010038,"""Zero Band""",[-0.11014451086521149],"[0, 0, 0, 0]"
36.827019453,,2332,,1583006341,679487943,"""Zero Band""",[-0.09928634762763977],"[0, 0, 0, 0]"
36.8316063881,,2333,,1583006341,684999942,"""Zero Band""",[-0.08842818439006805],"[0, 0, 0, 0]"
36.8390760422,,2334,,1583006341,689825057,"""Zero Band""",[-0.07757002115249634],"[0, 0, 0, 0]"
36.8439629078,,2335,,1583006341,697165012,"""Zero Band""",[-0.06671185791492462],"[0, 0, 0, 0]"
36.8490800858,,2336,,1583006341,701945066,"""Zero Band""",[-0.055885814130306244],"[0, 0, 0, 0]"
36.8572797775,,2337,,1583006341,707220077,"""Zero Band""",[-0.04502765089273453],"[0, 0, 0, 0]"
36.8630173206,,2338,,1583006341,715267896,"""Zero Band""",[-0.03416948765516281],"[0, 0, 0, 0]"
36.8699092865,,2339,,1583006341,721075057,"""Zero Band""",[-0.023311322554945946],"[0, 0, 0, 0]"
36.8745365143,,2340,,1583006341,727878093,"""Zero Band""",[-0.012453158386051655],"[0, 0, 0, 0]"
36.8754019737,,2341,,1583006341,732599973,"""Zero Band""",[-0.0016271184431388974],"[0, 0, 0, 0]"
36.8760802746,,2342,,1583006341,733371973,"""Zero Band""",[-0.0],"[0, 0, 0, 0]"
36.876789093,,2343,,1583006341,734050989,"""Zero Band""",[-0.0],"[0, 0, 0, 0]"
36.8775086403,,2344,,1583006341,734855890,"""Zero Band""",[-0.0],"[0, 0, 0, 0]"
36.8781826496,,2345,,1583006341,735486984,"""Zero Band""",[-0.0],"[0, 0, 0, 0]"
36.8788499832,,2346,,1583006341,736174106,"""Zero Band""",[-0.0],"[0, 0, 0, 0]"
36.8824796677,,2347,,1583006341,739655017,"""Zero Band""",[-0.0],"[0, 0, 0, 0]"
36.8826267719,,2348,,1583006341,739655017,"""input stopped""",[-0.0],"[0, 0, 0, 0]"
37.7749962807,,2349,,1583006342,631742000,"""Zero Band""",[-0.0],"[0, 0, 0, 0]"
37.7795348167,,2350,,1583006342,636708021,"""Zero Band""",[-0.0],"[0, 0, 0, 0]"
37.7814092636,,2351,,1583006342,638669013,"""Zero Band""",[-0.0],"[0, 0, 0, 0]"
37.7835409641,,2352,,1583006342,640695095,"""Zero Band""",[-0.0],"[0, 0, 0, 0]"
37.7922081947,,2353,,1583006342,644768953,"""Zero Band""",[0.012485282495617867],"[0, 0, 0, 0]"
37.7974898815,,2354,,1583006342,650311946,"""Zero Band""",[0.04505977779626846],"[0, 0, 0, 0]"
37.8046233654,,2355,,1583006342,655481100,"""Zero Band""",[0.06674397736787796],"[0, 0, 0, 0]"
37.8101661205,,2356,,1583006342,662714958,"""Zero Band""",[0.08846031129360199],"[0, 0, 0, 0]"
37.814581871,,2357,,1583006342,668175935,"""Zero Band""",[0.13186083734035492],"[0, 0, 0, 0]"
37.8213846684,,2358,,1583006342,672564983,"""Zero Band""",[0.16443534195423126],"[0, 0, 0, 0]"
37.8276429176,,2359,,1583006342,679373025,"""Zero Band""",[0.19697770476341248],"[0, 0, 0, 0]"
37.8332726955,,2360,,1583006342,685779094,"""Zero Band""",[0.2403782308101654],"[0, 0, 0, 0]"
37.8402602673,,2361,,1583006342,691246032,"""Zero Band""",[0.27295273542404175],"[0, 0, 0, 0]"
37.8410503864,,2362,,1583006342,698239088,"""Soft-Hard Sip Deadband""",[0.3163532614707947],"[0, 0, 0, 0]"
37.8417708874,,2363,,1583006342,699034929,"""Soft-Hard Sip Deadband""",[0.3706119656562805],"[0, 0, 0, 0]"
37.8424339294,,2364,,1583006342,699750900,"""Soft-Hard Sip Deadband""",[0.4140446186065674],"[0, 0, 0, 0]"
37.8431384563,,2365,,1583006342,700414896,"""Soft-Hard Sip Deadband""",[0.4574451446533203],"[0, 0, 0, 0]"
37.8498933315,,2366,,1583006342,701214075,"""Hard Sip""",[0.5225620269775391],"[0, 0, 0, 1]"
37.8579404354,,2367,,1583006342,707679986,"""Hard Sip""",[0.5768207311630249],"[0, 0, 0, 1]"
37.8634572029,,2368,,1583006342,715907096,"""Hard Sip""",[0.6310794353485107],"[0, 0, 0, 1]"
37.8693113327,,2369,,1583006342,721431970,"""Hard Sip""",[0.6961962580680847],"[0, 0, 0, 1]"
37.8776612282,,2370,,1583006342,727451086,"""Hard Sip""",[0.7504549622535706],"[0, 0, 0, 1]"
37.88296175,,2371,,1583006342,735629081,"""Hard Sip""",[0.8155718445777893],"[0, 0, 0, 1]"
37.8893666267,,2372,,1583006342,740964889,"""Zero Band""",[0.8915147185325623],"[0, 0, 0, 0]"
37.8946056366,,2373,,1583006342,747333049,"""Zero Band""",[0.9457734227180481],"[0, 0, 0, 0]"
37.8999426365,,2374,,1583006342,752573013,"""Zero Band""",[1.0],"[0, 0, 0, 0]"
38.2105357647,,2375,,1583006343,62880039,"""Zero Band""",[0.978347897529602],"[0, 0, 0, 0]"
38.2153339386,,2376,,1583006343,68589925,"""Zero Band""",[0.9023728966712952],"[0, 0, 0, 0]"
38.2211203575,,2377,,1583006343,73414087,"""Zero Band""",[0.8263978958129883],"[0, 0, 0, 0]"
38.2266054153,,2378,,1583006343,79098939,"""Zero Band""",[0.7504549622535706],"[0, 0, 0, 0]"
38.2323360443,,2379,,1583006343,84363937,"""Zero Band""",[0.6853380799293518],"[0, 0, 0, 0]"
38.2391819954,,2380,,1583006343,90466022,"""Zero Band""",[0.6093630790710449],"[0, 0, 0, 0]"
38.2440826893,,2381,,1583006343,97167015,"""Zero Band""",[0.5551043748855591],"[0, 0, 0, 0]"
38.2449457645,,2382,,1583006343,102072954,"""Soft-Hard Sip Deadband""",[0.4791293442249298],"[0, 0, 0, 0]"
38.2456409931,,2383,,1583006343,102924108,"""Soft-Hard Sip Deadband""",[0.42487066984176636],"[0, 0, 0, 0]"
38.24635005,,2384,,1583006343,103605031,"""Soft-Hard Sip Deadband""",[0.3706119656562805],"[0, 0, 0, 0]"
38.2470843792,,2385,,1583006343,104326963,"""Soft-Hard Sip Deadband""",[0.30549511313438416],"[0, 0, 0, 0]"
38.2532274723,,2386,,1583006343,105139017,"""Soft Sip""",[0.26209455728530884],"[0, 0, 1, 0]"
38.2592461109,,2387,,1583006343,111203908,"""Soft Sip""",[0.2078358680009842],"[0, 0, 1, 0]"
38.2636437416,,2388,,1583006343,117223024,"""Soft Sip""",[0.16443534195423126],"[0, 0, 1, 0]"
38.2686004639,,2389,,1583006343,121568918,"""Soft Sip""",[0.12103480100631714],"[0, 0, 1, 0]"
38.2749912739,,2390,,1583006343,126616954,"""Soft Sip""",[0.08846031129360199],"[0, 0, 1, 0]"
38.2800550461,,2391,,1583006343,132980108,"""Soft Sip""",[0.04505977779626846],"[0, 0, 1, 0]"
38.2858710289,,2392,,1583006343,138124942,"""Soft Sip""",[0.012485282495617867],"[0, 0, 1, 0]"
38.2868390083,,2393,,1583006343,143968105,"""Zero Band""",[-0.0],"[0, 0, 0, 0]"
38.287863493,,2394,,1583006343,144810914,"""Zero Band""",[-0.0],"[0, 0, 0, 0]"
38.2887282372,,2395,,1583006343,145854949,"""Zero Band""",[-0.0],"[0, 0, 0, 0]"
38.2888617516,,2396,,1583006343,145854949,"""input stopped""",[-0.0],"[0, 0, 0, 0]"
39.3230483532,,2397,,1583006344,179706096,"""Zero Band""",[-0.0],"[0, 0, 0, 0]"
39.339840889,,2398,,1583006344,196799039,"""Zero Band""",[-0.0],"[0, 0, 0, 0]"
39.3477015495,,2399,,1583006344,204705953,"""Zero Band""",[-0.0],"[0, 0, 0, 0]"
39.3556296825,,2400,,1583006344,212723016,"""Zero Band""",[-0.0],"[0, 0, 0, 0]"
39.3637084961,,2401,,1583006344,220774888,"""Zero Band""",[-0.0],"[0, 0, 0, 0]"
39.3697879314,,2402,,1583006344,226795911,"""Zero Band""",[0.0016592431347817183],"[0, 0, 0, 0]"
39.3798847198,,2403,,1583006344,232805967,"""Soft Sip""",[0.012485282495617867],"[0, 0, 1, 0]"
39.3934304714,,2404,,1583006344,244803905,"""Soft Sip""",[0.023343447595834732],"[0, 0, 1, 0]"
39.40188694,,2405,,1583006344,254746913,"""Soft Sip""",[0.03420161083340645],"[0, 0, 1, 0]"
39.410721302,,2406,,1583006344,262773036,"""Soft Sip""",[0.04505977779626846],"[0, 0, 1, 0]"
39.4232497215,,2407,,1583006344,274774074,"""Soft Sip""",[0.05591794103384018],"[0, 0, 1, 0]"
39.4542620182,,2408,,1583006344,306787967,"""Soft Sip""",[0.06674397736787796],"[0, 0, 1, 0]"
39.4591100216,,2409,,1583006344,312026977,"""Soft Sip""",[0.05591794103384018],"[0, 0, 1, 0]"
39.4652209282,,2410,,1583006344,317238092,"""Soft Sip""",[0.06674397736787796],"[0, 0, 1, 0]"
39.522342205,,2411,,1583006344,374779939,"""Soft Sip""",[0.05591794103384018],"[0, 0, 1, 0]"
39.5662786961,,2412,,1583006344,418827056,"""Soft Sip""",[0.06674397736787796],"[0, 0, 1, 0]"
39.5875208378,,2413,,1583006344,438796997,"""Soft Sip""",[0.07760214805603027],"[0, 0, 1, 0]"
39.6163361073,,2414,,1583006344,468766927,"""Soft Sip""",[0.08846031129360199],"[0, 0, 1, 0]"
39.6402373314,,2415,,1583006344,490854978,"""Soft Sip""",[0.0993184745311737],"[0, 0, 1, 0]"
39.6541414261,,2416,,1583006344,504762887,"""Soft Sip""",[0.11017663776874542],"[0, 0, 1, 0]"
39.662910223,,2417,,1583006344,514754056,"""Soft Sip""",[0.12103480100631714],"[0, 0, 1, 0]"
39.6729474068,,2418,,1583006344,522720098,"""Soft Sip""",[0.13186083734035492],"[0, 0, 1, 0]"
39.6812028885,,2419,,1583006344,532747983,"""Soft Sip""",[0.14271900057792664],"[0, 0, 1, 0]"
39.6906359196,,2420,,1583006344,542790889,"""Soft Sip""",[0.15357716381549835],"[0, 0, 1, 0]"
39.7024772167,,2421,,1583006344,554749965,"""Soft Sip""",[0.16443534195423126],"[0, 0, 1, 0]"
39.7095293999,,2422,,1583006344,560734987,"""Soft Sip""",[0.17529350519180298],"[0, 0, 1, 0]"
39.7148869038,,2423,,1583006344,567630052,"""Soft Sip""",[0.16443534195423126],"[0, 0, 1, 0]"
39.7205741405,,2424,,1583006344,572942018,"""Soft Sip""",[0.17529350519180298],"[0, 0, 1, 0]"
39.7253775597,,2425,,1583006344,578620910,"""Soft Sip""",[0.18611954152584076],"[0, 0, 1, 0]"
39.7412176132,,2426,,1583006344,592820882,"""Soft Sip""",[0.19697770476341248],"[0, 0, 1, 0]"
39.7683837414,,2427,,1583006344,620824098,"""Soft Sip""",[0.2078358680009842],"[0, 0, 1, 0]"
39.8078229427,,2428,,1583006344,658863067,"""Soft Sip""",[0.2186940312385559],"[0, 0, 1, 0]"
39.8471298218,,2429,,1583006344,698899984,"""Soft Sip""",[0.22955219447612762],"[0, 0, 1, 0]"
39.9074752331,,2430,,1583006344,758941888,"""Soft Sip""",[0.2186940312385559],"[0, 0, 1, 0]"
39.9967548847,,2431,,1583006344,848773956,"""Soft Sip""",[0.22955219447612762],"[0, 0, 1, 0]"
40.0402810574,,2432,,1583006344,892767906,"""Soft Sip""",[0.2403782308101654],"[0, 0, 1, 0]"
40.0801928043,,2433,,1583006344,930833101,"""Soft Sip""",[0.2512364089488983],"[0, 0, 1, 0]"
40.0852482319,,2434,,1583006344,938270092,"""Soft Sip""",[0.2403782308101654],"[0, 0, 1, 0]"
40.0910723209,,2435,,1583006344,943335056,"""Soft Sip""",[0.2512364089488983],"[0, 0, 1, 0]"
40.0972101688,,2436,,1583006344,949119091,"""Soft Sip""",[0.2403782308101654],"[0, 0, 1, 0]"
40.102221489,,2437,,1583006344,955255031,"""Soft Sip""",[0.2512364089488983],"[0, 0, 1, 0]"
40.1100494862,,2438,,1583006344,962719917,"""Soft Sip""",[0.2403782308101654],"[0, 0, 1, 0]"
40.114723444,,2439,,1583006344,968113899,"""Soft Sip""",[0.2512364089488983],"[0, 0, 1, 0]"
40.1220345497,,2440,,1583006344,972764968,"""Soft Sip""",[0.2403782308101654],"[0, 0, 1, 0]"
40.1285963058,,2441,,1583006344,980112075,"""Soft Sip""",[0.2512364089488983],"[0, 0, 1, 0]"
40.1337389946,,2442,,1583006344,986661911,"""Soft Sip""",[0.2403782308101654],"[0, 0, 1, 0]"
40.1391370296,,2443,,1583006344,991812944,"""Soft Sip""",[0.2512364089488983],"[0, 0, 1, 0]"
40.1927647591,,2444,,1583006345,44881105,"""Soft Sip""",[0.26209455728530884],"[0, 0, 1, 0]"
40.2444837093,,2445,,1583006345,96879005,"""Soft Sip""",[0.27295273542404175],"[0, 0, 1, 0]"
40.2515995502,,2446,,1583006345,104737997,"""Soft Sip""",[0.26209455728530884],"[0, 0, 1, 0]"
40.2589871883,,2447,,1583006345,109637975,"""Soft Sip""",[0.27295273542404175],"[0, 0, 1, 0]"
40.264067173,,2448,,1583006345,117000102,"""Soft Sip""",[0.26209455728530884],"[0, 0, 1, 0]"
40.2695536613,,2449,,1583006345,122148990,"""Soft Sip""",[0.27295273542404175],"[0, 0, 1, 0]"
40.2756745815,,2450,,1583006345,127602100,"""Soft Sip""",[0.26209455728530884],"[0, 0, 1, 0]"
40.2803618908,,2451,,1583006345,133737087,"""Soft Sip""",[0.27295273542404175],"[0, 0, 1, 0]"
40.2864835262,,2452,,1583006345,138345003,"""Soft Sip""",[0.26209455728530884],"[0, 0, 1, 0]"
40.2924034595,,2453,,1583006345,144648075,"""Soft Sip""",[0.27295273542404175],"[0, 0, 1, 0]"
40.297949791,,2454,,1583006345,150481939,"""Soft Sip""",[0.26209455728530884],"[0, 0, 1, 0]"
40.3262069225,,2455,,1583006345,176820039,"""Soft Sip""",[0.27295273542404175],"[0, 0, 1, 0]"
40.3320143223,,2456,,1583006345,184235095,"""Soft Sip""",[0.26209455728530884],"[0, 0, 1, 0]"
40.3381490707,,2457,,1583006345,190074920,"""Soft Sip""",[0.27295273542404175],"[0, 0, 1, 0]"
40.4120988846,,2458,,1583006345,264751911,"""Soft Sip""",[0.28381088376045227],"[0, 0, 1, 0]"
40.4172353745,,2459,,1583006345,270180940,"""Soft Sip""",[0.27295273542404175],"[0, 0, 1, 0]"
40.4663786888,,2460,,1583006345,318840026,"""Soft Sip""",[0.26209455728530884],"[0, 0, 1, 0]"
40.4751331806,,2461,,1583006345,324526071,"""Soft Sip""",[0.27295273542404175],"[0, 0, 1, 0]"
40.4800467491,,2462,,1583006345,333210945,"""Soft Sip""",[0.26209455728530884],"[0, 0, 1, 0]"
40.4847023487,,2463,,1583006345,338104963,"""Soft Sip""",[0.27295273542404175],"[0, 0, 1, 0]"
40.5094492435,,2464,,1583006345,360997915,"""Soft Sip""",[0.28381088376045227],"[0, 0, 1, 0]"
40.5144646168,,2465,,1583006345,367551088,"""Soft Sip""",[0.27295273542404175],"[0, 0, 1, 0]"
40.5194900036,,2466,,1583006345,372566938,"""Soft Sip""",[0.28381088376045227],"[0, 0, 1, 0]"
40.6831893921,,2467,,1583006345,534854888,"""Soft Sip""",[0.27295273542404175],"[0, 0, 1, 0]"
40.689084053,,2468,,1583006345,541198968,"""Soft Sip""",[0.28381088376045227],"[0, 0, 1, 0]"
40.6939563751,,2469,,1583006345,547137022,"""Soft Sip""",[0.27295273542404175],"[0, 0, 1, 0]"
40.6998643875,,2470,,1583006345,552037954,"""Soft Sip""",[0.28381088376045227],"[0, 0, 1, 0]"
40.7050516605,,2471,,1583006345,557840108,"""Soft Sip""",[0.27295273542404175],"[0, 0, 1, 0]"
40.7416763306,,2472,,1583006345,592910051,"""Soft Sip""",[0.28381088376045227],"[0, 0, 1, 0]"
40.8138740063,,2473,,1583006345,666755914,"""Soft Sip""",[0.2946690618991852],"[0, 0, 1, 0]"
40.8185944557,,2474,,1583006345,671930074,"""Soft Sip""",[0.28381088376045227],"[0, 0, 1, 0]"
40.8231859207,,2475,,1583006345,676642894,"""Soft Sip""",[0.2946690618991852],"[0, 0, 1, 0]"
40.8295738697,,2476,,1583006345,681246042,"""Soft Sip""",[0.28381088376045227],"[0, 0, 1, 0]"
40.838562727,,2477,,1583006345,690797090,"""Soft Sip""",[0.2946690618991852],"[0, 0, 1, 0]"
40.968965292,,2478,,1583006345,820806980,"""Soft Sip""",[0.28381088376045227],"[0, 0, 1, 0]"
40.97514081,,2479,,1583006345,827017068,"""Soft Sip""",[0.2946690618991852],"[0, 0, 1, 0]"
40.9843690395,,2480,,1583006345,836719036,"""Soft Sip""",[0.28381088376045227],"[0, 0, 1, 0]"
40.9984283447,,2481,,1583006345,850816965,"""Soft Sip""",[0.2946690618991852],"[0, 0, 1, 0]"
41.0045824051,,2482,,1583006345,856494903,"""Soft Sip""",[0.28381088376045227],"[0, 0, 1, 0]"
41.0097429752,,2483,,1583006345,862667083,"""Soft Sip""",[0.2946690618991852],"[0, 0, 1, 0]"
41.0150334835,,2484,,1583006345,867791891,"""Soft Sip""",[0.28381088376045227],"[0, 0, 1, 0]"
41.0229837894,,2485,,1583006345,873107910,"""Soft Sip""",[0.2946690618991852],"[0, 0, 1, 0]"
41.0239441395,,2486,,1583006345,881043910,"""Soft-Hard Sip Deadband""",[0.30549511313438416],"[0, 0, 0, 0]"
41.0580997467,,2487,,1583006345,914834976,"""Soft-Hard Sip Deadband""",[0.3163532614707947],"[0, 0, 0, 0]"
41.0759575367,,2488,,1583006345,932784080,"""Soft-Hard Sip Deadband""",[0.3272114396095276],"[0, 0, 0, 0]"
41.097827673,,2489,,1583006345,954751014,"""Soft-Hard Sip Deadband""",[0.3380695879459381],"[0, 0, 0, 0]"
41.1676521301,,2490,,1583006346,24724960,"""Soft-Hard Sip Deadband""",[0.3272114396095276],"[0, 0, 0, 0]"
41.1859025955,,2491,,1583006346,42797088,"""Soft-Hard Sip Deadband""",[0.3163532614707947],"[0, 0, 0, 0]"
41.2421090603,,2492,,1583006346,98805904,"""Soft-Hard Sip Deadband""",[0.30549511313438416],"[0, 0, 0, 0]"
41.2456555367,,2493,,1583006346,102749109,"""Soft-Hard Sip Deadband""",[0.3163532614707947],"[0, 0, 0, 0]"
41.2820448875,,2494,,1583006346,138907909,"""Soft-Hard Sip Deadband""",[0.3272114396095276],"[0, 0, 0, 0]"
41.3059549332,,2495,,1583006346,162847042,"""Soft-Hard Sip Deadband""",[0.3380695879459381],"[0, 0, 0, 0]"
41.3338537216,,2496,,1583006346,190838098,"""Soft-Hard Sip Deadband""",[0.3272114396095276],"[0, 0, 0, 0]"
41.3521983624,,2497,,1583006346,208782911,"""Soft-Hard Sip Deadband""",[0.3163532614707947],"[0, 0, 0, 0]"
41.3859424591,,2498,,1583006346,242806911,"""Soft-Hard Sip Deadband""",[0.3272114396095276],"[0, 0, 0, 0]"
41.4038703442,,2499,,1583006346,260828018,"""Soft-Hard Sip Deadband""",[0.3163532614707947],"[0, 0, 0, 0]"
41.4140276909,,2500,,1583006346,270879983,"""Soft-Hard Sip Deadband""",[0.30549511313438416],"[0, 0, 0, 0]"
41.4276063442,,2501,,1583006346,280771970,"""Soft Sip""",[0.2946690618991852],"[0, 0, 1, 0]"
41.4373159409,,2502,,1583006346,288741111,"""Soft Sip""",[0.28381088376045227],"[0, 0, 1, 0]"
41.4528403282,,2503,,1583006346,304855108,"""Soft Sip""",[0.2946690618991852],"[0, 0, 1, 0]"
41.4563510418,,2504,,1583006346,312959909,"""Soft-Hard Sip Deadband""",[0.30549511313438416],"[0, 0, 0, 0]"
41.4658033848,,2505,,1583006346,322746038,"""Soft-Hard Sip Deadband""",[0.3163532614707947],"[0, 0, 0, 0]"
41.4674913883,,2506,,1583006346,324711084,"""Soft-Hard Sip Deadband""",[0.3272114396095276],"[0, 0, 0, 0]"
41.4760744572,,2507,,1583006346,332820892,"""Soft-Hard Sip Deadband""",[0.3380695879459381],"[0, 0, 0, 0]"
41.4817593098,,2508,,1583006346,338793039,"""Soft-Hard Sip Deadband""",[0.348927766084671],"[0, 0, 0, 0]"
41.4880049229,,2509,,1583006346,344783067,"""Soft-Hard Sip Deadband""",[0.3597537875175476],"[0, 0, 0, 0]"
41.4918632507,,2510,,1583006346,348803043,"""Soft-Hard Sip Deadband""",[0.3706119656562805],"[0, 0, 0, 0]"
41.4997098446,,2511,,1583006346,356769084,"""Soft-Hard Sip Deadband""",[0.38147011399269104],"[0, 0, 0, 0]"
41.5016758442,,2512,,1583006346,358731985,"""Soft-Hard Sip Deadband""",[0.39232829213142395],"[0, 0, 0, 0]"
41.5077772141,,2513,,1583006346,364748954,"""Soft-Hard Sip Deadband""",[0.4031864404678345],"[0, 0, 0, 0]"
41.5136523247,,2514,,1583006346,370691061,"""Soft-Hard Sip Deadband""",[0.4140446186065674],"[0, 0, 0, 0]"
41.5228099823,,2515,,1583006346,378808975,"""Soft-Hard Sip Deadband""",[0.42487066984176636],"[0, 0, 0, 0]"
41.5258572102,,2516,,1583006346,382746934,"""Soft-Hard Sip Deadband""",[0.4357288181781769],"[0, 0, 0, 0]"
41.533914566,,2517,,1583006346,390763044,"""Soft-Hard Sip Deadband""",[0.4465869963169098],"[0, 0, 0, 0]"
41.5421054363,,2518,,1583006346,398797035,"""Soft-Hard Sip Deadband""",[0.4574451446533203],"[0, 0, 0, 0]"
41.5678694248,,2519,,1583006346,424762010,"""Soft-Hard Sip Deadband""",[0.4465869963169098],"[0, 0, 0, 0]"
41.5739707947,,2520,,1583006346,430821895,"""Soft-Hard Sip Deadband""",[0.4357288181781769],"[0, 0, 0, 0]"
41.5775866508,,2521,,1583006346,434731960,"""Soft-Hard Sip Deadband""",[0.42487066984176636],"[0, 0, 0, 0]"
41.5835797787,,2522,,1583006346,440711021,"""Soft-Hard Sip Deadband""",[0.4140446186065674],"[0, 0, 0, 0]"
41.6138699055,,2523,,1583006346,470782995,"""Soft-Hard Sip Deadband""",[0.4031864404678345],"[0, 0, 0, 0]"
41.6220254898,,2524,,1583006346,478821039,"""Soft-Hard Sip Deadband""",[0.39232829213142395],"[0, 0, 0, 0]"
41.6257433891,,2525,,1583006346,482799053,"""Soft-Hard Sip Deadband""",[0.38147011399269104],"[0, 0, 0, 0]"
41.6295552254,,2526,,1583006346,486737012,"""Soft-Hard Sip Deadband""",[0.3706119656562805],"[0, 0, 0, 0]"
41.6336195469,,2527,,1583006346,490735054,"""Soft-Hard Sip Deadband""",[0.3597537875175476],"[0, 0, 0, 0]"
41.6354696751,,2528,,1583006346,492666006,"""Soft-Hard Sip Deadband""",[0.348927766084671],"[0, 0, 0, 0]"
41.6375703812,,2529,,1583006346,494676113,"""Soft-Hard Sip Deadband""",[0.3380695879459381],"[0, 0, 0, 0]"
41.6397359371,,2530,,1583006346,496742963,"""Soft-Hard Sip Deadband""",[0.3272114396095276],"[0, 0, 0, 0]"
41.6434972286,,2531,,1583006346,500688076,"""Soft-Hard Sip Deadband""",[0.3163532614707947],"[0, 0, 0, 0]"
41.6455044746,,2532,,1583006346,502717971,"""Soft-Hard Sip Deadband""",[0.30549511313438416],"[0, 0, 0, 0]"
41.6518244743,,2533,,1583006346,504678964,"""Soft Sip""",[0.2946690618991852],"[0, 0, 1, 0]"
41.6563658714,,2534,,1583006346,509903907,"""Soft Sip""",[0.28381088376045227],"[0, 0, 1, 0]"
41.6613526344,,2535,,1583006346,514408111,"""Soft Sip""",[0.27295273542404175],"[0, 0, 1, 0]"
41.6715342999,,2536,,1583006346,522789001,"""Soft Sip""",[0.28381088376045227],"[0, 0, 1, 0]"
41.6764352322,,2537,,1583006346,529628038,"""Soft Sip""",[0.2946690618991852],"[0, 0, 1, 0]"
41.6777472496,,2538,,1583006346,534487962,"""Soft-Hard Sip Deadband""",[0.30549511313438416],"[0, 0, 0, 0]"
41.6797220707,,2539,,1583006346,536714076,"""Soft-Hard Sip Deadband""",[0.3163532614707947],"[0, 0, 0, 0]"
41.6814975739,,2540,,1583006346,538683891,"""Soft-Hard Sip Deadband""",[0.3272114396095276],"[0, 0, 0, 0]"
41.68587327,,2541,,1583006346,542795896,"""Soft-Hard Sip Deadband""",[0.3380695879459381],"[0, 0, 0, 0]"
41.6873545647,,2542,,1583006346,544648885,"""Soft-Hard Sip Deadband""",[0.348927766084671],"[0, 0, 0, 0]"
41.6894571781,,2543,,1583006346,546694040,"""Soft-Hard Sip Deadband""",[0.3597537875175476],"[0, 0, 0, 0]"
41.6915426254,,2544,,1583006346,548724889,"""Soft-Hard Sip Deadband""",[0.3706119656562805],"[0, 0, 0, 0]"
41.6955168247,,2545,,1583006346,552709102,"""Soft-Hard Sip Deadband""",[0.38147011399269104],"[0, 0, 0, 0]"
41.6995565891,,2546,,1583006346,556683063,"""Soft-Hard Sip Deadband""",[0.39232829213142395],"[0, 0, 0, 0]"
41.7035620213,,2547,,1583006346,560673952,"""Soft-Hard Sip Deadband""",[0.4031864404678345],"[0, 0, 0, 0]"
41.7056016922,,2548,,1583006346,562696933,"""Soft-Hard Sip Deadband""",[0.4140446186065674],"[0, 0, 0, 0]"
41.7079737186,,2549,,1583006346,564774990,"""Soft-Hard Sip Deadband""",[0.42487066984176636],"[0, 0, 0, 0]"
41.7115361691,,2550,,1583006346,568665027,"""Soft-Hard Sip Deadband""",[0.4357288181781769],"[0, 0, 0, 0]"
41.7136342525,,2551,,1583006346,570693016,"""Soft-Hard Sip Deadband""",[0.4574451446533203],"[0, 0, 0, 0]"
41.7154910564,,2552,,1583006346,572669982,"""Soft-Hard Sip Deadband""",[0.4683033227920532],"[0, 0, 0, 0]"
41.7174735069,,2553,,1583006346,574704885,"""Soft-Hard Sip Deadband""",[0.4791293442249298],"[0, 0, 0, 0]"
41.7219338417,,2554,,1583006346,578747987,"""Soft-Hard Sip Deadband""",[0.4899875223636627],"[0, 0, 0, 0]"
41.7295007706,,2555,,1583006346,580770969,"""Zero Band""",[0.5008456707000732],"[0, 0, 0, 0]"
41.7353029251,,2556,,1583006346,587590932,"""Zero Band""",[0.5117038488388062],"[0, 0, 0, 0]"
41.7401645184,,2557,,1583006346,593314886,"""Zero Band""",[0.5225620269775391],"[0, 0, 0, 0]"
41.7470521927,,2558,,1583006346,598273992,"""Zero Band""",[0.533388078212738],"[0, 0, 0, 0]"
41.752104044,,2559,,1583006346,605067968,"""Zero Band""",[0.5442461967468262],"[0, 0, 0, 0]"
41.7585682869,,2560,,1583006346,610146999,"""Zero Band""",[0.5551043748855591],"[0, 0, 0, 0]"
41.7661290169,,2561,,1583006346,616576910,"""Zero Band""",[0.565962553024292],"[0, 0, 0, 0]"
41.7714407444,,2562,,1583006346,624272108,"""Zero Band""",[0.5768207311630249],"[0, 0, 0, 0]"
41.7783675194,,2563,,1583006346,629407882,"""Zero Band""",[0.587678849697113],"[0, 0, 0, 0]"
41.784101963,,2564,,1583006346,636343002,"""Zero Band""",[0.598504900932312],"[0, 0, 0, 0]"
41.78936553,,2565,,1583006346,642096996,"""Zero Band""",[0.6093630790710449],"[0, 0, 0, 0]"
41.7959189415,,2566,,1583006346,647516012,"""Zero Band""",[0.6202212572097778],"[0, 0, 0, 0]"
41.8020088673,,2567,,1583006346,653769016,"""Zero Band""",[0.6310794353485107],"[0, 0, 0, 0]"
41.807115078,,2568,,1583006346,659894943,"""Zero Band""",[0.6419375538825989],"[0, 0, 0, 0]"
41.8138771057,,2569,,1583006346,665204048,"""Zero Band""",[0.6527636051177979],"[0, 0, 0, 0]"
41.8186173439,,2570,,1583006346,671710968,"""Zero Band""",[0.6636217832565308],"[0, 0, 0, 0]"
41.8242635727,,2571,,1583006346,676657915,"""Zero Band""",[0.6744799613952637],"[0, 0, 0, 0]"
41.8310892582,,2572,,1583006346,682105064,"""Zero Band""",[0.6853380799293518],"[0, 0, 0, 0]"
41.8380498886,,2573,,1583006346,689208984,"""Zero Band""",[0.6961962580680847],"[0, 0, 0, 0]"
41.8438334465,,2574,,1583006346,696031093,"""Zero Band""",[0.7070544362068176],"[0, 0, 0, 0]"
41.8491072655,,2575,,1583006346,701807022,"""Zero Band""",[0.7178804874420166],"[0, 0, 0, 0]"
41.8550333977,,2576,,1583006346,707128047,"""Zero Band""",[0.7287386655807495],"[0, 0, 0, 0]"
41.8617222309,,2577,,1583006346,713012933,"""Zero Band""",[0.7395967841148376],"[0, 0, 0, 0]"
41.8673872948,,2578,,1583006346,719772100,"""Zero Band""",[0.7504549622535706],"[0, 0, 0, 0]"
41.8734097481,,2579,,1583006346,725359916,"""Zero Band""",[0.7613131403923035],"[0, 0, 0, 0]"
41.8801929951,,2580,,1583006346,731643915,"""Zero Band""",[0.7721391916275024],"[0, 0, 0, 0]"
41.8851625919,,2581,,1583006346,738172054,"""Zero Band""",[0.7829973101615906],"[0, 0, 0, 0]"
41.8921637535,,2582,,1583006346,743141889,"""Zero Band""",[0.7938554883003235],"[0, 0, 0, 0]"
41.8968541622,,2583,,1583006346,750137090,"""Zero Band""",[0.8155718445777893],"[0, 0, 0, 0]"
41.9023675919,,2584,,1583006346,754837036,"""Zero Band""",[0.8263978958129883],"[0, 0, 0, 0]"
41.9069087505,,2585,,1583006346,760334014,"""Zero Band""",[0.8481141924858093],"[0, 0, 0, 0]"
41.9125061035,,2586,,1583006346,764919042,"""Zero Band""",[0.8698305487632751],"[0, 0, 0, 0]"
41.9186325073,,2587,,1583006346,770489931,"""Zero Band""",[0.8915147185325623],"[0, 0, 0, 0]"
41.9235725403,,2588,,1583006346,776618003,"""Zero Band""",[0.9132310748100281],"[0, 0, 0, 0]"
41.9286878109,,2589,,1583006346,781461954,"""Zero Band""",[0.9349473714828491],"[0, 0, 0, 0]"
41.9347233772,,2590,,1583006346,786566972,"""Zero Band""",[0.9457734227180481],"[0, 0, 0, 0]"
41.9414258003,,2591,,1583006346,792699098,"""Zero Band""",[0.9674897789955139],"[0, 0, 0, 0]"
41.9461843967,,2592,,1583006346,799420118,"""Zero Band""",[0.989206075668335],"[0, 0, 0, 0]"
41.952201128,,2593,,1583006346,804162025,"""Zero Band""",[1.0],"[0, 0, 0, 0]"
42.0103321075,,2594,,1583006346,862827062,"""Zero Band""",[0.978347897529602],"[0, 0, 0, 0]"
42.0157871246,,2595,,1583006346,868406057,"""Zero Band""",[0.956631600856781],"[0, 0, 0, 0]"
42.0226099491,,2596,,1583006346,873888969,"""Zero Band""",[0.9349473714828491],"[0, 0, 0, 0]"
42.0288364887,,2597,,1583006346,880768060,"""Zero Band""",[0.9132310748100281],"[0, 0, 0, 0]"
42.0341284275,,2598,,1583006346,886815071,"""Zero Band""",[0.8915147185325623],"[0, 0, 0, 0]"
42.0421760082,,2599,,1583006346,892174959,"""Zero Band""",[0.8698305487632751],"[0, 0, 0, 0]"
42.0472972393,,2600,,1583006346,900147914,"""Zero Band""",[0.8481141924858093],"[0, 0, 0, 0]"
42.0519535542,,2601,,1583006346,905344009,"""Zero Band""",[0.8155718445777893],"[0, 0, 0, 0]"
42.05813694,,2602,,1583006346,909933090,"""Zero Band""",[0.7938554883003235],"[0, 0, 0, 0]"
42.0642340183,,2603,,1583006346,916130065,"""Zero Band""",[0.7829973101615906],"[0, 0, 0, 0]"
42.0699563026,,2604,,1583006346,922205924,"""Zero Band""",[0.7395967841148376],"[0, 0, 0, 0]"
42.0776050091,,2605,,1583006346,928044080,"""Zero Band""",[0.7287386655807495],"[0, 0, 0, 0]"
42.0820708275,,2606,,1583006346,935455083,"""Zero Band""",[0.7178804874420166],"[0, 0, 0, 0]"
42.0878577232,,2607,,1583006346,940186023,"""Zero Band""",[0.7070544362068176],"[0, 0, 0, 0]"
42.0945074558,,2608,,1583006346,945700883,"""Zero Band""",[0.6961962580680847],"[0, 0, 0, 0]"
42.1001014709,,2609,,1583006346,952627897,"""Zero Band""",[0.6853380799293518],"[0, 0, 0, 0]"
42.1060655117,,2610,,1583006346,958076000,"""Zero Band""",[0.6744799613952637],"[0, 0, 0, 0]"
42.1124083996,,2611,,1583006346,964065074,"""Zero Band""",[0.6636217832565308],"[0, 0, 0, 0]"
42.1171803474,,2612,,1583006346,970405101,"""Zero Band""",[0.6527636051177979],"[0, 0, 0, 0]"
42.1232376099,,2613,,1583006346,975157976,"""Zero Band""",[0.6419375538825989],"[0, 0, 0, 0]"
42.129427433,,2614,,1583006346,981268882,"""Zero Band""",[0.6310794353485107],"[0, 0, 0, 0]"
42.1356890202,,2615,,1583006346,987338066,"""Zero Band""",[0.6202212572097778],"[0, 0, 0, 0]"
42.143507719,,2616,,1583006346,993695974,"""Zero Band""",[0.6093630790710449],"[0, 0, 0, 0]"
42.1495838165,,2617,,1583006347,1735925,"""Zero Band""",[0.598504900932312],"[0, 0, 0, 0]"
42.1543114185,,2618,,1583006347,7592916,"""Zero Band""",[0.5768207311630249],"[0, 0, 0, 0]"
42.1602728367,,2619,,1583006347,12288093,"""Zero Band""",[0.565962553024292],"[0, 0, 0, 0]"
42.165951252,,2620,,1583006347,18270969,"""Zero Band""",[0.5442461967468262],"[0, 0, 0, 0]"
42.1723992825,,2621,,1583006347,23936986,"""Zero Band""",[0.5225620269775391],"[0, 0, 0, 0]"
42.1733028889,,2622,,1583006347,30374050,"""Soft-Hard Sip Deadband""",[0.4791293442249298],"[0, 0, 0, 0]"
42.1740481853,,2623,,1583006347,31276941,"""Soft-Hard Sip Deadband""",[0.4465869963169098],"[0, 0, 0, 0]"
42.1749715805,,2624,,1583006347,32004117,"""Soft-Hard Sip Deadband""",[0.4140446186065674],"[0, 0, 0, 0]"
42.1759417057,,2625,,1583006347,32964944,"""Soft-Hard Sip Deadband""",[0.39232829213142395],"[0, 0, 0, 0]"
42.176886797,,2626,,1583006347,33921003,"""Soft-Hard Sip Deadband""",[0.3597537875175476],"[0, 0, 0, 0]"
42.1778199673,,2627,,1583006347,34888982,"""Soft-Hard Sip Deadband""",[0.3272114396095276],"[0, 0, 0, 0]"
42.1831934452,,2628,,1583006347,35794019,"""Soft Sip""",[0.2946690618991852],"[0, 0, 1, 0]"
42.189786911,,2629,,1583006347,41162014,"""Soft Sip""",[0.26209455728530884],"[0, 0, 1, 0]"
42.1942169666,,2630,,1583006347,47641992,"""Soft Sip""",[0.2186940312385559],"[0, 0, 1, 0]"
42.2002749443,,2631,,1583006347,52206993,"""Soft Sip""",[0.18611954152584076],"[0, 0, 1, 0]"
42.2063887119,,2632,,1583006347,58303117,"""Soft Sip""",[0.16443534195423126],"[0, 0, 1, 0]"
42.2119805813,,2633,,1583006347,64394950,"""Soft Sip""",[0.13186083734035492],"[0, 0, 1, 0]"
42.2164657116,,2634,,1583006347,69955110,"""Soft Sip""",[0.08846031129360199],"[0, 0, 1, 0]"
42.2218265533,,2635,,1583006347,74438095,"""Soft Sip""",[0.06674397736787796],"[0, 0, 1, 0]"
42.2270536423,,2636,,1583006347,79811096,"""Soft Sip""",[0.03420161083340645],"[0, 0, 1, 0]"
42.2330908775,,2637,,1583006347,85072040,"""Soft Sip""",[0.012485282495617867],"[0, 0, 1, 0]"
42.2344090939,,2638,,1583006347,91069936,"""Zero Band""",[-0.0],"[0, 0, 0, 0]"
42.2354981899,,2639,,1583006347,92427015,"""Zero Band""",[-0.0],"[0, 0, 0, 0]"
42.2363476753,,2640,,1583006347,93487977,"""Zero Band""",[-0.0],"[0, 0, 0, 0]"
42.2373509407,,2641,,1583006347,94455003,"""Zero Band""",[-0.0],"[0, 0, 0, 0]"
42.2374556065,,2642,,1583006347,94455003,"""input stopped""",[-0.0],"[0, 0, 0, 0]"
42.5688378811,,2643,,1583006347,425721883,"""Zero Band""",[-0.0],"[0, 0, 0, 0]"
42.5715277195,,2644,,1583006347,428711891,"""Zero Band""",[-0.0],"[0, 0, 0, 0]"
42.5735218525,,2645,,1583006347,430675983,"""Zero Band""",[-0.0],"[0, 0, 0, 0]"
42.5795326233,,2646,,1583006347,436682939,"""Zero Band""",[-0.0],"[0, 0, 0, 0]"
42.5855724812,,2647,,1583006347,442696094,"""Zero Band""",[0.0016592431347817183],"[0, 0, 0, 0]"
42.5920438766,,2648,,1583006347,444725036,"""Soft Sip""",[0.012485282495617867],"[0, 0, 1, 0]"
42.5967311859,,2649,,1583006347,450073957,"""Soft Sip""",[0.023343447595834732],"[0, 0, 1, 0]"
42.6016905308,,2650,,1583006347,454830884,"""Soft Sip""",[0.03420161083340645],"[0, 0, 1, 0]"
42.6076982021,,2651,,1583006347,459673881,"""Soft Sip""",[0.04505977779626846],"[0, 0, 1, 0]"
42.6140840054,,2652,,1583006347,465671062,"""Soft Sip""",[0.05591794103384018],"[0, 0, 1, 0]"
42.6199221611,,2653,,1583006347,472167968,"""Soft Sip""",[0.06674397736787796],"[0, 0, 1, 0]"
42.6263985634,,2654,,1583006347,477948904,"""Soft Sip""",[0.07760214805603027],"[0, 0, 1, 0]"
42.632869482,,2655,,1583006347,484389066,"""Soft Sip""",[0.08846031129360199],"[0, 0, 1, 0]"
42.6389884949,,2656,,1583006347,490849971,"""Soft Sip""",[0.0993184745311737],"[0, 0, 1, 0]"
42.6449351311,,2657,,1583006347,497100114,"""Soft Sip""",[0.11017663776874542],"[0, 0, 1, 0]"
42.651456356,,2658,,1583006347,502857923,"""Soft Sip""",[0.12103480100631714],"[0, 0, 1, 0]"
42.6581935883,,2659,,1583006347,509375095,"""Soft Sip""",[0.13186083734035492],"[0, 0, 1, 0]"
42.6634397507,,2660,,1583006347,516273021,"""Soft Sip""",[0.12103480100631714],"[0, 0, 1, 0]"
42.6699306965,,2661,,1583006347,521419048,"""Soft Sip""",[0.13186083734035492],"[0, 0, 1, 0]"
42.6754579544,,2662,,1583006347,528043985,"""Soft Sip""",[0.12103480100631714],"[0, 0, 1, 0]"
42.680535078,,2663,,1583006347,533435106,"""Soft Sip""",[0.11017663776874542],"[0, 0, 1, 0]"
42.6904466152,,2664,,1583006347,540918111,"""Soft Sip""",[0.12103480100631714],"[0, 0, 1, 0]"
42.6963078976,,2665,,1583006347,548495054,"""Soft Sip""",[0.11017663776874542],"[0, 0, 1, 0]"
42.7012627125,,2666,,1583006347,554358005,"""Soft Sip""",[0.12103480100631714],"[0, 0, 1, 0]"
42.7088837624,,2667,,1583006347,560889005,"""Soft Sip""",[0.13186083734035492],"[0, 0, 1, 0]"
42.716783762,,2668,,1583006347,568734884,"""Soft Sip""",[0.14271900057792664],"[0, 0, 1, 0]"
42.7250142097,,2669,,1583006347,576745986,"""Soft Sip""",[0.15357716381549835],"[0, 0, 1, 0]"
42.7317419052,,2670,,1583006347,584696054,"""Soft Sip""",[0.16443534195423126],"[0, 0, 1, 0]"
42.7438459396,,2671,,1583006347,592704057,"""Soft Sip""",[0.17529350519180298],"[0, 0, 1, 0]"
42.7497298717,,2672,,1583006347,601613044,"""Soft Sip""",[0.18611954152584076],"[0, 0, 1, 0]"
42.755865097,,2673,,1583006347,607810020,"""Soft Sip""",[0.19697770476341248],"[0, 0, 1, 0]"
42.7645647526,,2674,,1583006347,616698026,"""Soft Sip""",[0.2078358680009842],"[0, 0, 1, 0]"
42.7694499493,,2675,,1583006347,622603893,"""Soft Sip""",[0.2186940312385559],"[0, 0, 1, 0]"
42.7746851444,,2676,,1583006347,627563953,"""Soft Sip""",[0.22955219447612762],"[0, 0, 1, 0]"
42.7803971767,,2677,,1583006347,632747888,"""Soft Sip""",[0.2403782308101654],"[0, 0, 1, 0]"
42.7897531986,,2678,,1583006347,640710115,"""Soft Sip""",[0.2512364089488983],"[0, 0, 1, 0]"
42.7959327698,,2679,,1583006347,647805929,"""Soft Sip""",[0.26209455728530884],"[0, 0, 1, 0]"
42.8004288673,,2680,,1583006347,653990983,"""Soft Sip""",[0.27295273542404175],"[0, 0, 1, 0]"
42.8058207035,,2681,,1583006347,658505916,"""Soft Sip""",[0.28381088376045227],"[0, 0, 1, 0]"
42.8105726242,,2682,,1583006347,663693904,"""Soft Sip""",[0.2946690618991852],"[0, 0, 1, 0]"
42.8121650219,,2683,,1583006347,668642044,"""Soft-Hard Sip Deadband""",[0.30549511313438416],"[0, 0, 0, 0]"
42.8130881786,,2684,,1583006347,670229911,"""Soft-Hard Sip Deadband""",[0.3163532614707947],"[0, 0, 0, 0]"
42.8137829304,,2685,,1583006347,670991897,"""Soft-Hard Sip Deadband""",[0.3272114396095276],"[0, 0, 0, 0]"
42.8144755363,,2686,,1583006347,671749114,"""Soft-Hard Sip Deadband""",[0.3380695879459381],"[0, 0, 0, 0]"
42.8151192665,,2687,,1583006347,672473907,"""Soft-Hard Sip Deadband""",[0.348927766084671],"[0, 0, 0, 0]"
42.8159365654,,2688,,1583006347,673171997,"""Soft-Hard Sip Deadband""",[0.3597537875175476],"[0, 0, 0, 0]"
42.8199636936,,2689,,1583006347,676726102,"""Soft-Hard Sip Deadband""",[0.3706119656562805],"[0, 0, 0, 0]"
42.8278164864,,2690,,1583006347,684719085,"""Soft-Hard Sip Deadband""",[0.38147011399269104],"[0, 0, 0, 0]"
42.8399050236,,2691,,1583006347,696810960,"""Soft-Hard Sip Deadband""",[0.3706119656562805],"[0, 0, 0, 0]"
42.8459334373,,2692,,1583006347,702814102,"""Soft-Hard Sip Deadband""",[0.3597537875175476],"[0, 0, 0, 0]"
42.8476593494,,2693,,1583006347,704682111,"""Soft-Hard Sip Deadband""",[0.348927766084671],"[0, 0, 0, 0]"
42.8498065472,,2694,,1583006347,706734895,"""Soft-Hard Sip Deadband""",[0.3380695879459381],"[0, 0, 0, 0]"
42.8541927338,,2695,,1583006347,710840940,"""Soft-Hard Sip Deadband""",[0.3272114396095276],"[0, 0, 0, 0]"
42.8555669785,,2696,,1583006347,712707042,"""Soft-Hard Sip Deadband""",[0.3163532614707947],"[0, 0, 0, 0]"
42.8575487137,,2697,,1583006347,714688062,"""Soft-Hard Sip Deadband""",[0.30549511313438416],"[0, 0, 0, 0]"
42.8656177521,,2698,,1583006347,718702077,"""Soft Sip""",[0.2946690618991852],"[0, 0, 1, 0]"
42.8710045815,,2699,,1583006347,723666906,"""Soft Sip""",[0.28381088376045227],"[0, 0, 1, 0]"
42.8795719147,,2700,,1583006347,729120969,"""Soft Sip""",[0.27295273542404175],"[0, 0, 1, 0]"
42.8851058483,,2701,,1583006347,737644910,"""Soft Sip""",[0.2512364089488983],"[0, 0, 1, 0]"
42.8915717602,,2702,,1583006347,742877960,"""Soft Sip""",[0.2403782308101654],"[0, 0, 1, 0]"
42.8960604668,,2703,,1583006347,749572992,"""Soft Sip""",[0.22955219447612762],"[0, 0, 1, 0]"
42.9021940231,,2704,,1583006347,754736900,"""Soft Sip""",[0.2403782308101654],"[0, 0, 1, 0]"
42.9132678509,,2705,,1583006347,765089035,"""Soft Sip""",[0.2512364089488983],"[0, 0, 1, 0]"
42.9187805653,,2706,,1583006347,771328926,"""Soft Sip""",[0.26209455728530884],"[0, 0, 1, 0]"
42.9248898029,,2707,,1583006347,776864051,"""Soft Sip""",[0.27295273542404175],"[0, 0, 1, 0]"
42.9316842556,,2708,,1583006347,782937049,"""Soft Sip""",[0.28381088376045227],"[0, 0, 1, 0]"
42.9374313354,,2709,,1583006347,789737939,"""Soft Sip""",[0.2946690618991852],"[0, 0, 1, 0]"
42.9387106895,,2710,,1583006347,795447111,"""Soft-Hard Sip Deadband""",[0.30549511313438416],"[0, 0, 0, 0]"
42.9399609566,,2711,,1583006347,796751022,"""Soft-Hard Sip Deadband""",[0.3163532614707947],"[0, 0, 0, 0]"
42.9413590431,,2712,,1583006347,798012018,"""Soft-Hard Sip Deadband""",[0.3272114396095276],"[0, 0, 0, 0]"
42.9417686462,,2713,,1583006347,799014091,"""Soft-Hard Sip Deadband""",[0.3380695879459381],"[0, 0, 0, 0]"
42.9433891773,,2714,,1583006347,800664901,"""Soft-Hard Sip Deadband""",[0.348927766084671],"[0, 0, 0, 0]"
42.9497499466,,2715,,1583006347,806751966,"""Soft-Hard Sip Deadband""",[0.3597537875175476],"[0, 0, 0, 0]"
42.9536986351,,2716,,1583006347,810746908,"""Soft-Hard Sip Deadband""",[0.3706119656562805],"[0, 0, 0, 0]"
42.9599611759,,2717,,1583006347,816827058,"""Soft-Hard Sip Deadband""",[0.38147011399269104],"[0, 0, 0, 0]"
42.9704763889,,2718,,1583006347,826899051,"""Soft-Hard Sip Deadband""",[0.39232829213142395],"[0, 0, 0, 0]"
42.9922268391,,2719,,1583006347,848829030,"""Soft-Hard Sip Deadband""",[0.4031864404678345],"[0, 0, 0, 0]"
43.0019049644,,2720,,1583006347,858822107,"""Soft-Hard Sip Deadband""",[0.4140446186065674],"[0, 0, 0, 0]"
43.0197050571,,2721,,1583006347,876785993,"""Soft-Hard Sip Deadband""",[0.42487066984176636],"[0, 0, 0, 0]"
43.0455536842,,2722,,1583006347,902719020,"""Soft-Hard Sip Deadband""",[0.4140446186065674],"[0, 0, 0, 0]"
43.0741903782,,2723,,1583006347,930922985,"""Soft-Hard Sip Deadband""",[0.4031864404678345],"[0, 0, 0, 0]"
43.0776472092,,2724,,1583006347,934737920,"""Soft-Hard Sip Deadband""",[0.4140446186065674],"[0, 0, 0, 0]"
43.0795576572,,2725,,1583006347,936695098,"""Soft-Hard Sip Deadband""",[0.4031864404678345],"[0, 0, 0, 0]"
43.097761631,,2726,,1583006347,954791069,"""Soft-Hard Sip Deadband""",[0.39232829213142395],"[0, 0, 0, 0]"
43.1037247181,,2727,,1583006347,960710048,"""Soft-Hard Sip Deadband""",[0.38147011399269104],"[0, 0, 0, 0]"
43.1079072952,,2728,,1583006347,964819908,"""Soft-Hard Sip Deadband""",[0.3706119656562805],"[0, 0, 0, 0]"
43.1137888432,,2729,,1583006347,970776081,"""Soft-Hard Sip Deadband""",[0.3597537875175476],"[0, 0, 0, 0]"
43.1155085564,,2730,,1583006347,972704887,"""Soft-Hard Sip Deadband""",[0.348927766084671],"[0, 0, 0, 0]"
43.1217653751,,2731,,1583006347,978737115,"""Soft-Hard Sip Deadband""",[0.3380695879459381],"[0, 0, 0, 0]"
43.1257989407,,2732,,1583006347,982769012,"""Soft-Hard Sip Deadband""",[0.3272114396095276],"[0, 0, 0, 0]"
43.1580889225,,2733,,1583006348,14883995,"""Soft-Hard Sip Deadband""",[0.3380695879459381],"[0, 0, 0, 0]"
43.1617517471,,2734,,1583006348,18738985,"""Soft-Hard Sip Deadband""",[0.348927766084671],"[0, 0, 0, 0]"
43.1695752144,,2735,,1583006348,26710033,"""Soft-Hard Sip Deadband""",[0.3597537875175476],"[0, 0, 0, 0]"
43.175976038,,2736,,1583006348,32833099,"""Soft-Hard Sip Deadband""",[0.3706119656562805],"[0, 0, 0, 0]"
43.1837809086,,2737,,1583006348,40755033,"""Soft-Hard Sip Deadband""",[0.38147011399269104],"[0, 0, 0, 0]"
43.194123745,,2738,,1583006348,50771951,"""Soft-Hard Sip Deadband""",[0.39232829213142395],"[0, 0, 0, 0]"
43.2017047405,,2739,,1583006348,58737039,"""Soft-Hard Sip Deadband""",[0.4031864404678345],"[0, 0, 0, 0]"
43.2196490765,,2740,,1583006348,76766014,"""Soft-Hard Sip Deadband""",[0.39232829213142395],"[0, 0, 0, 0]"
43.2214872837,,2741,,1583006348,78680992,"""Soft-Hard Sip Deadband""",[0.4031864404678345],"[0, 0, 0, 0]"
43.225805521,,2742,,1583006348,82751035,"""Soft-Hard Sip Deadband""",[0.39232829213142395],"[0, 0, 0, 0]"
43.2337296009,,2743,,1583006348,90696096,"""Soft-Hard Sip Deadband""",[0.38147011399269104],"[0, 0, 0, 0]"
43.2377085686,,2744,,1583006348,94731092,"""Soft-Hard Sip Deadband""",[0.3706119656562805],"[0, 0, 0, 0]"
43.2696995735,,2745,,1583006348,126775026,"""Soft-Hard Sip Deadband""",[0.3597537875175476],"[0, 0, 0, 0]"
43.292116642,,2746,,1583006348,148825883,"""Soft-Hard Sip Deadband""",[0.3706119656562805],"[0, 0, 0, 0]"
43.3038706779,,2747,,1583006348,160751104,"""Soft-Hard Sip Deadband""",[0.38147011399269104],"[0, 0, 0, 0]"
43.314106226,,2748,,1583006348,170835971,"""Soft-Hard Sip Deadband""",[0.39232829213142395],"[0, 0, 0, 0]"
43.3218381405,,2749,,1583006348,178778886,"""Soft-Hard Sip Deadband""",[0.4031864404678345],"[0, 0, 0, 0]"
43.3299818039,,2750,,1583006348,186791896,"""Soft-Hard Sip Deadband""",[0.4140446186065674],"[0, 0, 0, 0]"
43.3315081596,,2751,,1583006348,188692092,"""Soft-Hard Sip Deadband""",[0.42487066984176636],"[0, 0, 0, 0]"
43.3376381397,,2752,,1583006348,194717884,"""Soft-Hard Sip Deadband""",[0.4357288181781769],"[0, 0, 0, 0]"
43.3394010067,,2753,,1583006348,196681022,"""Soft-Hard Sip Deadband""",[0.4465869963169098],"[0, 0, 0, 0]"
43.3414492607,,2754,,1583006348,198678016,"""Soft-Hard Sip Deadband""",[0.4574451446533203],"[0, 0, 0, 0]"
43.347730875,,2755,,1583006348,204749107,"""Soft-Hard Sip Deadband""",[0.4683033227920532],"[0, 0, 0, 0]"
43.3516333103,,2756,,1583006348,208745956,"""Soft-Hard Sip Deadband""",[0.4791293442249298],"[0, 0, 0, 0]"
43.3600242138,,2757,,1583006348,216772079,"""Soft-Hard Sip Deadband""",[0.4899875223636627],"[0, 0, 0, 0]"
43.3696212769,,2758,,1583006348,222743034,"""Zero Band""",[0.5008456707000732],"[0, 0, 0, 0]"
43.3766100407,,2759,,1583006348,228734016,"""Zero Band""",[0.5117038488388062],"[0, 0, 0, 0]"
43.3823623657,,2760,,1583006348,234678030,"""Zero Band""",[0.5225620269775391],"[0, 0, 0, 0]"
43.3887410164,,2761,,1583006348,240386009,"""Zero Band""",[0.533388078212738],"[0, 0, 0, 0]"
43.4033586979,,2762,,1583006348,254920005,"""Zero Band""",[0.5225620269775391],"[0, 0, 0, 0]"
43.407984972,,2763,,1583006348,261450052,"""Zero Band""",[0.5117038488388062],"[0, 0, 0, 0]"
43.4139358997,,2764,,1583006348,266076087,"""Zero Band""",[0.5008456707000732],"[0, 0, 0, 0]"
43.4148495197,,2765,,1583006348,271976947,"""Soft-Hard Sip Deadband""",[0.4899875223636627],"[0, 0, 0, 0]"
43.4157984257,,2766,,1583006348,272898912,"""Soft-Hard Sip Deadband""",[0.4791293442249298],"[0, 0, 0, 0]"
43.4175474644,,2767,,1583006348,274708986,"""Soft-Hard Sip Deadband""",[0.4683033227920532],"[0, 0, 0, 0]"
43.4196577072,,2768,,1583006348,276691913,"""Soft-Hard Sip Deadband""",[0.4574451446533203],"[0, 0, 0, 0]"
43.424425602,,2769,,1583006348,280807971,"""Soft-Hard Sip Deadband""",[0.4465869963169098],"[0, 0, 0, 0]"
43.4255597591,,2770,,1583006348,282763004,"""Soft-Hard Sip Deadband""",[0.4357288181781769],"[0, 0, 0, 0]"
43.4278109074,,2771,,1583006348,284708976,"""Soft-Hard Sip Deadband""",[0.42487066984176636],"[0, 0, 0, 0]"
43.4295406342,,2772,,1583006348,286712884,"""Soft-Hard Sip Deadband""",[0.4140446186065674],"[0, 0, 0, 0]"
43.433536768,,2773,,1583006348,290678977,"""Soft-Hard Sip Deadband""",[0.39232829213142395],"[0, 0, 0, 0]"
43.43780303,,2774,,1583006348,294780969,"""Soft-Hard Sip Deadband""",[0.3706119656562805],"[0, 0, 0, 0]"
43.442081213,,2775,,1583006348,298928022,"""Soft-Hard Sip Deadband""",[0.3597537875175476],"[0, 0, 0, 0]"
43.4433848858,,2776,,1583006348,300672054,"""Soft-Hard Sip Deadband""",[0.348927766084671],"[0, 0, 0, 0]"
43.4454197884,,2777,,1583006348,302665948,"""Soft-Hard Sip Deadband""",[0.3272114396095276],"[0, 0, 0, 0]"
43.4494533539,,2778,,1583006348,306674003,"""Soft-Hard Sip Deadband""",[0.3163532614707947],"[0, 0, 0, 0]"
43.4514935017,,2779,,1583006348,308665990,"""Soft-Hard Sip Deadband""",[0.30549511313438416],"[0, 0, 0, 0]"
43.4588239193,,2780,,1583006348,310705900,"""Soft Sip""",[0.2946690618991852],"[0, 0, 1, 0]"
43.4649837017,,2781,,1583006348,316844940,"""Soft Sip""",[0.28381088376045227],"[0, 0, 1, 0]"
43.4927051067,,2782,,1583006348,342938899,"""Soft Sip""",[0.27295273542404175],"[0, 0, 1, 0]"
43.4974386692,,2783,,1583006348,350764989,"""Soft Sip""",[0.26209455728530884],"[0, 0, 1, 0]"
43.5027780533,,2784,,1583006348,355504035,"""Soft Sip""",[0.2512364089488983],"[0, 0, 1, 0]"
43.5104084015,,2785,,1583006348,360846042,"""Soft Sip""",[0.2403782308101654],"[0, 0, 1, 0]"
43.5162401199,,2786,,1583006348,368489980,"""Soft Sip""",[0.22955219447612762],"[0, 0, 1, 0]"
43.5221207142,,2787,,1583006348,374341011,"""Soft Sip""",[0.2186940312385559],"[0, 0, 1, 0]"
43.5287213326,,2788,,1583006348,380083084,"""Soft Sip""",[0.2078358680009842],"[0, 0, 1, 0]"
43.5339298248,,2789,,1583006348,386765003,"""Soft Sip""",[0.18611954152584076],"[0, 0, 1, 0]"
43.5400588512,,2790,,1583006348,391896963,"""Soft Sip""",[0.17529350519180298],"[0, 0, 1, 0]"
43.5457215309,,2791,,1583006348,398027896,"""Soft Sip""",[0.15357716381549835],"[0, 0, 1, 0]"
43.5514585972,,2792,,1583006348,403842926,"""Soft Sip""",[0.13186083734035492],"[0, 0, 1, 0]"
43.556999445,,2793,,1583006348,409436941,"""Soft Sip""",[0.12103480100631714],"[0, 0, 1, 0]"
43.5624909401,,2794,,1583006348,415005922,"""Soft Sip""",[0.0993184745311737],"[0, 0, 1, 0]"
43.5669043064,,2795,,1583006348,420478105,"""Soft Sip""",[0.07760214805603027],"[0, 0, 1, 0]"
43.5721151829,,2796,,1583006348,424901008,"""Soft Sip""",[0.05591794103384018],"[0, 0, 1, 0]"
43.5778462887,,2797,,1583006348,430223941,"""Soft Sip""",[0.04505977779626846],"[0, 0, 1, 0]"
43.5831899643,,2798,,1583006348,435828924,"""Soft Sip""",[0.023343447595834732],"[0, 0, 1, 0]"
43.5901391506,,2799,,1583006348,441174983,"""Soft Sip""",[0.012485282495617867],"[0, 0, 1, 0]"
43.5914137363,,2800,,1583006348,448199033,"""Zero Band""",[0.0016592431347817183],"[0, 0, 0, 0]"
43.5922968388,,2801,,1583006348,449390888,"""Zero Band""",[-0.0],"[0, 0, 0, 0]"
43.5929999352,,2802,,1583006348,450268030,"""Zero Band""",[-0.0],"[0, 0, 0, 0]"
43.5937345028,,2803,,1583006348,451069116,"""Zero Band""",[-0.0],"[0, 0, 0, 0]"
43.5943818092,,2804,,1583006348,451720952,"""Zero Band""",[-0.0],"[0, 0, 0, 0]"
43.5951323509,,2805,,1583006348,452357053,"""Zero Band""",[-0.0],"[0, 0, 0, 0]"
43.5958058834,,2806,,1583006348,453113079,"""Zero Band""",[-0.0],"[0, 0, 0, 0]"
43.5958602428,,2807,,1583006348,453113079,"""input stopped""",[-0.0],"[0, 0, 0, 0]"
43.6867513657,,2808,,1583006348,543756008,"""Zero Band""",[-0.0],"[0, 0, 0, 0]"
43.6938869953,,2809,,1583006348,550796985,"""Zero Band""",[-0.0],"[0, 0, 0, 0]"
43.6954565048,,2810,,1583006348,552680015,"""Zero Band""",[-0.0],"[0, 0, 0, 0]"
43.6994802952,,2811,,1583006348,556693077,"""Zero Band""",[-0.0],"[0, 0, 0, 0]"
43.7035262585,,2812,,1583006348,560691118,"""Zero Band""",[-0.0],"[0, 0, 0, 0]"
43.7055058479,,2813,,1583006348,562702894,"""Zero Band""",[0.0016592431347817183],"[0, 0, 0, 0]"
43.7142758369,,2814,,1583006348,566756963,"""Soft Sip""",[0.012485282495617867],"[0, 0, 1, 0]"
43.7194879055,,2815,,1583006348,572299003,"""Soft Sip""",[0.023343447595834732],"[0, 0, 1, 0]"
43.7250738144,,2816,,1583006348,577487945,"""Soft Sip""",[0.03420161083340645],"[0, 0, 1, 0]"
43.7308547497,,2817,,1583006348,583133935,"""Soft Sip""",[0.04505977779626846],"[0, 0, 1, 0]"
43.7356414795,,2818,,1583006348,588923931,"""Soft Sip""",[0.05591794103384018],"[0, 0, 1, 0]"
43.7415521145,,2819,,1583006348,593662977,"""Soft Sip""",[0.06674397736787796],"[0, 0, 1, 0]"
43.7482206821,,2820,,1583006348,599570035,"""Soft Sip""",[0.05591794103384018],"[0, 0, 1, 0]"
43.7557425499,,2821,,1583006348,608828067,"""Soft Sip""",[0.04505977779626846],"[0, 0, 1, 0]"
43.7605769634,,2822,,1583006348,613782882,"""Soft Sip""",[0.05591794103384018],"[0, 0, 1, 0]"
43.7698321342,,2823,,1583006348,622747898,"""Soft Sip""",[0.04505977779626846],"[0, 0, 1, 0]"
43.7782196999,,2824,,1583006348,628709077,"""Soft Sip""",[0.05591794103384018],"[0, 0, 1, 0]"
43.7831745148,,2825,,1583006348,636282920,"""Soft Sip""",[0.04505977779626846],"[0, 0, 1, 0]"
43.9422626495,,2826,,1583006348,794794082,"""Soft Sip""",[0.05591794103384018],"[0, 0, 1, 0]"
43.9471101761,,2827,,1583006348,800296068,"""Soft Sip""",[0.04505977779626846],"[0, 0, 1, 0]"
43.9480445385,,2828,,1583006348,805216073,"""Zero Band""",[-0.0],"[0, 0, 0, 0]"
43.9495675564,,2829,,1583006348,806704044,"""Zero Band""",[-0.0],"[0, 0, 0, 0]"
43.950476408,,2830,,1583006348,807638883,"""Zero Band""",[-0.0],"[0, 0, 0, 0]"
43.95058918,,2831,,1583006348,807638883,"""input stopped""",[-0.0],"[0, 0, 0, 0]"
44.3310410976,,2832,,1583006349,187724113,"""Zero Band""",[-0.0],"[0, 0, 0, 0]"
44.3517532349,,2833,,1583006349,208749055,"""Zero Band""",[-0.0],"[0, 0, 0, 0]"
44.3681261539,,2834,,1583006349,224790096,"""Zero Band""",[-0.0],"[0, 0, 0, 0]"
44.3820905685,,2835,,1583006349,238807916,"""Zero Band""",[-0.0],"[0, 0, 0, 0]"
44.3876464367,,2836,,1583006349,244740009,"""Zero Band""",[-0.0],"[0, 0, 0, 0]"
44.3936214447,,2837,,1583006349,250741958,"""Zero Band""",[0.0016592431347817183],"[0, 0, 0, 0]"
44.4043376446,,2838,,1583006349,256736993,"""Soft Sip""",[0.012485282495617867],"[0, 0, 1, 0]"
44.4106035233,,2839,,1583006349,262428045,"""Soft Sip""",[0.023343447595834732],"[0, 0, 1, 0]"
44.417371273,,2840,,1583006349,268599987,"""Soft Sip""",[0.03420161083340645],"[0, 0, 1, 0]"
44.4228327274,,2841,,1583006349,275443077,"""Soft Sip""",[0.04505977779626846],"[0, 0, 1, 0]"
44.428262949,,2842,,1583006349,280821084,"""Soft Sip""",[0.05591794103384018],"[0, 0, 1, 0]"
44.4347801208,,2843,,1583006349,286226987,"""Soft Sip""",[0.06674397736787796],"[0, 0, 1, 0]"
44.44115448,,2844,,1583006349,292871952,"""Soft Sip""",[0.07760214805603027],"[0, 0, 1, 0]"
44.4471650124,,2845,,1583006349,299144029,"""Soft Sip""",[0.08846031129360199],"[0, 0, 1, 0]"
44.4521520138,,2846,,1583006349,305150985,"""Soft Sip""",[0.0993184745311737],"[0, 0, 1, 0]"
44.4571084976,,2847,,1583006349,310133934,"""Soft Sip""",[0.11017663776874542],"[0, 0, 1, 0]"
44.4622416496,,2848,,1583006349,315109014,"""Soft Sip""",[0.12103480100631714],"[0, 0, 1, 0]"
44.4701287746,,2849,,1583006349,320297002,"""Soft Sip""",[0.13186083734035492],"[0, 0, 1, 0]"
44.4761121273,,2850,,1583006349,328351974,"""Soft Sip""",[0.14271900057792664],"[0, 0, 1, 0]"
44.4815688133,,2851,,1583006349,333988904,"""Soft Sip""",[0.15357716381549835],"[0, 0, 1, 0]"
44.4878501892,,2852,,1583006349,339592933,"""Soft Sip""",[0.16443534195423126],"[0, 0, 1, 0]"
44.4937841892,,2853,,1583006349,345849990,"""Soft Sip""",[0.17529350519180298],"[0, 0, 1, 0]"
44.4995009899,,2854,,1583006349,351763963,"""Soft Sip""",[0.18611954152584076],"[0, 0, 1, 0]"
44.5054297447,,2855,,1583006349,357480049,"""Soft Sip""",[0.19697770476341248],"[0, 0, 1, 0]"
44.5112621784,,2856,,1583006349,363430976,"""Soft Sip""",[0.2078358680009842],"[0, 0, 1, 0]"
44.5174062252,,2857,,1583006349,369400024,"""Soft Sip""",[0.2186940312385559],"[0, 0, 1, 0]"
44.5233280659,,2858,,1583006349,375364065,"""Soft Sip""",[0.22955219447612762],"[0, 0, 1, 0]"
44.5302453041,,2859,,1583006349,381342887,"""Soft Sip""",[0.2403782308101654],"[0, 0, 1, 0]"
44.5357644558,,2860,,1583006349,388205051,"""Soft Sip""",[0.2512364089488983],"[0, 0, 1, 0]"
44.5411758423,,2861,,1583006349,393640995,"""Soft Sip""",[0.26209455728530884],"[0, 0, 1, 0]"
44.5457212925,,2862,,1583006349,399195909,"""Soft Sip""",[0.27295273542404175],"[0, 0, 1, 0]"
44.5518183708,,2863,,1583006349,403789043,"""Soft Sip""",[0.26209455728530884],"[0, 0, 1, 0]"
44.557161808,,2864,,1583006349,409977912,"""Soft Sip""",[0.2512364089488983],"[0, 0, 1, 0]"
44.5636377335,,2865,,1583006349,415153980,"""Soft Sip""",[0.2403782308101654],"[0, 0, 1, 0]"
44.5685715675,,2866,,1583006349,421618938,"""Soft Sip""",[0.2512364089488983],"[0, 0, 1, 0]"
44.5741801262,,2867,,1583006349,426548957,"""Soft Sip""",[0.2403782308101654],"[0, 0, 1, 0]"
44.5799937248,,2868,,1583006349,432132005,"""Soft Sip""",[0.22955219447612762],"[0, 0, 1, 0]"
44.5853688717,,2869,,1583006349,438043117,"""Soft Sip""",[0.2186940312385559],"[0, 0, 1, 0]"
44.5907959938,,2870,,1583006349,443475008,"""Soft Sip""",[0.2078358680009842],"[0, 0, 1, 0]"
44.5959112644,,2871,,1583006349,448800086,"""Soft Sip""",[0.19697770476341248],"[0, 0, 1, 0]"
44.601177454,,2872,,1583006349,453912973,"""Soft Sip""",[0.18611954152584076],"[0, 0, 1, 0]"
44.6073532104,,2873,,1583006349,459165096,"""Soft Sip""",[0.17529350519180298],"[0, 0, 1, 0]"
44.6120450497,,2874,,1583006349,465379953,"""Soft Sip""",[0.16443534195423126],"[0, 0, 1, 0]"
44.6174051762,,2875,,1583006349,470062017,"""Soft Sip""",[0.15357716381549835],"[0, 0, 1, 0]"
44.6230518818,,2876,,1583006349,475459098,"""Soft Sip""",[0.14271900057792664],"[0, 0, 1, 0]"
44.6291844845,,2877,,1583006349,481031894,"""Soft Sip""",[0.13186083734035492],"[0, 0, 1, 0]"
44.6346180439,,2878,,1583006349,487191915,"""Soft Sip""",[0.12103480100631714],"[0, 0, 1, 0]"
44.6400756836,,2879,,1583006349,492651939,"""Soft Sip""",[0.11017663776874542],"[0, 0, 1, 0]"
44.6447327137,,2880,,1583006349,498145103,"""Soft Sip""",[0.0993184745311737],"[0, 0, 1, 0]"
44.6491920948,,2881,,1583006349,502717971,"""Soft Sip""",[0.08846031129360199],"[0, 0, 1, 0]"
44.6548917294,,2882,,1583006349,507237911,"""Soft Sip""",[0.07760214805603027],"[0, 0, 1, 0]"
44.6618537903,,2883,,1583006349,512727022,"""Soft Sip""",[0.08846031129360199],"[0, 0, 1, 0]"
44.6676335335,,2884,,1583006349,519874095,"""Soft Sip""",[0.07760214805603027],"[0, 0, 1, 0]"
44.6722245216,,2885,,1583006349,525666952,"""Soft Sip""",[0.08846031129360199],"[0, 0, 1, 0]"
44.6789216995,,2886,,1583006349,530282020,"""Soft Sip""",[0.0993184745311737],"[0, 0, 1, 0]"
44.6839313507,,2887,,1583006349,536948919,"""Soft Sip""",[0.11017663776874542],"[0, 0, 1, 0]"
44.6908848286,,2888,,1583006349,541948080,"""Soft Sip""",[0.12103480100631714],"[0, 0, 1, 0]"
44.6965539455,,2889,,1583006349,548827886,"""Soft Sip""",[0.13186083734035492],"[0, 0, 1, 0]"
44.7013056278,,2890,,1583006349,554651975,"""Soft Sip""",[0.14271900057792664],"[0, 0, 1, 0]"
44.7068662643,,2891,,1583006349,559288024,"""Soft Sip""",[0.15357716381549835],"[0, 0, 1, 0]"
44.7134785652,,2892,,1583006349,564986944,"""Soft Sip""",[0.16443534195423126],"[0, 0, 1, 0]"
44.7199454308,,2893,,1583006349,571453094,"""Soft Sip""",[0.17529350519180298],"[0, 0, 1, 0]"
44.7275025845,,2894,,1583006349,577888011,"""Soft Sip""",[0.18611954152584076],"[0, 0, 1, 0]"
44.7321624756,,2895,,1583006349,585582971,"""Soft Sip""",[0.19697770476341248],"[0, 0, 1, 0]"
44.7371692657,,2896,,1583006349,590132951,"""Soft Sip""",[0.2078358680009842],"[0, 0, 1, 0]"
44.7425961494,,2897,,1583006349,595231056,"""Soft Sip""",[0.2186940312385559],"[0, 0, 1, 0]"
44.7480995655,,2898,,1583006349,600564956,"""Soft Sip""",[0.22955219447612762],"[0, 0, 1, 0]"
44.7798485756,,2899,,1583006349,630795001,"""Soft Sip""",[0.2403782308101654],"[0, 0, 1, 0]"
44.7968518734,,2900,,1583006349,646866083,"""Soft Sip""",[0.2512364089488983],"[0, 0, 1, 0]"
44.8041796684,,2901,,1583006349,656714916,"""Soft Sip""",[0.26209455728530884],"[0, 0, 1, 0]"
44.8207416534,,2902,,1583006349,672915935,"""Soft Sip""",[0.27295273542404175],"[0, 0, 1, 0]"
44.8541502953,,2903,,1583006349,706836938,"""Soft Sip""",[0.26209455728530884],"[0, 0, 1, 0]"
44.8609085083,,2904,,1583006349,712740898,"""Soft Sip""",[0.27295273542404175],"[0, 0, 1, 0]"
44.8662068844,,2905,,1583006349,718966960,"""Soft Sip""",[0.26209455728530884],"[0, 0, 1, 0]"
44.8711700439,,2906,,1583006349,724256038,"""Soft Sip""",[0.27295273542404175],"[0, 0, 1, 0]"
44.8758921623,,2907,,1583006349,729197978,"""Soft Sip""",[0.26209455728530884],"[0, 0, 1, 0]"
44.8815770149,,2908,,1583006349,733930110,"""Soft Sip""",[0.27295273542404175],"[0, 0, 1, 0]"
44.8870193958,,2909,,1583006349,739556074,"""Soft Sip""",[0.26209455728530884],"[0, 0, 1, 0]"
44.9064819813,,2910,,1583006349,758794069,"""Soft Sip""",[0.27295273542404175],"[0, 0, 1, 0]"
44.953776598,,2911,,1583006349,804763078,"""Soft Sip""",[0.26209455728530884],"[0, 0, 1, 0]"
44.9631295204,,2912,,1583006349,814763069,"""Soft Sip""",[0.2512364089488983],"[0, 0, 1, 0]"
44.9807784557,,2913,,1583006349,832983970,"""Soft Sip""",[0.2403782308101654],"[0, 0, 1, 0]"
45.0189037323,,2914,,1583006349,870964050,"""Soft Sip""",[0.2512364089488983],"[0, 0, 1, 0]"
45.0244443417,,2915,,1583006349,876981019,"""Soft Sip""",[0.2403782308101654],"[0, 0, 1, 0]"
45.0302157402,,2916,,1583006349,882545948,"""Soft Sip""",[0.2512364089488983],"[0, 0, 1, 0]"
45.0381402969,,2917,,1583006349,890732049,"""Soft Sip""",[0.26209455728530884],"[0, 0, 1, 0]"
45.0495269299,,2918,,1583006349,900846004,"""Soft Sip""",[0.27295273542404175],"[0, 0, 1, 0]"
45.0553278923,,2919,,1583006349,908723115,"""Soft Sip""",[0.28381088376045227],"[0, 0, 1, 0]"
45.0663278103,,2920,,1583006349,918816089,"""Soft Sip""",[0.2946690618991852],"[0, 0, 1, 0]"
45.0784509182,,2921,,1583006349,934951066,"""Soft-Hard Sip Deadband""",[0.30549511313438416],"[0, 0, 0, 0]"
45.0991301537,,2922,,1583006349,950879096,"""Soft Sip""",[0.2946690618991852],"[0, 0, 1, 0]"
45.1000134945,,2923,,1583006349,957176923,"""Soft-Hard Sip Deadband""",[0.30549511313438416],"[0, 0, 0, 0]"
45.1052570343,,2924,,1583006349,958055019,"""Soft Sip""",[0.2946690618991852],"[0, 0, 1, 0]"
45.1061339378,,2925,,1583006349,963294029,"""Soft-Hard Sip Deadband""",[0.30549511313438416],"[0, 0, 0, 0]"
45.113047123,,2926,,1583006349,964154958,"""Soft Sip""",[0.2946690618991852],"[0, 0, 1, 0]"
45.1300041676,,2927,,1583006349,986789941,"""Soft-Hard Sip Deadband""",[0.30549511313438416],"[0, 0, 0, 0]"
45.1399075985,,2928,,1583006349,996786117,"""Soft-Hard Sip Deadband""",[0.3163532614707947],"[0, 0, 0, 0]"
45.1444380283,,2929,,1583006350,864982,"""Soft-Hard Sip Deadband""",[0.30549511313438416],"[0, 0, 0, 0]"
45.1457529068,,2930,,1583006350,2720117,"""Soft-Hard Sip Deadband""",[0.3163532614707947],"[0, 0, 0, 0]"
45.1517190933,,2931,,1583006350,8692026,"""Soft-Hard Sip Deadband""",[0.3272114396095276],"[0, 0, 0, 0]"
45.1536383629,,2932,,1583006350,10740041,"""Soft-Hard Sip Deadband""",[0.3163532614707947],"[0, 0, 0, 0]"
45.1557509899,,2933,,1583006350,12743949,"""Soft-Hard Sip Deadband""",[0.3272114396095276],"[0, 0, 0, 0]"
45.1700320244,,2934,,1583006350,26829004,"""Soft-Hard Sip Deadband""",[0.3163532614707947],"[0, 0, 0, 0]"
45.1818523407,,2935,,1583006350,38789987,"""Soft-Hard Sip Deadband""",[0.30549511313438416],"[0, 0, 0, 0]"
45.1951568127,,2936,,1583006350,46835899,"""Soft Sip""",[0.2946690618991852],"[0, 0, 1, 0]"
45.2119438648,,2937,,1583006350,62773942,"""Soft Sip""",[0.28381088376045227],"[0, 0, 1, 0]"
45.2168622017,,2938,,1583006350,70022106,"""Soft Sip""",[0.2946690618991852],"[0, 0, 1, 0]"
45.2212679386,,2939,,1583006350,74934005,"""Soft Sip""",[0.28381088376045227],"[0, 0, 1, 0]"
45.2285802364,,2940,,1583006350,79371929,"""Soft Sip""",[0.2946690618991852],"[0, 0, 1, 0]"
45.234126091,,2941,,1583006350,86560010,"""Soft Sip""",[0.28381088376045227],"[0, 0, 1, 0]"
45.2388465405,,2942,,1583006350,92185974,"""Soft Sip""",[0.2946690618991852],"[0, 0, 1, 0]"
45.2442128658,,2943,,1583006350,96916913,"""Soft Sip""",[0.28381088376045227],"[0, 0, 1, 0]"
45.2618787289,,2944,,1583006350,112828969,"""Soft Sip""",[0.27295273542404175],"[0, 0, 1, 0]"
45.2692680359,,2945,,1583006350,122699022,"""Soft Sip""",[0.26209455728530884],"[0, 0, 1, 0]"
45.2805836201,,2946,,1583006350,132853984,"""Soft Sip""",[0.2512364089488983],"[0, 0, 1, 0]"
45.2885951996,,2947,,1583006350,140691041,"""Soft Sip""",[0.2403782308101654],"[0, 0, 1, 0]"
45.2982690334,,2948,,1583006350,150796890,"""Soft Sip""",[0.22955219447612762],"[0, 0, 1, 0]"
45.3067903519,,2949,,1583006350,158735036,"""Soft Sip""",[0.2186940312385559],"[0, 0, 1, 0]"
45.3234677315,,2950,,1583006350,174817085,"""Soft Sip""",[0.2078358680009842],"[0, 0, 1, 0]"
45.3429543972,,2951,,1583006350,194863080,"""Soft Sip""",[0.2186940312385559],"[0, 0, 1, 0]"
45.3504354954,,2952,,1583006350,202698945,"""Soft Sip""",[0.22955219447612762],"[0, 0, 1, 0]"
45.3905525208,,2953,,1583006350,212795019,"""Soft Sip""",[0.2403782308101654],"[0, 0, 1, 0]"
45.3955144882,,2954,,1583006350,248609066,"""Soft Sip""",[0.2512364089488983],"[0, 0, 1, 0]"
45.4066486359,,2955,,1583006350,258771896,"""Soft Sip""",[0.2403782308101654],"[0, 0, 1, 0]"
45.4181523323,,2956,,1583006350,270781993,"""Soft Sip""",[0.22955219447612762],"[0, 0, 1, 0]"
45.4511873722,,2957,,1583006350,302866935,"""Soft Sip""",[0.2403782308101654],"[0, 0, 1, 0]"
45.4822599888,,2958,,1583006350,332931041,"""Soft Sip""",[0.22955219447612762],"[0, 0, 1, 0]"
45.4870140553,,2959,,1583006350,340311050,"""Soft Sip""",[0.2403782308101654],"[0, 0, 1, 0]"
45.4939339161,,2960,,1583006350,345061063,"""Soft Sip""",[0.22955219447612762],"[0, 0, 1, 0]"
45.5006525517,,2961,,1583006350,351960897,"""Soft Sip""",[0.2186940312385559],"[0, 0, 1, 0]"
45.5062375069,,2962,,1583006350,358716964,"""Soft Sip""",[0.2078358680009842],"[0, 0, 1, 0]"
45.5132808685,,2963,,1583006350,364768028,"""Soft Sip""",[0.19697770476341248],"[0, 0, 1, 0]"
45.5203886032,,2964,,1583006350,372734069,"""Soft Sip""",[0.18611954152584076],"[0, 0, 1, 0]"
45.5296108723,,2965,,1583006350,380738973,"""Soft Sip""",[0.17529350519180298],"[0, 0, 1, 0]"
45.5365777016,,2966,,1583006350,388746976,"""Soft Sip""",[0.16443534195423126],"[0, 0, 1, 0]"
45.5430445671,,2967,,1583006350,394705057,"""Soft Sip""",[0.15357716381549835],"[0, 0, 1, 0]"
45.5537006855,,2968,,1583006350,406778097,"""Soft Sip""",[0.14271900057792664],"[0, 0, 1, 0]"
45.5779354572,,2969,,1583006350,428833961,"""Soft Sip""",[0.15357716381549835],"[0, 0, 1, 0]"
45.5900216103,,2970,,1583006350,442770004,"""Soft Sip""",[0.16443534195423126],"[0, 0, 1, 0]"
45.6040532589,,2971,,1583006350,454866886,"""Soft Sip""",[0.17529350519180298],"[0, 0, 1, 0]"
45.6148812771,,2972,,1583006350,466869115,"""Soft Sip""",[0.18611954152584076],"[0, 0, 1, 0]"
45.6340975761,,2973,,1583006350,484832048,"""Soft Sip""",[0.19697770476341248],"[0, 0, 1, 0]"
45.704505682,,2974,,1583006350,556866884,"""Soft Sip""",[0.18611954152584076],"[0, 0, 1, 0]"
45.7123861313,,2975,,1583006350,564743041,"""Soft Sip""",[0.19697770476341248],"[0, 0, 1, 0]"
45.7176508904,,2976,,1583006350,570409059,"""Soft Sip""",[0.18611954152584076],"[0, 0, 1, 0]"
45.7400877476,,2977,,1583006350,592824935,"""Soft Sip""",[0.17529350519180298],"[0, 0, 1, 0]"
45.7470202446,,2978,,1583006350,598118066,"""Soft Sip""",[0.18611954152584076],"[0, 0, 1, 0]"
45.7520115376,,2979,,1583006350,605036020,"""Soft Sip""",[0.17529350519180298],"[0, 0, 1, 0]"
45.7705366611,,2980,,1583006350,622946023,"""Soft Sip""",[0.16443534195423126],"[0, 0, 1, 0]"
45.8689711094,,2981,,1583006350,720860004,"""Soft Sip""",[0.17529350519180298],"[0, 0, 1, 0]"
45.8761770725,,2982,,1583006350,727073907,"""Soft Sip""",[0.16443534195423126],"[0, 0, 1, 0]"
45.8829393387,,2983,,1583006350,734267950,"""Soft Sip""",[0.17529350519180298],"[0, 0, 1, 0]"
45.9065186977,,2984,,1583006350,756870031,"""Soft Sip""",[0.16443534195423126],"[0, 0, 1, 0]"
45.9201824665,,2985,,1583006350,770838975,"""Soft Sip""",[0.17529350519180298],"[0, 0, 1, 0]"
45.9255681038,,2986,,1583006350,778245925,"""Soft Sip""",[0.16443534195423126],"[0, 0, 1, 0]"
45.9318065643,,2987,,1583006350,783628940,"""Soft Sip""",[0.17529350519180298],"[0, 0, 1, 0]"
45.9721899033,,2988,,1583006350,824831962,"""Soft Sip""",[0.18611954152584076],"[0, 0, 1, 0]"
45.9774565697,,2989,,1583006350,830717086,"""Soft Sip""",[0.17529350519180298],"[0, 0, 1, 0]"
45.9825000763,,2990,,1583006350,835511922,"""Soft Sip""",[0.18611954152584076],"[0, 0, 1, 0]"
45.9882016182,,2991,,1583006350,840575933,"""Soft Sip""",[0.17529350519180298],"[0, 0, 1, 0]"
45.9948751926,,2992,,1583006350,846275091,"""Soft Sip""",[0.18611954152584076],"[0, 0, 1, 0]"
46.0393183231,,2993,,1583006350,890822887,"""Soft Sip""",[0.19697770476341248],"[0, 0, 1, 0]"
46.0484399796,,2994,,1583006350,900732040,"""Soft Sip""",[0.18611954152584076],"[0, 0, 1, 0]"
46.0537295341,,2995,,1583006350,906495094,"""Soft Sip""",[0.19697770476341248],"[0, 0, 1, 0]"
46.073456049,,2996,,1583006350,924890041,"""Soft Sip""",[0.2078358680009842],"[0, 0, 1, 0]"
46.0814247131,,2997,,1583006350,934740066,"""Soft Sip""",[0.2186940312385559],"[0, 0, 1, 0]"
46.1204504967,,2998,,1583006350,972753047,"""Soft Sip""",[0.2078358680009842],"[0, 0, 1, 0]"
46.1259231567,,2999,,1583006350,978493928,"""Soft Sip""",[0.2186940312385559],"[0, 0, 1, 0]"
46.1321656704,,3000,,1583006350,984055995,"""Soft Sip""",[0.2078358680009842],"[0, 0, 1, 0]"
46.1374464035,,3001,,1583006350,990231037,"""Soft Sip""",[0.2186940312385559],"[0, 0, 1, 0]"
46.1435303688,,3002,,1583006350,995439052,"""Soft Sip""",[0.2078358680009842],"[0, 0, 1, 0]"
46.1515057087,,3003,,1583006351,1586914,"""Soft Sip""",[0.19697770476341248],"[0, 0, 1, 0]"
46.1583943367,,3004,,1583006351,9558916,"""Soft Sip""",[0.18611954152584076],"[0, 0, 1, 0]"
46.1783988476,,3005,,1583006351,30812025,"""Soft Sip""",[0.17529350519180298],"[0, 0, 1, 0]"
46.2222387791,,3006,,1583006351,74837923,"""Soft Sip""",[0.16443534195423126],"[0, 0, 1, 0]"
46.2281398773,,3007,,1583006351,80710887,"""Soft Sip""",[0.17529350519180298],"[0, 0, 1, 0]"
46.2327475548,,3008,,1583006351,86210966,"""Soft Sip""",[0.16443534195423126],"[0, 0, 1, 0]"
46.2811875343,,3009,,1583006351,132816076,"""Soft Sip""",[0.17529350519180298],"[0, 0, 1, 0]"
46.3007152081,,3010,,1583006351,152854919,"""Soft Sip""",[0.18611954152584076],"[0, 0, 1, 0]"
46.352940321,,3011,,1583006351,204790115,"""Soft Sip""",[0.17529350519180298],"[0, 0, 1, 0]"
46.3703970909,,3012,,1583006351,222815990,"""Soft Sip""",[0.16443534195423126],"[0, 0, 1, 0]"
46.3801555634,,3013,,1583006351,230765104,"""Soft Sip""",[0.17529350519180298],"[0, 0, 1, 0]"
46.3855683804,,3014,,1583006351,238240003,"""Soft Sip""",[0.16443534195423126],"[0, 0, 1, 0]"
46.4634196758,,3015,,1583006351,314764022,"""Soft Sip""",[0.17529350519180298],"[0, 0, 1, 0]"
46.4738769531,,3016,,1583006351,326709032,"""Soft Sip""",[0.18611954152584076],"[0, 0, 1, 0]"
46.4931387901,,3017,,1583006351,344785928,"""Soft Sip""",[0.19697770476341248],"[0, 0, 1, 0]"
46.5233609676,,3018,,1583006351,374828100,"""Soft Sip""",[0.2078358680009842],"[0, 0, 1, 0]"
46.5361168385,,3019,,1583006351,388736963,"""Soft Sip""",[0.2186940312385559],"[0, 0, 1, 0]"
46.5533387661,,3020,,1583006351,404787063,"""Soft Sip""",[0.22955219447612762],"[0, 0, 1, 0]"
46.5603551865,,3021,,1583006351,411412954,"""Soft Sip""",[0.2186940312385559],"[0, 0, 1, 0]"
46.5788714886,,3022,,1583006351,430809020,"""Soft Sip""",[0.2078358680009842],"[0, 0, 1, 0]"
46.5890924931,,3023,,1583006351,440778017,"""Soft Sip""",[0.19697770476341248],"[0, 0, 1, 0]"
46.6152317524,,3024,,1583006351,466890096,"""Soft Sip""",[0.18611954152584076],"[0, 0, 1, 0]"
46.6666326523,,3025,,1583006351,518882036,"""Soft Sip""",[0.17529350519180298],"[0, 0, 1, 0]"
46.6725213528,,3026,,1583006351,524746894,"""Soft Sip""",[0.18611954152584076],"[0, 0, 1, 0]"
46.6772084236,,3027,,1583006351,530586004,"""Soft Sip""",[0.17529350519180298],"[0, 0, 1, 0]"
46.7262442112,,3028,,1583006351,578778028,"""Soft Sip""",[0.18611954152584076],"[0, 0, 1, 0]"
46.765291214,,3029,,1583006351,616929054,"""Soft Sip""",[0.19697770476341248],"[0, 0, 1, 0]"
46.7829959393,,3030,,1583006351,634831905,"""Soft Sip""",[0.2078358680009842],"[0, 0, 1, 0]"
46.8305411339,,3031,,1583006351,682900905,"""Soft Sip""",[0.2186940312385559],"[0, 0, 1, 0]"
46.8499541283,,3032,,1583006351,700880050,"""Soft Sip""",[0.22955219447612762],"[0, 0, 1, 0]"
46.8559920788,,3033,,1583006351,708719015,"""Soft Sip""",[0.2403782308101654],"[0, 0, 1, 0]"
46.8641273975,,3034,,1583006351,716840982,"""Soft Sip""",[0.2512364089488983],"[0, 0, 1, 0]"
46.879128933,,3035,,1583006351,730784893,"""Soft Sip""",[0.26209455728530884],"[0, 0, 1, 0]"
46.9063823223,,3036,,1583006351,758774995,"""Soft Sip""",[0.2512364089488983],"[0, 0, 1, 0]"
46.9145214558,,3037,,1583006351,766788959,"""Soft Sip""",[0.2403782308101654],"[0, 0, 1, 0]"
46.9244813919,,3038,,1583006351,776736021,"""Soft Sip""",[0.22955219447612762],"[0, 0, 1, 0]"
46.9346051216,,3039,,1583006351,786775112,"""Soft Sip""",[0.2186940312385559],"[0, 0, 1, 0]"
46.9394335747,,3040,,1583006351,792721033,"""Soft Sip""",[0.2078358680009842],"[0, 0, 1, 0]"
46.9499359131,,3041,,1583006351,802824020,"""Soft Sip""",[0.19697770476341248],"[0, 0, 1, 0]"
46.9651637077,,3042,,1583006351,816828012,"""Soft Sip""",[0.18611954152584076],"[0, 0, 1, 0]"
46.9696424007,,3043,,1583006351,823203086,"""Soft Sip""",[0.17529350519180298],"[0, 0, 1, 0]"
46.9764904976,,3044,,1583006351,828697919,"""Soft Sip""",[0.16443534195423126],"[0, 0, 1, 0]"
46.9864964485,,3045,,1583006351,838717937,"""Soft Sip""",[0.15357716381549835],"[0, 0, 1, 0]"
47.005535841,,3046,,1583006351,856822013,"""Soft Sip""",[0.14271900057792664],"[0, 0, 1, 0]"
47.0905621052,,3047,,1583006351,942858934,"""Soft Sip""",[0.15357716381549835],"[0, 0, 1, 0]"
47.1050534248,,3048,,1583006351,956820964,"""Soft Sip""",[0.16443534195423126],"[0, 0, 1, 0]"
47.1414675713,,3049,,1583006351,992803096,"""Soft Sip""",[0.15357716381549835],"[0, 0, 1, 0]"
47.1669585705,,3050,,1583006352,18835067,"""Soft Sip""",[0.14271900057792664],"[0, 0, 1, 0]"
47.2321681976,,3051,,1583006352,84801912,"""Soft Sip""",[0.13186083734035492],"[0, 0, 1, 0]"
47.2694787979,,3052,,1583006352,120781898,"""Soft Sip""",[0.12103480100631714],"[0, 0, 1, 0]"
47.2747941017,,3053,,1583006352,127533912,"""Soft Sip""",[0.13186083734035492],"[0, 0, 1, 0]"
47.2980098724,,3054,,1583006352,148833990,"""Soft Sip""",[0.14271900057792664],"[0, 0, 1, 0]"
47.3116264343,,3055,,1583006352,162853002,"""Soft Sip""",[0.15357716381549835],"[0, 0, 1, 0]"
47.3296182156,,3056,,1583006352,180883884,"""Soft Sip""",[0.16443534195423126],"[0, 0, 1, 0]"
47.3447272778,,3057,,1583006352,196763992,"""Soft Sip""",[0.17529350519180298],"[0, 0, 1, 0]"
47.3549487591,,3058,,1583006352,206758022,"""Soft Sip""",[0.18611954152584076],"[0, 0, 1, 0]"
47.3637361526,,3059,,1583006352,214744091,"""Soft Sip""",[0.19697770476341248],"[0, 0, 1, 0]"
47.3807077408,,3060,,1583006352,232898950,"""Soft Sip""",[0.2078358680009842],"[0, 0, 1, 0]"
47.4043698311,,3061,,1583006352,256788969,"""Soft Sip""",[0.19697770476341248],"[0, 0, 1, 0]"
47.4350399971,,3062,,1583006352,286875009,"""Soft Sip""",[0.18611954152584076],"[0, 0, 1, 0]"
47.4627566338,,3063,,1583006352,312871932,"""Soft Sip""",[0.19697770476341248],"[0, 0, 1, 0]"
47.4684541225,,3064,,1583006352,320830106,"""Soft Sip""",[0.18611954152584076],"[0, 0, 1, 0]"
47.4925413132,,3065,,1583006352,344855070,"""Soft Sip""",[0.17529350519180298],"[0, 0, 1, 0]"
47.5042786598,,3066,,1583006352,356807947,"""Soft Sip""",[0.16443534195423126],"[0, 0, 1, 0]"
47.5199234486,,3067,,1583006352,370876073,"""Soft Sip""",[0.15357716381549835],"[0, 0, 1, 0]"
47.525603056,,3068,,1583006352,378722906,"""Soft Sip""",[0.14271900057792664],"[0, 0, 1, 0]"
47.5522735119,,3069,,1583006352,404840946,"""Soft Sip""",[0.15357716381549835],"[0, 0, 1, 0]"
47.5654206276,,3070,,1583006352,416851043,"""Soft Sip""",[0.16443534195423126],"[0, 0, 1, 0]"
47.5791482925,,3071,,1583006352,430824041,"""Soft Sip""",[0.17529350519180298],"[0, 0, 1, 0]"
47.6263861656,,3072,,1583006352,478955030,"""Soft Sip""",[0.16443534195423126],"[0, 0, 1, 0]"
47.6452748775,,3073,,1583006352,494808912,"""Soft Sip""",[0.17529350519180298],"[0, 0, 1, 0]"
47.6501953602,,3074,,1583006352,503370046,"""Soft Sip""",[0.18611954152584076],"[0, 0, 1, 0]"
47.6551680565,,3075,,1583006352,508708953,"""Soft Sip""",[0.19697770476341248],"[0, 0, 1, 0]"
47.6637532711,,3076,,1583006352,516808986,"""Soft Sip""",[0.2078358680009842],"[0, 0, 1, 0]"
47.677683115,,3077,,1583006352,526768922,"""Soft Sip""",[0.2186940312385559],"[0, 0, 1, 0]"
47.7039549351,,3078,,1583006352,554835081,"""Zero Band""",[0.2078358680009842],"[0, 0, 0, 0]"
47.7109014988,,3079,,1583006352,562733888,"""Zero Band""",[0.19697770476341248],"[0, 0, 0, 0]"
47.7374675274,,3080,,1583006352,588821887,"""Zero Band""",[0.2078358680009842],"[0, 0, 0, 0]"
47.7475566864,,3081,,1583006352,598748922,"""Zero Band""",[0.2186940312385559],"[0, 0, 0, 0]"
47.7583544254,,3082,,1583006352,610763072,"""Zero Band""",[0.22955219447612762],"[0, 0, 0, 0]"
47.7893922329,,3083,,1583006352,640815019,"""Zero Band""",[0.2186940312385559],"[0, 0, 0, 0]"
47.7941851616,,3084,,1583006352,647430896,"""Zero Band""",[0.2078358680009842],"[0, 0, 0, 0]"
47.8000679016,,3085,,1583006352,652268886,"""Zero Band""",[0.19697770476341248],"[0, 0, 0, 0]"
47.807309866,,3086,,1583006352,658118963,"""Zero Band""",[0.18611954152584076],"[0, 0, 0, 0]"
47.8134756088,,3087,,1583006352,665317058,"""Zero Band""",[0.17529350519180298],"[0, 0, 0, 0]"
47.8199117184,,3088,,1583006352,671582937,"""Zero Band""",[0.16443534195423126],"[0, 0, 0, 0]"
47.8254029751,,3089,,1583006352,677961111,"""Zero Band""",[0.15357716381549835],"[0, 0, 0, 0]"
47.8312180042,,3090,,1583006352,683487892,"""Zero Band""",[0.14271900057792664],"[0, 0, 0, 0]"
47.8372087479,,3091,,1583006352,689215898,"""Zero Band""",[0.13186083734035492],"[0, 0, 0, 0]"
47.8430550098,,3092,,1583006352,695219993,"""Zero Band""",[0.12103480100631714],"[0, 0, 0, 0]"
47.8480296135,,3093,,1583006352,701145887,"""Zero Band""",[0.11017663776874542],"[0, 0, 0, 0]"
47.8537077904,,3094,,1583006352,706010103,"""Zero Band""",[0.0993184745311737],"[0, 0, 0, 0]"
47.8600802422,,3095,,1583006352,711806058,"""Zero Band""",[0.08846031129360199],"[0, 0, 0, 0]"
47.8651618958,,3096,,1583006352,717946052,"""Zero Band""",[0.07760214805603027],"[0, 0, 0, 0]"
47.8706891537,,3097,,1583006352,723186969,"""Zero Band""",[0.06674397736787796],"[0, 0, 0, 0]"
47.8759756088,,3098,,1583006352,728672981,"""Zero Band""",[0.05591794103384018],"[0, 0, 0, 0]"
47.8808917999,,3099,,1583006352,734083890,"""Zero Band""",[0.04505977779626846],"[0, 0, 0, 0]"
47.8865096569,,3100,,1583006352,738962888,"""Zero Band""",[0.03420161083340645],"[0, 0, 0, 0]"
47.8925747871,,3101,,1583006352,744504928,"""Zero Band""",[0.04505977779626846],"[0, 0, 0, 0]"
47.8994951248,,3102,,1583006352,750586032,"""Zero Band""",[0.03420161083340645],"[0, 0, 0, 0]"
47.9057562351,,3103,,1583006352,757566928,"""Zero Band""",[0.023343447595834732],"[0, 0, 0, 0]"
47.9110856056,,3104,,1583006352,763773918,"""Zero Band""",[0.012485282495617867],"[0, 0, 0, 0]"
47.9124112129,,3105,,1583006352,769165992,"""Zero Band""",[0.0016592431347817183],"[0, 0, 0, 0]"
47.9133028984,,3106,,1583006352,770379066,"""Zero Band""",[-0.0],"[0, 0, 0, 0]"
47.9141352177,,3107,,1583006352,771270036,"""Zero Band""",[-0.0],"[0, 0, 0, 0]"
47.9149610996,,3108,,1583006352,772196054,"""Zero Band""",[-0.0],"[0, 0, 0, 0]"
47.9157819748,,3109,,1583006352,772933959,"""Zero Band""",[-0.0],"[0, 0, 0, 0]"
47.9167163372,,3110,,1583006352,773817062,"""Zero Band""",[-0.0],"[0, 0, 0, 0]"
47.9280302525,,3112,,1583006352,783797025,"""input stopped""",[-0.0],"[0, 0, 0, 0]"
48.6010055542,,3113,,1583006353,457777976,"""Zero Band""",[-0.0],"[0, 0, 0, 0]"
48.6034829617,,3114,,1583006353,460710048,"""Zero Band""",[0.0016592431347817183],"[0, 0, 0, 0]"
48.6106078625,,3115,,1583006353,462733983,"""Zero Band""",[0.03420161083340645],"[0, 0, 0, 0]"
48.6155591011,,3116,,1583006353,468691110,"""Zero Band""",[0.07760214805603027],"[0, 0, 0, 0]"
48.6200802326,,3117,,1583006353,473639965,"""Zero Band""",[0.12103480100631714],"[0, 0, 0, 0]"
48.6264462471,,3118,,1583006353,478063106,"""Zero Band""",[0.17529350519180298],"[0, 0, 0, 0]"
48.6316256523,,3119,,1583006353,484325885,"""Zero Band""",[0.22955219447612762],"[0, 0, 0, 0]"
48.636346817,,3120,,1583006353,489736080,"""Zero Band""",[0.2946690618991852],"[0, 0, 0, 0]"
48.6374256611,,3121,,1583006353,494338035,"""Soft-Hard Sip Deadband""",[0.348927766084671],"[0, 0, 0, 0]"
48.6383504868,,3122,,1583006353,495419025,"""Soft-Hard Sip Deadband""",[0.42487066984176636],"[0, 0, 0, 0]"
48.6460030079,,3123,,1583006353,496340036,"""Hard Sip""",[0.5008456707000732],"[0, 0, 0, 1]"
48.6523790359,,3124,,1583006353,503987073,"""Hard Sip""",[0.565962553024292],"[0, 0, 0, 1]"
48.6574699879,,3125,,1583006353,510365009,"""Hard Sip""",[0.6527636051177979],"[0, 0, 0, 1]"
48.6643271446,,3126,,1583006353,515588998,"""Hard Sip""",[0.7287386655807495],"[0, 0, 0, 1]"
48.6690092087,,3127,,1583006353,522351980,"""Hard Sip""",[0.8047136664390564],"[0, 0, 0, 1]"
48.6768577099,,3128,,1583006353,526989936,"""Hard Sip""",[0.9023728966712952],"[0, 0, 0, 1]"
48.682498455,,3129,,1583006353,534846067,"""Zero Band""",[0.989206075668335],"[0, 0, 0, 0]"
48.6876268387,,3130,,1583006353,540595054,"""Zero Band""",[1.0],"[0, 0, 0, 0]"
48.9903249741,,3131,,1583006353,842797040,"""Zero Band""",[0.924089252948761],"[0, 0, 0, 0]"
48.9957852364,,3132,,1583006353,848403930,"""Zero Band""",[0.8372560143470764],"[0, 0, 0, 0]"
49.0024104118,,3133,,1583006353,853773117,"""Zero Band""",[0.7613131403923035],"[0, 0, 0, 0]"
49.0073232651,,3134,,1583006353,860465049,"""Zero Band""",[0.6744799613952637],"[0, 0, 0, 0]"
49.0131940842,,3135,,1583006353,865312099,"""Zero Band""",[0.6093630790710449],"[0, 0, 0, 0]"
49.0188639164,,3136,,1583006353,871180057,"""Zero Band""",[0.5442461967468262],"[0, 0, 0, 0]"
49.0198352337,,3137,,1583006353,876844882,"""Soft-Hard Sip Deadband""",[0.4791293442249298],"[0, 0, 0, 0]"
49.0205888748,,3138,,1583006353,877935886,"""Soft-Hard Sip Deadband""",[0.4031864404678345],"[0, 0, 0, 0]"
49.021282196,,3139,,1583006353,878597974,"""Soft-Hard Sip Deadband""",[0.348927766084671],"[0, 0, 0, 0]"
49.0277953148,,3140,,1583006353,879271030,"""Soft Sip""",[0.2946690618991852],"[0, 0, 1, 0]"
49.0341637135,,3141,,1583006353,885171890,"""Soft Sip""",[0.2403782308101654],"[0, 0, 1, 0]"
49.0389168262,,3142,,1583006353,892148017,"""Soft Sip""",[0.18611954152584076],"[0, 0, 1, 0]"
49.0445301533,,3143,,1583006353,896922111,"""Soft Sip""",[0.14271900057792664],"[0, 0, 1, 0]"
49.0492420197,,3144,,1583006353,902513027,"""Soft Sip""",[0.0993184745311737],"[0, 0, 1, 0]"
49.0548627377,,3145,,1583006353,907351016,"""Soft Sip""",[0.05591794103384018],"[0, 0, 1, 0]"
49.0613143444,,3146,,1583006353,912833929,"""Soft Sip""",[0.03420161083340645],"[0, 0, 1, 0]"
49.0621337891,,3147,,1583006353,919296026,"""Zero Band""",[0.0016592431347817183],"[0, 0, 0, 0]"
49.0629165173,,3148,,1583006353,920212984,"""Zero Band""",[-0.0],"[0, 0, 0, 0]"
49.0636799335,,3149,,1583006353,920892953,"""Zero Band""",[-0.0],"[0, 0, 0, 0]"
49.0644137859,,3150,,1583006353,921649932,"""Zero Band""",[-0.0],"[0, 0, 0, 0]"
49.0645654202,,3151,,1583006353,921649932,"""input stopped""",[-0.0],"[0, 0, 0, 0]"
49.8010830879,,3152,,1583006354,657859086,"""Zero Band""",[-0.0],"[0, 0, 0, 0]"
49.8096082211,,3153,,1583006354,666739940,"""Zero Band""",[-0.0],"[0, 0, 0, 0]"
49.8157036304,,3154,,1583006354,672745943,"""Zero Band""",[-0.0],"[0, 0, 0, 0]"
49.8195662498,,3155,,1583006354,676711082,"""Zero Band""",[-0.0],"[0, 0, 0, 0]"
49.8256149292,,3156,,1583006354,682738065,"""Zero Band""",[-0.0],"[0, 0, 0, 0]"
49.831974268,,3157,,1583006354,688826084,"""Zero Band""",[0.0016592431347817183],"[0, 0, 0, 0]"
49.839687109,,3158,,1583006354,692759990,"""Soft Sip""",[0.012485282495617867],"[0, 0, 1, 0]"
49.8469693661,,3159,,1583006354,698729991,"""Soft Sip""",[0.023343447595834732],"[0, 0, 1, 0]"
49.8547635078,,3160,,1583006354,705018043,"""Soft Sip""",[0.03420161083340645],"[0, 0, 1, 0]"
49.8601167202,,3161,,1583006354,712842941,"""Soft Sip""",[0.04505977779626846],"[0, 0, 1, 0]"
49.8652391434,,3162,,1583006354,718097925,"""Soft Sip""",[0.05591794103384018],"[0, 0, 1, 0]"
49.872272253,,3163,,1583006354,723274946,"""Soft Sip""",[0.06674397736787796],"[0, 0, 1, 0]"
49.877145052,,3164,,1583006354,730040073,"""Soft Sip""",[0.07760214805603027],"[0, 0, 1, 0]"
49.8830897808,,3165,,1583006354,735200881,"""Soft Sip""",[0.08846031129360199],"[0, 0, 1, 0]"
49.8894584179,,3166,,1583006354,740972995,"""Soft Sip""",[0.0993184745311737],"[0, 0, 1, 0]"
49.8947479725,,3167,,1583006354,747509956,"""Soft Sip""",[0.11017663776874542],"[0, 0, 1, 0]"
49.9016797543,,3168,,1583006354,752728939,"""Soft Sip""",[0.12103480100631714],"[0, 0, 1, 0]"
49.9072599411,,3169,,1583006354,759748935,"""Soft Sip""",[0.13186083734035492],"[0, 0, 1, 0]"
49.912545681,,3170,,1583006354,765355110,"""Soft Sip""",[0.14271900057792664],"[0, 0, 1, 0]"
49.9185366631,,3171,,1583006354,770694017,"""Soft Sip""",[0.15357716381549835],"[0, 0, 1, 0]"
49.9234733582,,3172,,1583006354,776578903,"""Soft Sip""",[0.16443534195423126],"[0, 0, 1, 0]"
49.9291174412,,3173,,1583006354,781559944,"""Soft Sip""",[0.17529350519180298],"[0, 0, 1, 0]"
49.936388731,,3174,,1583006354,788788080,"""Soft Sip""",[0.18611954152584076],"[0, 0, 1, 0]"
49.9513852596,,3175,,1583006354,802853107,"""Soft Sip""",[0.19697770476341248],"[0, 0, 1, 0]"
49.9603457451,,3176,,1583006354,812740087,"""Soft Sip""",[0.2078358680009842],"[0, 0, 1, 0]"
49.9844477177,,3177,,1583006354,834824085,"""Soft Sip""",[0.2186940312385559],"[0, 0, 1, 0]"
50.0050776005,,3178,,1583006354,856952905,"""Soft Sip""",[0.22955219447612762],"[0, 0, 1, 0]"
50.0553307533,,3179,,1583006354,906888008,"""Soft Sip""",[0.2186940312385559],"[0, 0, 1, 0]"
50.1144003868,,3180,,1583006354,966837882,"""Soft Sip""",[0.22955219447612762],"[0, 0, 1, 0]"
50.1234536171,,3181,,1583006354,976736068,"""Soft Sip""",[0.2403782308101654],"[0, 0, 1, 0]"
50.1348536015,,3182,,1583006354,986882925,"""Soft Sip""",[0.2512364089488983],"[0, 0, 1, 0]"
50.1408400536,,3183,,1583006354,992923974,"""Soft Sip""",[0.26209455728530884],"[0, 0, 1, 0]"
50.1482019424,,3184,,1583006354,998842954,"""Soft Sip""",[0.27295273542404175],"[0, 0, 1, 0]"
50.1535625458,,3185,,1583006355,6268024,"""Soft Sip""",[0.28381088376045227],"[0, 0, 1, 0]"
50.1599774361,,3186,,1583006355,12708902,"""Soft Sip""",[0.2946690618991852],"[0, 0, 1, 0]"
50.1616461277,,3187,,1583006355,18699884,"""Soft-Hard Sip Deadband""",[0.30549511313438416],"[0, 0, 0, 0]"
50.1655387878,,3188,,1583006355,22713899,"""Soft-Hard Sip Deadband""",[0.3163532614707947],"[0, 0, 0, 0]"
50.1717369556,,3189,,1583006355,28789043,"""Soft-Hard Sip Deadband""",[0.3272114396095276],"[0, 0, 0, 0]"
50.1860678196,,3190,,1583006355,42843103,"""Soft-Hard Sip Deadband""",[0.3380695879459381],"[0, 0, 0, 0]"
50.1981136799,,3191,,1583006355,54837942,"""Soft-Hard Sip Deadband""",[0.348927766084671],"[0, 0, 0, 0]"
50.2302041054,,3192,,1583006355,86945056,"""Soft-Hard Sip Deadband""",[0.3380695879459381],"[0, 0, 0, 0]"
50.2437388897,,3193,,1583006355,100749015,"""Soft-Hard Sip Deadband""",[0.3272114396095276],"[0, 0, 0, 0]"
50.2978749275,,3194,,1583006355,154784917,"""Soft-Hard Sip Deadband""",[0.3380695879459381],"[0, 0, 0, 0]"
50.3098635674,,3195,,1583006355,166765928,"""Soft-Hard Sip Deadband""",[0.348927766084671],"[0, 0, 0, 0]"
50.3179063797,,3196,,1583006355,174760103,"""Soft-Hard Sip Deadband""",[0.3597537875175476],"[0, 0, 0, 0]"
50.3258912563,,3197,,1583006355,182717084,"""Soft-Hard Sip Deadband""",[0.3706119656562805],"[0, 0, 0, 0]"
50.3378479481,,3198,,1583006355,194787025,"""Soft-Hard Sip Deadband""",[0.38147011399269104],"[0, 0, 0, 0]"
50.3520362377,,3199,,1583006355,208821058,"""Soft-Hard Sip Deadband""",[0.39232829213142395],"[0, 0, 0, 0]"
50.3823051453,,3200,,1583006355,238842010,"""Soft-Hard Sip Deadband""",[0.38147011399269104],"[0, 0, 0, 0]"
50.4061796665,,3201,,1583006355,262811899,"""Soft-Hard Sip Deadband""",[0.3706119656562805],"[0, 0, 0, 0]"
50.4219596386,,3202,,1583006355,278778076,"""Soft-Hard Sip Deadband""",[0.3597537875175476],"[0, 0, 0, 0]"
50.4320089817,,3203,,1583006355,288840055,"""Soft-Hard Sip Deadband""",[0.3706119656562805],"[0, 0, 0, 0]"
50.4335298538,,3204,,1583006355,290699005,"""Soft-Hard Sip Deadband""",[0.3597537875175476],"[0, 0, 0, 0]"
50.4639182091,,3205,,1583006355,320871114,"""Soft-Hard Sip Deadband""",[0.348927766084671],"[0, 0, 0, 0]"
50.5059733391,,3206,,1583006355,362890005,"""Soft-Hard Sip Deadband""",[0.3380695879459381],"[0, 0, 0, 0]"
50.5279045105,,3207,,1583006355,384807109,"""Soft-Hard Sip Deadband""",[0.348927766084671],"[0, 0, 0, 0]"
50.5336651802,,3208,,1583006355,390770912,"""Soft-Hard Sip Deadband""",[0.3597537875175476],"[0, 0, 0, 0]"
50.5356118679,,3209,,1583006355,392735004,"""Soft-Hard Sip Deadband""",[0.3706119656562805],"[0, 0, 0, 0]"
50.5415863991,,3210,,1583006355,398713111,"""Soft-Hard Sip Deadband""",[0.38147011399269104],"[0, 0, 0, 0]"
50.5436360836,,3211,,1583006355,400748014,"""Soft-Hard Sip Deadband""",[0.39232829213142395],"[0, 0, 0, 0]"
50.545735836,,3212,,1583006355,402724027,"""Soft-Hard Sip Deadband""",[0.4031864404678345],"[0, 0, 0, 0]"
50.550185442,,3213,,1583006355,406774044,"""Soft-Hard Sip Deadband""",[0.4140446186065674],"[0, 0, 0, 0]"
50.5517745018,,3214,,1583006355,408747911,"""Soft-Hard Sip Deadband""",[0.42487066984176636],"[0, 0, 0, 0]"
50.5535719395,,3215,,1583006355,410716056,"""Soft-Hard Sip Deadband""",[0.4357288181781769],"[0, 0, 0, 0]"
50.5575377941,,3216,,1583006355,414702892,"""Soft-Hard Sip Deadband""",[0.4465869963169098],"[0, 0, 0, 0]"
50.5596318245,,3217,,1583006355,416731119,"""Soft-Hard Sip Deadband""",[0.4683033227920532],"[0, 0, 0, 0]"
50.5615131855,,3218,,1583006355,418703079,"""Soft-Hard Sip Deadband""",[0.4791293442249298],"[0, 0, 0, 0]"
50.565694809,,3219,,1583006355,422708988,"""Soft-Hard Sip Deadband""",[0.4899875223636627],"[0, 0, 0, 0]"
50.5713751316,,3220,,1583006355,424719095,"""Zero Band""",[0.5008456707000732],"[0, 0, 0, 0]"
50.5768175125,,3221,,1583006355,429441928,"""Zero Band""",[0.5117038488388062],"[0, 0, 0, 0]"
50.5833451748,,3222,,1583006355,434921026,"""Zero Band""",[0.5225620269775391],"[0, 0, 0, 0]"
50.5883126259,,3223,,1583006355,441394090,"""Zero Band""",[0.533388078212738],"[0, 0, 0, 0]"
50.5938870907,,3224,,1583006355,446283102,"""Zero Band""",[0.5442461967468262],"[0, 0, 0, 0]"
50.6003353596,,3225,,1583006355,451915025,"""Zero Band""",[0.5551043748855591],"[0, 0, 0, 0]"
50.6057806015,,3226,,1583006355,458436965,"""Zero Band""",[0.565962553024292],"[0, 0, 0, 0]"
50.6137695312,,3227,,1583006355,463608980,"""Zero Band""",[0.5768207311630249],"[0, 0, 0, 0]"
50.6192147732,,3228,,1583006355,471813917,"""Zero Band""",[0.587678849697113],"[0, 0, 0, 0]"
50.6240978241,,3229,,1583006355,477349996,"""Zero Band""",[0.598504900932312],"[0, 0, 0, 0]"
50.6291310787,,3230,,1583006355,482100009,"""Zero Band""",[0.6093630790710449],"[0, 0, 0, 0]"
50.6358008385,,3231,,1583006355,487211942,"""Zero Band""",[0.598504900932312],"[0, 0, 0, 0]"
50.6412131786,,3232,,1583006355,493887901,"""Zero Band""",[0.587678849697113],"[0, 0, 0, 0]"
50.6466944218,,3233,,1583006355,499254941,"""Zero Band""",[0.5768207311630249],"[0, 0, 0, 0]"
50.6519582272,,3234,,1583006355,504833936,"""Zero Band""",[0.565962553024292],"[0, 0, 0, 0]"
50.6596403122,,3235,,1583006355,512741088,"""Zero Band""",[0.5551043748855591],"[0, 0, 0, 0]"
50.6669368744,,3236,,1583006355,517683982,"""Zero Band""",[0.5442461967468262],"[0, 0, 0, 0]"
50.6736590862,,3237,,1583006355,525069952,"""Zero Band""",[0.533388078212738],"[0, 0, 0, 0]"
50.6785767078,,3238,,1583006355,531744003,"""Zero Band""",[0.5225620269775391],"[0, 0, 0, 0]"
50.6847689152,,3239,,1583006355,536628961,"""Zero Band""",[0.5117038488388062],"[0, 0, 0, 0]"
50.6897315979,,3240,,1583006355,542845010,"""Zero Band""",[0.5008456707000732],"[0, 0, 0, 0]"
50.6906163692,,3241,,1583006355,547789096,"""Soft-Hard Sip Deadband""",[0.4899875223636627],"[0, 0, 0, 0]"
50.6914377213,,3242,,1583006355,548659086,"""Soft-Hard Sip Deadband""",[0.4683033227920532],"[0, 0, 0, 0]"
50.6921832561,,3243,,1583006355,549482107,"""Soft-Hard Sip Deadband""",[0.4574451446533203],"[0, 0, 0, 0]"
50.6960453987,,3244,,1583006355,552766084,"""Soft-Hard Sip Deadband""",[0.4465869963169098],"[0, 0, 0, 0]"
50.7098443508,,3245,,1583006355,566817998,"""Soft-Hard Sip Deadband""",[0.4574451446533203],"[0, 0, 0, 0]"
50.7137639523,,3246,,1583006355,570776939,"""Soft-Hard Sip Deadband""",[0.4683033227920532],"[0, 0, 0, 0]"
50.717946291,,3247,,1583006355,574821949,"""Soft-Hard Sip Deadband""",[0.4791293442249298],"[0, 0, 0, 0]"
50.7217247486,,3248,,1583006355,578769922,"""Soft-Hard Sip Deadband""",[0.4899875223636627],"[0, 0, 0, 0]"
50.7282574177,,3249,,1583006355,580691099,"""Zero Band""",[0.5008456707000732],"[0, 0, 0, 0]"
50.7342960835,,3250,,1583006355,586338996,"""Zero Band""",[0.5117038488388062],"[0, 0, 0, 0]"
50.7399735451,,3251,,1583006355,592390060,"""Zero Band""",[0.5225620269775391],"[0, 0, 0, 0]"
50.7449986935,,3252,,1583006355,598069906,"""Zero Band""",[0.533388078212738],"[0, 0, 0, 0]"
50.7514863014,,3253,,1583006355,603013038,"""Zero Band""",[0.5442461967468262],"[0, 0, 0, 0]"
50.7565164566,,3254,,1583006355,609574079,"""Zero Band""",[0.5551043748855591],"[0, 0, 0, 0]"
50.7622187138,,3255,,1583006355,614500045,"""Zero Band""",[0.565962553024292],"[0, 0, 0, 0]"
50.7686154842,,3256,,1583006355,620321035,"""Zero Band""",[0.5768207311630249],"[0, 0, 0, 0]"
50.7736766338,,3257,,1583006355,626586914,"""Zero Band""",[0.587678849697113],"[0, 0, 0, 0]"
50.7785446644,,3258,,1583006355,631663084,"""Zero Band""",[0.598504900932312],"[0, 0, 0, 0]"
50.7850468159,,3259,,1583006355,636639118,"""Zero Band""",[0.6093630790710449],"[0, 0, 0, 0]"
50.7917137146,,3260,,1583006355,643038988,"""Zero Band""",[0.6202212572097778],"[0, 0, 0, 0]"
50.7985546589,,3261,,1583006355,649704933,"""Zero Band""",[0.6310794353485107],"[0, 0, 0, 0]"
50.8059821129,,3262,,1583006355,656708002,"""Zero Band""",[0.6419375538825989],"[0, 0, 0, 0]"
50.812990427,,3263,,1583006355,663954973,"""Zero Band""",[0.6527636051177979],"[0, 0, 0, 0]"
50.8175973892,,3264,,1583006355,670979022,"""Zero Band""",[0.6636217832565308],"[0, 0, 0, 0]"
50.8247301579,,3265,,1583006355,675656080,"""Zero Band""",[0.6744799613952637],"[0, 0, 0, 0]"
50.8298661709,,3266,,1583006355,682718038,"""Zero Band""",[0.6853380799293518],"[0, 0, 0, 0]"
50.83426404,,3267,,1583006355,687849998,"""Zero Band""",[0.6961962580680847],"[0, 0, 0, 0]"
50.8393850327,,3268,,1583006355,692356109,"""Zero Band""",[0.7070544362068176],"[0, 0, 0, 0]"
50.8438308239,,3269,,1583006355,697388887,"""Zero Band""",[0.7178804874420166],"[0, 0, 0, 0]"
50.8519599438,,3270,,1583006355,701884984,"""Zero Band""",[0.7070544362068176],"[0, 0, 0, 0]"
50.8567492962,,3271,,1583006355,710032939,"""Zero Band""",[0.6961962580680847],"[0, 0, 0, 0]"
50.8617730141,,3272,,1583006355,714816093,"""Zero Band""",[0.6853380799293518],"[0, 0, 0, 0]"
50.8952143192,,3273,,1583006355,746916055,"""Zero Band""",[0.6744799613952637],"[0, 0, 0, 0]"
50.9026794434,,3274,,1583006355,754843950,"""Zero Band""",[0.6636217832565308],"[0, 0, 0, 0]"
50.9077455997,,3275,,1583006355,760755062,"""Zero Band""",[0.6527636051177979],"[0, 0, 0, 0]"
50.9127442837,,3276,,1583006355,765780925,"""Zero Band""",[0.6419375538825989],"[0, 0, 0, 0]"
50.9201231003,,3277,,1583006355,770838975,"""Zero Band""",[0.6310794353485107],"[0, 0, 0, 0]"
50.9246613979,,3278,,1583006355,778110027,"""Zero Band""",[0.6202212572097778],"[0, 0, 0, 0]"
50.9301285744,,3279,,1583006355,782742023,"""Zero Band""",[0.6093630790710449],"[0, 0, 0, 0]"
50.9371066093,,3280,,1583006355,788117885,"""Zero Band""",[0.598504900932312],"[0, 0, 0, 0]"
50.9440019131,,3281,,1583006355,795147895,"""Zero Band""",[0.5768207311630249],"[0, 0, 0, 0]"
50.9499909878,,3282,,1583006355,801884889,"""Zero Band""",[0.565962553024292],"[0, 0, 0, 0]"
50.9561021328,,3283,,1583006355,807959079,"""Zero Band""",[0.5442461967468262],"[0, 0, 0, 0]"
50.9612336159,,3284,,1583006355,813957929,"""Zero Band""",[0.5117038488388062],"[0, 0, 0, 0]"
50.962577343,,3285,,1583006355,819338083,"""Soft-Hard Sip Deadband""",[0.4683033227920532],"[0, 0, 0, 0]"
50.9635236263,,3286,,1583006355,820565938,"""Soft-Hard Sip Deadband""",[0.4357288181781769],"[0, 0, 0, 0]"
50.9643852711,,3287,,1583006355,821511030,"""Soft-Hard Sip Deadband""",[0.4140446186065674],"[0, 0, 0, 0]"
50.9653699398,,3288,,1583006355,822560071,"""Soft-Hard Sip Deadband""",[0.39232829213142395],"[0, 0, 0, 0]"
50.9662196636,,3289,,1583006355,823370933,"""Soft-Hard Sip Deadband""",[0.3597537875175476],"[0, 0, 0, 0]"
50.9670388699,,3290,,1583006355,824229955,"""Soft-Hard Sip Deadband""",[0.3380695879459381],"[0, 0, 0, 0]"
50.9678688049,,3291,,1583006355,825045108,"""Soft-Hard Sip Deadband""",[0.3163532614707947],"[0, 0, 0, 0]"
50.9736943245,,3292,,1583006355,825874090,"""Soft Sip""",[0.28381088376045227],"[0, 0, 1, 0]"
50.9795389175,,3293,,1583006355,831671953,"""Soft Sip""",[0.26209455728530884],"[0, 0, 1, 0]"
50.9854280949,,3294,,1583006355,837536096,"""Soft Sip""",[0.2403782308101654],"[0, 0, 1, 0]"
50.9905211926,,3295,,1583006355,843413114,"""Soft Sip""",[0.2186940312385559],"[0, 0, 1, 0]"
50.9949400425,,3296,,1583006355,848501920,"""Soft Sip""",[0.19697770476341248],"[0, 0, 1, 0]"
51.0008513927,,3297,,1583006355,852926015,"""Soft Sip""",[0.18611954152584076],"[0, 0, 1, 0]"
51.0072143078,,3298,,1583006355,858922958,"""Soft Sip""",[0.16443534195423126],"[0, 0, 1, 0]"
51.0158531666,,3299,,1583006355,865391969,"""Soft Sip""",[0.15357716381549835],"[0, 0, 1, 0]"
51.0216529369,,3300,,1583006355,873703956,"""Soft Sip""",[0.14271900057792664],"[0, 0, 1, 0]"
51.0267779827,,3301,,1583006355,879633903,"""Soft Sip""",[0.13186083734035492],"[0, 0, 1, 0]"
51.0321154594,,3302,,1583006355,884747982,"""Soft Sip""",[0.12103480100631714],"[0, 0, 1, 0]"
51.037528038,,3303,,1583006355,890084981,"""Soft Sip""",[0.11017663776874542],"[0, 0, 1, 0]"
51.0442492962,,3304,,1583006355,895503997,"""Soft Sip""",[0.12103480100631714],"[0, 0, 1, 0]"
51.049674511,,3305,,1583006355,902220964,"""Soft Sip""",[0.13186083734035492],"[0, 0, 1, 0]"
51.0556344986,,3306,,1583006355,907802104,"""Soft Sip""",[0.14271900057792664],"[0, 0, 1, 0]"
51.0602285862,,3307,,1583006355,913618087,"""Soft Sip""",[0.15357716381549835],"[0, 0, 1, 0]"
51.0657484531,,3308,,1583006355,918198108,"""Soft Sip""",[0.16443534195423126],"[0, 0, 1, 0]"
51.0713348389,,3309,,1583006355,923732042,"""Soft Sip""",[0.17529350519180298],"[0, 0, 1, 0]"
51.0779929161,,3310,,1583006355,929301023,"""Soft Sip""",[0.18611954152584076],"[0, 0, 1, 0]"
51.0833904743,,3311,,1583006355,935832977,"""Soft Sip""",[0.19697770476341248],"[0, 0, 1, 0]"
51.0896654129,,3312,,1583006355,941452980,"""Soft Sip""",[0.18611954152584076],"[0, 0, 1, 0]"
51.0945174694,,3313,,1583006355,947763919,"""Soft Sip""",[0.17529350519180298],"[0, 0, 1, 0]"
51.0997157097,,3314,,1583006355,952497005,"""Soft Sip""",[0.16443534195423126],"[0, 0, 1, 0]"
51.1047821045,,3315,,1583006355,957686901,"""Soft Sip""",[0.15357716381549835],"[0, 0, 1, 0]"
51.1114051342,,3316,,1583006355,962773084,"""Soft Sip""",[0.14271900057792664],"[0, 0, 1, 0]"
51.1176850796,,3317,,1583006355,969396114,"""Soft Sip""",[0.13186083734035492],"[0, 0, 1, 0]"
51.122443676,,3318,,1583006355,975584030,"""Soft Sip""",[0.12103480100631714],"[0, 0, 1, 0]"
51.1275999546,,3319,,1583006355,980505943,"""Soft Sip""",[0.11017663776874542],"[0, 0, 1, 0]"
51.1333870888,,3320,,1583006355,985590934,"""Soft Sip""",[0.0993184745311737],"[0, 0, 1, 0]"
51.1383728981,,3321,,1583006355,991302013,"""Soft Sip""",[0.08846031129360199],"[0, 0, 1, 0]"
51.1447067261,,3322,,1583006355,996473073,"""Soft Sip""",[0.07760214805603027],"[0, 0, 1, 0]"
51.1512374878,,3323,,1583006356,2777099,"""Soft Sip""",[0.05591794103384018],"[0, 0, 1, 0]"
51.1566336155,,3324,,1583006356,9320020,"""Soft Sip""",[0.04505977779626846],"[0, 0, 1, 0]"
51.1638448238,,3325,,1583006356,14744043,"""Soft Sip""",[0.023343447595834732],"[0, 0, 1, 0]"
51.1686592102,,3326,,1583006356,21867990,"""Soft Sip""",[0.012485282495617867],"[0, 0, 1, 0]"
51.1697595119,,3327,,1583006356,26668071,"""Zero Band""",[0.0016592431347817183],"[0, 0, 0, 0]"
51.1707570553,,3328,,1583006356,27803897,"""Zero Band""",[-0.0],"[0, 0, 0, 0]"
51.1718871593,,3329,,1583006356,28847932,"""Zero Band""",[-0.0],"[0, 0, 0, 0]"
51.1728258133,,3330,,1583006356,29895067,"""Zero Band""",[-0.0],"[0, 0, 0, 0]"
51.1735596657,,3331,,1583006356,30827999,"""Zero Band""",[-0.0],"[0, 0, 0, 0]"
51.1742777824,,3332,,1583006356,31544923,"""Zero Band""",[-0.0],"[0, 0, 0, 0]"
51.1743428707,,3333,,1583006356,31544923,"""input stopped""",[-0.0],"[0, 0, 0, 0]"
51.4229786396,,3334,,1583006356,279697895,"""Zero Band""",[-0.0],"[0, 0, 0, 0]"
51.4337048531,,3335,,1583006356,290791988,"""Zero Band""",[-0.0],"[0, 0, 0, 0]"
51.4416670799,,3336,,1583006356,298770904,"""Zero Band""",[-0.0],"[0, 0, 0, 0]"
51.4541742802,,3337,,1583006356,310849905,"""Zero Band""",[-0.0],"[0, 0, 0, 0]"
51.4660532475,,3338,,1583006356,322858095,"""Zero Band""",[-0.0],"[0, 0, 0, 0]"
51.4674713612,,3339,,1583006356,324721097,"""Zero Band""",[-0.0],"[0, 0, 0, 0]"
51.4694583416,,3340,,1583006356,326702117,"""Zero Band""",[-0.0],"[0, 0, 0, 0]"
51.5097534657,,3341,,1583006356,366785049,"""Zero Band""",[0.0016592431347817183],"[0, 0, 0, 0]"
51.52267766,,3342,,1583006356,374867916,"""Soft Sip""",[0.012485282495617867],"[0, 0, 1, 0]"
51.5271787643,,3343,,1583006356,380748033,"""Soft Sip""",[0.023343447595834732],"[0, 0, 1, 0]"
51.5317964554,,3344,,1583006356,385235071,"""Soft Sip""",[0.03420161083340645],"[0, 0, 1, 0]"
51.5379621983,,3345,,1583006356,389863014,"""Soft Sip""",[0.04505977779626846],"[0, 0, 1, 0]"
51.5439653397,,3346,,1583006356,396038055,"""Soft Sip""",[0.05591794103384018],"[0, 0, 1, 0]"
51.5496206284,,3347,,1583006356,402057886,"""Soft Sip""",[0.06674397736787796],"[0, 0, 1, 0]"
51.5566413403,,3348,,1583006356,407607078,"""Soft Sip""",[0.07760214805603027],"[0, 0, 1, 0]"
51.5620713234,,3349,,1583006356,414694070,"""Soft Sip""",[0.08846031129360199],"[0, 0, 1, 0]"
51.5669691563,,3350,,1583006356,420099020,"""Soft Sip""",[0.0993184745311737],"[0, 0, 1, 0]"
51.5726020336,,3351,,1583006356,424923896,"""Soft Sip""",[0.11017663776874542],"[0, 0, 1, 0]"
51.578650713,,3352,,1583006356,430690050,"""Soft Sip""",[0.12103480100631714],"[0, 0, 1, 0]"
51.5853121281,,3353,,1583006356,436633110,"""Soft Sip""",[0.13186083734035492],"[0, 0, 1, 0]"
51.5904862881,,3354,,1583006356,443376064,"""Soft Sip""",[0.14271900057792664],"[0, 0, 1, 0]"
51.5973541737,,3355,,1583006356,448554039,"""Soft Sip""",[0.15357716381549835],"[0, 0, 1, 0]"
51.6028914452,,3356,,1583006356,455332040,"""Soft Sip""",[0.16443534195423126],"[0, 0, 1, 0]"
51.6076643467,,3357,,1583006356,460664033,"""Soft Sip""",[0.17529350519180298],"[0, 0, 1, 0]"
51.6149921417,,3358,,1583006356,465758085,"""Soft Sip""",[0.18611954152584076],"[0, 0, 1, 0]"
51.6205198765,,3359,,1583006356,473098039,"""Soft Sip""",[0.19697770476341248],"[0, 0, 1, 0]"
51.6256840229,,3360,,1583006356,478549957,"""Soft Sip""",[0.2078358680009842],"[0, 0, 1, 0]"
51.6334741116,,3361,,1583006356,483715057,"""Soft Sip""",[0.2186940312385559],"[0, 0, 1, 0]"
51.6385395527,,3362,,1583006356,491554975,"""Soft Sip""",[0.22955219447612762],"[0, 0, 1, 0]"
51.6442501545,,3363,,1583006356,496598958,"""Soft Sip""",[0.2403782308101654],"[0, 0, 1, 0]"
51.6798863411,,3364,,1583006356,530838012,"""Soft Sip""",[0.22955219447612762],"[0, 0, 1, 0]"
51.685801506,,3365,,1583006356,538039922,"""Soft Sip""",[0.2403782308101654],"[0, 0, 1, 0]"
51.6915948391,,3366,,1583006356,543862104,"""Soft Sip""",[0.22955219447612762],"[0, 0, 1, 0]"
51.6959822178,,3367,,1583006356,549649000,"""Soft Sip""",[0.2186940312385559],"[0, 0, 1, 0]"
51.7082076073,,3368,,1583006356,560753107,"""Soft Sip""",[0.2078358680009842],"[0, 0, 1, 0]"
51.7255568504,,3369,,1583006356,574822902,"""Soft Sip""",[0.19697770476341248],"[0, 0, 1, 0]"
51.7403638363,,3370,,1583006356,592839956,"""Soft Sip""",[0.18611954152584076],"[0, 0, 1, 0]"
51.7481341362,,3371,,1583006356,598422050,"""Soft Sip""",[0.19697770476341248],"[0, 0, 1, 0]"
51.7558474541,,3372,,1583006356,608726978,"""Soft Sip""",[0.2078358680009842],"[0, 0, 1, 0]"
51.7602903843,,3373,,1583006356,613764047,"""Soft Sip""",[0.2186940312385559],"[0, 0, 1, 0]"
51.7668282986,,3374,,1583006356,618768930,"""Soft Sip""",[0.22955219447612762],"[0, 0, 1, 0]"
51.7724182606,,3375,,1583006356,624887943,"""Soft Sip""",[0.2403782308101654],"[0, 0, 1, 0]"
51.779104948,,3376,,1583006356,630481004,"""Soft Sip""",[0.2512364089488983],"[0, 0, 1, 0]"
51.7850904465,,3377,,1583006356,637190103,"""Soft Sip""",[0.26209455728530884],"[0, 0, 1, 0]"
51.7911436558,,3378,,1583006356,643174886,"""Soft Sip""",[0.27295273542404175],"[0, 0, 1, 0]"
51.7964487076,,3379,,1583006356,649194002,"""Soft Sip""",[0.28381088376045227],"[0, 0, 1, 0]"
51.8043944836,,3380,,1583006356,656737089,"""Soft Sip""",[0.2946690618991852],"[0, 0, 1, 0]"
51.8141067028,,3381,,1583006356,670892000,"""Soft-Hard Sip Deadband""",[0.30549511313438416],"[0, 0, 0, 0]"
51.8257336617,,3382,,1583006356,682780027,"""Soft-Hard Sip Deadband""",[0.3163532614707947],"[0, 0, 0, 0]"
51.833874464,,3383,,1583006356,690788984,"""Soft-Hard Sip Deadband""",[0.3272114396095276],"[0, 0, 0, 0]"
51.8444445133,,3384,,1583006356,700983047,"""Soft-Hard Sip Deadband""",[0.3380695879459381],"[0, 0, 0, 0]"
51.8581290245,,3385,,1583006356,714870929,"""Soft-Hard Sip Deadband""",[0.348927766084671],"[0, 0, 0, 0]"
51.8721888065,,3386,,1583006356,728893041,"""Soft-Hard Sip Deadband""",[0.3380695879459381],"[0, 0, 0, 0]"
51.892113924,,3387,,1583006356,748855113,"""Soft-Hard Sip Deadband""",[0.3272114396095276],"[0, 0, 0, 0]"
51.9020459652,,3388,,1583006356,758855104,"""Soft-Hard Sip Deadband""",[0.3163532614707947],"[0, 0, 0, 0]"
51.9098334312,,3389,,1583006356,766750097,"""Soft-Hard Sip Deadband""",[0.30549511313438416],"[0, 0, 0, 0]"
51.9213187695,,3390,,1583006356,772799968,"""Soft Sip""",[0.2946690618991852],"[0, 0, 1, 0]"
51.9383220673,,3391,,1583006356,790757894,"""Soft Sip""",[0.28381088376045227],"[0, 0, 1, 0]"
51.9587342739,,3392,,1583006356,810925960,"""Soft Sip""",[0.2946690618991852],"[0, 0, 1, 0]"
51.9677422047,,3393,,1583006356,824779033,"""Soft-Hard Sip Deadband""",[0.30549511313438416],"[0, 0, 0, 0]"
51.9778313637,,3394,,1583006356,834785938,"""Soft-Hard Sip Deadband""",[0.3163532614707947],"[0, 0, 0, 0]"
51.9823954105,,3395,,1583006356,838927030,"""Soft-Hard Sip Deadband""",[0.3272114396095276],"[0, 0, 0, 0]"
51.990187645,,3396,,1583006356,846853017,"""Soft-Hard Sip Deadband""",[0.3380695879459381],"[0, 0, 0, 0]"
51.9960150719,,3397,,1583006356,852720975,"""Soft-Hard Sip Deadband""",[0.348927766084671],"[0, 0, 0, 0]"
51.9977385998,,3398,,1583006356,854753971,"""Soft-Hard Sip Deadband""",[0.3597537875175476],"[0, 0, 0, 0]"
52.0015277863,,3399,,1583006356,858711004,"""Soft-Hard Sip Deadband""",[0.3706119656562805],"[0, 0, 0, 0]"
52.0077240467,,3400,,1583006356,864685058,"""Soft-Hard Sip Deadband""",[0.38147011399269104],"[0, 0, 0, 0]"
52.0115716457,,3401,,1583006356,868716955,"""Soft-Hard Sip Deadband""",[0.39232829213142395],"[0, 0, 0, 0]"
52.0155320168,,3402,,1583006356,872733116,"""Soft-Hard Sip Deadband""",[0.4031864404678345],"[0, 0, 0, 0]"
52.0236263275,,3403,,1583006356,880779981,"""Soft-Hard Sip Deadband""",[0.4140446186065674],"[0, 0, 0, 0]"
52.0401124954,,3404,,1583006356,896805047,"""Soft-Hard Sip Deadband""",[0.42487066984176636],"[0, 0, 0, 0]"
52.0739352703,,3405,,1583006356,930860042,"""Soft-Hard Sip Deadband""",[0.4140446186065674],"[0, 0, 0, 0]"
52.0800876617,,3406,,1583006356,936788082,"""Soft-Hard Sip Deadband""",[0.4031864404678345],"[0, 0, 0, 0]"
52.0837373734,,3407,,1583006356,940783977,"""Soft-Hard Sip Deadband""",[0.39232829213142395],"[0, 0, 0, 0]"
52.0897467136,,3408,,1583006356,946772098,"""Soft-Hard Sip Deadband""",[0.38147011399269104],"[0, 0, 0, 0]"
52.093691349,,3409,,1583006356,950799942,"""Soft-Hard Sip Deadband""",[0.3706119656562805],"[0, 0, 0, 0]"
52.1001491547,,3410,,1583006356,956837892,"""Soft-Hard Sip Deadband""",[0.3597537875175476],"[0, 0, 0, 0]"
52.1056497097,,3411,,1583006356,962742090,"""Soft-Hard Sip Deadband""",[0.348927766084671],"[0, 0, 0, 0]"
52.1074118614,,3412,,1583006356,964699029,"""Soft-Hard Sip Deadband""",[0.3380695879459381],"[0, 0, 0, 0]"
52.1116335392,,3413,,1583006356,968759059,"""Soft-Hard Sip Deadband""",[0.3272114396095276],"[0, 0, 0, 0]"
52.1155686378,,3414,,1583006356,972743988,"""Soft-Hard Sip Deadband""",[0.3163532614707947],"[0, 0, 0, 0]"
52.1194863319,,3415,,1583006356,976706027,"""Soft-Hard Sip Deadband""",[0.30549511313438416],"[0, 0, 0, 0]"
52.1281285286,,3416,,1583006356,980768918,"""Soft Sip""",[0.2946690618991852],"[0, 0, 1, 0]"
52.1335072517,,3417,,1583006356,986155986,"""Soft Sip""",[0.28381088376045227],"[0, 0, 1, 0]"
52.1393020153,,3418,,1583006356,991570949,"""Soft Sip""",[0.27295273542404175],"[0, 0, 1, 0]"
52.1445887089,,3419,,1583006356,997359037,"""Soft Sip""",[0.26209455728530884],"[0, 0, 1, 0]"
52.2086677551,,3420,,1583006357,60837030,"""Soft Sip""",[0.2512364089488983],"[0, 0, 1, 0]"
52.2329809666,,3421,,1583006357,84894895,"""Soft Sip""",[0.2403782308101654],"[0, 0, 1, 0]"
52.2396144867,,3422,,1583006357,90980052,"""Soft Sip""",[0.2512364089488983],"[0, 0, 1, 0]"
52.2765512466,,3423,,1583006357,128854036,"""Soft Sip""",[0.26209455728530884],"[0, 0, 1, 0]"
52.2852287292,,3424,,1583006357,136754989,"""Soft Sip""",[0.27295273542404175],"[0, 0, 1, 0]"
52.2896752357,,3425,,1583006357,143244028,"""Soft Sip""",[0.28381088376045227],"[0, 0, 1, 0]"
52.2962796688,,3426,,1583006357,148720979,"""Soft Sip""",[0.2946690618991852],"[0, 0, 1, 0]"
52.3369011879,,3427,,1583006357,188802003,"""Soft Sip""",[0.28381088376045227],"[0, 0, 1, 0]"
52.3423295021,,3428,,1583006357,194936990,"""Soft Sip""",[0.27295273542404175],"[0, 0, 1, 0]"
52.3528702259,,3429,,1583006357,204909086,"""Soft Sip""",[0.26209455728530884],"[0, 0, 1, 0]"
52.3582010269,,3430,,1583006357,210947990,"""Soft Sip""",[0.27295273542404175],"[0, 0, 1, 0]"
52.3641057014,,3431,,1583006357,216312885,"""Soft Sip""",[0.26209455728530884],"[0, 0, 1, 0]"
52.3702468872,,3432,,1583006357,221965074,"""Soft Sip""",[0.27295273542404175],"[0, 0, 1, 0]"
52.3771076202,,3433,,1583006357,228287935,"""Soft Sip""",[0.28381088376045227],"[0, 0, 1, 0]"
52.3852963448,,3434,,1583006357,236774921,"""Soft Sip""",[0.2946690618991852],"[0, 0, 1, 0]"
52.3861582279,,3435,,1583006357,243371963,"""Soft-Hard Sip Deadband""",[0.30549511313438416],"[0, 0, 0, 0]"
52.3937432766,,3436,,1583006357,250782966,"""Soft-Hard Sip Deadband""",[0.3163532614707947],"[0, 0, 0, 0]"
52.4020938873,,3437,,1583006357,258804082,"""Soft-Hard Sip Deadband""",[0.3272114396095276],"[0, 0, 0, 0]"
52.4057543278,,3438,,1583006357,262799024,"""Soft-Hard Sip Deadband""",[0.3380695879459381],"[0, 0, 0, 0]"
52.4117560387,,3439,,1583006357,268747091,"""Soft-Hard Sip Deadband""",[0.348927766084671],"[0, 0, 0, 0]"
52.4180951118,,3440,,1583006357,274827957,"""Soft-Hard Sip Deadband""",[0.3597537875175476],"[0, 0, 0, 0]"
52.421615839,,3441,,1583006357,278713941,"""Soft-Hard Sip Deadband""",[0.3706119656562805],"[0, 0, 0, 0]"
52.4276893139,,3442,,1583006357,284743070,"""Soft-Hard Sip Deadband""",[0.38147011399269104],"[0, 0, 0, 0]"
52.4295079708,,3443,,1583006357,286711931,"""Soft-Hard Sip Deadband""",[0.39232829213142395],"[0, 0, 0, 0]"
52.436057806,,3444,,1583006357,292841911,"""Soft-Hard Sip Deadband""",[0.4031864404678345],"[0, 0, 0, 0]"
52.4396941662,,3445,,1583006357,296822071,"""Soft-Hard Sip Deadband""",[0.4140446186065674],"[0, 0, 0, 0]"
52.4456830025,,3446,,1583006357,302757024,"""Soft-Hard Sip Deadband""",[0.42487066984176636],"[0, 0, 0, 0]"
52.4519946575,,3447,,1583006357,308732032,"""Soft-Hard Sip Deadband""",[0.4357288181781769],"[0, 0, 0, 0]"
52.4554696083,,3448,,1583006357,312700986,"""Soft-Hard Sip Deadband""",[0.4465869963169098],"[0, 0, 0, 0]"
52.4641695023,,3449,,1583006357,320863962,"""Soft-Hard Sip Deadband""",[0.4574451446533203],"[0, 0, 0, 0]"
52.4717524052,,3450,,1583006357,328792095,"""Soft-Hard Sip Deadband""",[0.4683033227920532],"[0, 0, 0, 0]"
52.5220413208,,3451,,1583006357,378786087,"""Soft-Hard Sip Deadband""",[0.4574451446533203],"[0, 0, 0, 0]"
52.5257441998,,3452,,1583006357,382783889,"""Soft-Hard Sip Deadband""",[0.4465869963169098],"[0, 0, 0, 0]"
52.5338661671,,3453,,1583006357,390825033,"""Soft-Hard Sip Deadband""",[0.4357288181781769],"[0, 0, 0, 0]"
52.53977108,,3454,,1583006357,396816968,"""Soft-Hard Sip Deadband""",[0.42487066984176636],"[0, 0, 0, 0]"
52.5476691723,,3455,,1583006357,404774904,"""Soft-Hard Sip Deadband""",[0.4140446186065674],"[0, 0, 0, 0]"
52.5557820797,,3456,,1583006357,412806987,"""Soft-Hard Sip Deadband""",[0.4031864404678345],"[0, 0, 0, 0]"
52.5596117973,,3457,,1583006357,416724920,"""Soft-Hard Sip Deadband""",[0.39232829213142395],"[0, 0, 0, 0]"
52.5659792423,,3458,,1583006357,422825098,"""Soft-Hard Sip Deadband""",[0.38147011399269104],"[0, 0, 0, 0]"
52.5695927143,,3459,,1583006357,426757097,"""Soft-Hard Sip Deadband""",[0.3706119656562805],"[0, 0, 0, 0]"
52.5778470039,,3460,,1583006357,434874057,"""Soft-Hard Sip Deadband""",[0.3597537875175476],"[0, 0, 0, 0]"
52.5840108395,,3461,,1583006357,440824031,"""Soft-Hard Sip Deadband""",[0.348927766084671],"[0, 0, 0, 0]"
52.5897142887,,3462,,1583006357,446772098,"""Soft-Hard Sip Deadband""",[0.3380695879459381],"[0, 0, 0, 0]"
52.5915331841,,3463,,1583006357,448712110,"""Soft-Hard Sip Deadband""",[0.3272114396095276],"[0, 0, 0, 0]"
52.5955507755,,3464,,1583006357,452729940,"""Soft-Hard Sip Deadband""",[0.3163532614707947],"[0, 0, 0, 0]"
52.6015732288,,3465,,1583006357,458748102,"""Soft-Hard Sip Deadband""",[0.30549511313438416],"[0, 0, 0, 0]"
52.6080462933,,3466,,1583006357,460695981,"""Soft Sip""",[0.2946690618991852],"[0, 0, 1, 0]"
52.6136806011,,3467,,1583006357,466716051,"""Soft Sip""",[0.28381088376045227],"[0, 0, 1, 0]"
52.619115591,,3468,,1583006357,471721887,"""Soft Sip""",[0.27295273542404175],"[0, 0, 1, 0]"
52.6245055199,,3469,,1583006357,477180004,"""Soft Sip""",[0.26209455728530884],"[0, 0, 1, 0]"
52.6297299862,,3470,,1583006357,482583999,"""Soft Sip""",[0.2512364089488983],"[0, 0, 1, 0]"
52.6358969212,,3471,,1583006357,487780094,"""Soft Sip""",[0.2403782308101654],"[0, 0, 1, 0]"
52.6510436535,,3472,,1583006357,502829074,"""Soft Sip""",[0.2512364089488983],"[0, 0, 1, 0]"
52.6647698879,,3473,,1583006357,516824960,"""Soft Sip""",[0.26209455728530884],"[0, 0, 1, 0]"
52.6717193127,,3474,,1583006357,522836923,"""Soft Sip""",[0.27295273542404175],"[0, 0, 1, 0]"
52.6780362129,,3475,,1583006357,529721975,"""Soft Sip""",[0.28381088376045227],"[0, 0, 1, 0]"
52.6846935749,,3476,,1583006357,536751985,"""Soft Sip""",[0.2946690618991852],"[0, 0, 1, 0]"
52.6897773743,,3477,,1583006357,546835899,"""Soft-Hard Sip Deadband""",[0.30549511313438416],"[0, 0, 0, 0]"
52.6985845566,,3478,,1583006357,550709009,"""Soft Sip""",[0.2946690618991852],"[0, 0, 1, 0]"
52.7131543159,,3479,,1583006357,564757108,"""Soft Sip""",[0.28381088376045227],"[0, 0, 1, 0]"
52.720441103,,3480,,1583006357,572798013,"""Soft Sip""",[0.27295273542404175],"[0, 0, 1, 0]"
52.7258329391,,3481,,1583006357,578727006,"""Soft Sip""",[0.26209455728530884],"[0, 0, 1, 0]"
52.7358174324,,3482,,1583006357,584743022,"""Soft Sip""",[0.2512364089488983],"[0, 0, 1, 0]"
52.7412443161,,3483,,1583006357,593903064,"""Soft Sip""",[0.2403782308101654],"[0, 0, 1, 0]"
52.74640131,,3484,,1583006357,599335908,"""Soft Sip""",[0.22955219447612762],"[0, 0, 1, 0]"
52.7537615299,,3485,,1583006357,604563951,"""Soft Sip""",[0.2186940312385559],"[0, 0, 1, 0]"
52.7582292557,,3486,,1583006357,611843109,"""Soft Sip""",[0.2078358680009842],"[0, 0, 1, 0]"
52.7660150528,,3487,,1583006357,616295099,"""Soft Sip""",[0.19697770476341248],"[0, 0, 1, 0]"
52.7723352909,,3488,,1583006357,624095916,"""Soft Sip""",[0.18611954152584076],"[0, 0, 1, 0]"
52.7773211002,,3489,,1583006357,630304098,"""Soft Sip""",[0.17529350519180298],"[0, 0, 1, 0]"
52.7830410004,,3490,,1583006357,635404109,"""Soft Sip""",[0.16443534195423126],"[0, 0, 1, 0]"
52.7881569862,,3491,,1583006357,641120910,"""Soft Sip""",[0.15357716381549835],"[0, 0, 1, 0]"
52.7927236557,,3492,,1583006357,646151065,"""Soft Sip""",[0.14271900057792664],"[0, 0, 1, 0]"
52.7999684811,,3493,,1583006357,650710105,"""Soft Sip""",[0.13186083734035492],"[0, 0, 1, 0]"
52.8063211441,,3494,,1583006357,657963991,"""Soft Sip""",[0.12103480100631714],"[0, 0, 1, 0]"
52.8123440742,,3495,,1583006357,664391040,"""Soft Sip""",[0.11017663776874542],"[0, 0, 1, 0]"
52.8181831837,,3496,,1583006357,670298099,"""Soft Sip""",[0.0993184745311737],"[0, 0, 1, 0]"
52.8231201172,,3497,,1583006357,676254034,"""Soft Sip""",[0.08846031129360199],"[0, 0, 1, 0]"
52.8281331062,,3498,,1583006357,681094884,"""Soft Sip""",[0.07760214805603027],"[0, 0, 1, 0]"
52.8341825008,,3499,,1583006357,686141014,"""Soft Sip""",[0.06674397736787796],"[0, 0, 1, 0]"
52.840180397,,3500,,1583006357,692171096,"""Soft Sip""",[0.05591794103384018],"[0, 0, 1, 0]"
52.8468208313,,3501,,1583006357,698199033,"""Soft Sip""",[0.04505977779626846],"[0, 0, 1, 0]"
52.8536939621,,3502,,1583006357,704961061,"""Soft Sip""",[0.05591794103384018],"[0, 0, 1, 0]"
52.8591926098,,3503,,1583006357,711675882,"""Soft Sip""",[0.04505977779626846],"[0, 0, 1, 0]"
52.8652355671,,3504,,1583006357,717331886,"""Soft Sip""",[0.05591794103384018],"[0, 0, 1, 0]"
52.8728044033,,3505,,1583006357,724798917,"""Soft Sip""",[0.06674397736787796],"[0, 0, 1, 0]"
52.8775033951,,3506,,1583006357,730835914,"""Soft Sip""",[0.07760214805603027],"[0, 0, 1, 0]"
52.8836662769,,3507,,1583006357,735568046,"""Soft Sip""",[0.08846031129360199],"[0, 0, 1, 0]"
52.888882637,,3508,,1583006357,741755008,"""Soft Sip""",[0.0993184745311737],"[0, 0, 1, 0]"
52.8956480026,,3509,,1583006357,746956110,"""Soft Sip""",[0.11017663776874542],"[0, 0, 1, 0]"
52.9010970592,,3510,,1583006357,753653049,"""Soft Sip""",[0.12103480100631714],"[0, 0, 1, 0]"
52.9066810608,,3511,,1583006357,759154081,"""Soft Sip""",[0.13186083734035492],"[0, 0, 1, 0]"
52.9121761322,,3512,,1583006357,764724969,"""Soft Sip""",[0.14271900057792664],"[0, 0, 1, 0]"
52.9187819958,,3513,,1583006357,770256996,"""Soft Sip""",[0.15357716381549835],"[0, 0, 1, 0]"
52.924932003,,3514,,1583006357,776807069,"""Soft Sip""",[0.16443534195423126],"[0, 0, 1, 0]"
52.9327633381,,3515,,1583006357,782996892,"""Soft Sip""",[0.17529350519180298],"[0, 0, 1, 0]"
52.9387383461,,3516,,1583006357,790836095,"""Soft Sip""",[0.18611954152584076],"[0, 0, 1, 0]"
52.9464461803,,3517,,1583006357,798759937,"""Soft Sip""",[0.19697770476341248],"[0, 0, 1, 0]"
52.9521977901,,3518,,1583006357,804745912,"""Soft Sip""",[0.2078358680009842],"[0, 0, 1, 0]"
52.9613642693,,3519,,1583006357,812812089,"""Soft Sip""",[0.2186940312385559],"[0, 0, 1, 0]"
52.9909644127,,3520,,1583006357,842993974,"""Soft Sip""",[0.2078358680009842],"[0, 0, 1, 0]"
53.0029613972,,3521,,1583006357,854846000,"""Soft Sip""",[0.19697770476341248],"[0, 0, 1, 0]"
53.0089790821,,3522,,1583006357,861032962,"""Soft Sip""",[0.2078358680009842],"[0, 0, 1, 0]"
53.0154335499,,3523,,1583006357,867072105,"""Soft Sip""",[0.19697770476341248],"[0, 0, 1, 0]"
53.0214884281,,3524,,1583006357,873564004,"""Soft Sip""",[0.18611954152584076],"[0, 0, 1, 0]"
53.0269460678,,3525,,1583006357,879551887,"""Soft Sip""",[0.17529350519180298],"[0, 0, 1, 0]"
53.0326755047,,3526,,1583006357,885025024,"""Soft Sip""",[0.16443534195423126],"[0, 0, 1, 0]"
53.0523095131,,3527,,1583006357,902878046,"""Soft Sip""",[0.17529350519180298],"[0, 0, 1, 0]"
53.0650200844,,3528,,1583006357,916784048,"""Soft Sip""",[0.18611954152584076],"[0, 0, 1, 0]"
53.0706195831,,3529,,1583006357,923022031,"""Soft Sip""",[0.19697770476341248],"[0, 0, 1, 0]"
53.0758495331,,3530,,1583006357,928668975,"""Soft Sip""",[0.2078358680009842],"[0, 0, 1, 0]"
53.0822741985,,3531,,1583006357,933881998,"""Soft Sip""",[0.2186940312385559],"[0, 0, 1, 0]"
53.0885157585,,3532,,1583006357,940761089,"""Soft Sip""",[0.22955219447612762],"[0, 0, 1, 0]"
53.0933151245,,3533,,1583006357,946577072,"""Soft Sip""",[0.2403782308101654],"[0, 0, 1, 0]"
53.0995440483,,3534,,1583006357,952719926,"""Soft Sip""",[0.2512364089488983],"[0, 0, 1, 0]"
53.1104428768,,3535,,1583006357,962757110,"""Soft Sip""",[0.26209455728530884],"[0, 0, 1, 0]"
53.1299128532,,3536,,1583006357,980833053,"""Soft Sip""",[0.2512364089488983],"[0, 0, 1, 0]"
53.1712272167,,3537,,1583006358,22943019,"""Soft Sip""",[0.26209455728530884],"[0, 0, 1, 0]"
53.1849470139,,3538,,1583006358,36827087,"""Soft Sip""",[0.27295273542404175],"[0, 0, 1, 0]"
53.1975548267,,3539,,1583006358,48820018,"""Soft Sip""",[0.28381088376045227],"[0, 0, 1, 0]"
53.2263526917,,3540,,1583006358,78840970,"""Soft Sip""",[0.2946690618991852],"[0, 0, 1, 0]"
53.2310204506,,3541,,1583006358,84397077,"""Soft Sip""",[0.28381088376045227],"[0, 0, 1, 0]"
53.2527604103,,3542,,1583006358,104907035,"""Soft Sip""",[0.27295273542404175],"[0, 0, 1, 0]"
53.2705805302,,3543,,1583006358,122786045,"""Soft Sip""",[0.26209455728530884],"[0, 0, 1, 0]"
53.2875247002,,3544,,1583006358,138843059,"""Soft Sip""",[0.27295273542404175],"[0, 0, 1, 0]"
53.3051328659,,3545,,1583006358,156888008,"""Soft Sip""",[0.28381088376045227],"[0, 0, 1, 0]"
53.3139014244,,3546,,1583006358,166850090,"""Soft Sip""",[0.2946690618991852],"[0, 0, 1, 0]"
53.3147025108,,3547,,1583006358,171958923,"""Soft-Hard Sip Deadband""",[0.30549511313438416],"[0, 0, 0, 0]"
53.3195021152,,3548,,1583006358,176733970,"""Soft-Hard Sip Deadband""",[0.3163532614707947],"[0, 0, 0, 0]"
53.3258473873,,3549,,1583006358,182756900,"""Soft-Hard Sip Deadband""",[0.3272114396095276],"[0, 0, 0, 0]"
53.3340508938,,3550,,1583006358,190865039,"""Soft-Hard Sip Deadband""",[0.3380695879459381],"[0, 0, 0, 0]"
53.3380138874,,3551,,1583006358,194839954,"""Soft-Hard Sip Deadband""",[0.348927766084671],"[0, 0, 0, 0]"
53.343736887,,3552,,1583006358,200787067,"""Soft-Hard Sip Deadband""",[0.3597537875175476],"[0, 0, 0, 0]"
53.3484611511,,3553,,1583006358,204812049,"""Soft-Hard Sip Deadband""",[0.3706119656562805],"[0, 0, 0, 0]"
53.351552248,,3554,,1583006358,208776950,"""Soft-Hard Sip Deadband""",[0.38147011399269104],"[0, 0, 0, 0]"
53.3555452824,,3555,,1583006358,212691068,"""Soft-Hard Sip Deadband""",[0.39232829213142395],"[0, 0, 0, 0]"
53.3618514538,,3556,,1583006358,218825101,"""Soft-Hard Sip Deadband""",[0.4031864404678345],"[0, 0, 0, 0]"
53.3700978756,,3557,,1583006358,226850032,"""Soft-Hard Sip Deadband""",[0.4140446186065674],"[0, 0, 0, 0]"
53.3860099316,,3558,,1583006358,242870092,"""Soft-Hard Sip Deadband""",[0.42487066984176636],"[0, 0, 0, 0]"
53.4036302567,,3559,,1583006358,260797977,"""Soft-Hard Sip Deadband""",[0.4140446186065674],"[0, 0, 0, 0]"
53.4140663147,,3560,,1583006358,270823001,"""Soft-Hard Sip Deadband""",[0.4031864404678345],"[0, 0, 0, 0]"
53.423977375,,3561,,1583006358,280806064,"""Soft-Hard Sip Deadband""",[0.39232829213142395],"[0, 0, 0, 0]"
53.4297776222,,3562,,1583006358,286768913,"""Soft-Hard Sip Deadband""",[0.38147011399269104],"[0, 0, 0, 0]"
53.4379892349,,3563,,1583006358,294842004,"""Soft-Hard Sip Deadband""",[0.3706119656562805],"[0, 0, 0, 0]"
53.4479427338,,3564,,1583006358,304817914,"""Soft-Hard Sip Deadband""",[0.3597537875175476],"[0, 0, 0, 0]"
53.4641394615,,3565,,1583006358,320849895,"""Soft-Hard Sip Deadband""",[0.348927766084671],"[0, 0, 0, 0]"
53.4698472023,,3566,,1583006358,326823949,"""Soft-Hard Sip Deadband""",[0.3380695879459381],"[0, 0, 0, 0]"
53.4860637188,,3567,,1583006358,342842102,"""Soft-Hard Sip Deadband""",[0.3272114396095276],"[0, 0, 0, 0]"
53.5099284649,,3568,,1583006358,366791963,"""Soft-Hard Sip Deadband""",[0.3163532614707947],"[0, 0, 0, 0]"
53.5117111206,,3569,,1583006358,368766069,"""Soft-Hard Sip Deadband""",[0.3272114396095276],"[0, 0, 0, 0]"
53.515986681,,3570,,1583006358,372823953,"""Soft-Hard Sip Deadband""",[0.3163532614707947],"[0, 0, 0, 0]"
53.5299913883,,3571,,1583006358,386831998,"""Soft-Hard Sip Deadband""",[0.30549511313438416],"[0, 0, 0, 0]"
53.5527322292,,3572,,1583006358,402832031,"""Soft Sip""",[0.2946690618991852],"[0, 0, 1, 0]"
53.572003603,,3573,,1583006358,428868055,"""Soft-Hard Sip Deadband""",[0.30549511313438416],"[0, 0, 0, 0]"
53.5826039314,,3574,,1583006358,438956975,"""Soft-Hard Sip Deadband""",[0.3163532614707947],"[0, 0, 0, 0]"
53.5881211758,,3575,,1583006358,444817066,"""Soft-Hard Sip Deadband""",[0.3272114396095276],"[0, 0, 0, 0]"
53.593626976,,3576,,1583006358,450784921,"""Soft-Hard Sip Deadband""",[0.3380695879459381],"[0, 0, 0, 0]"
53.5981864929,,3577,,1583006358,454858064,"""Soft-Hard Sip Deadband""",[0.348927766084671],"[0, 0, 0, 0]"
53.6037890911,,3578,,1583006358,460803985,"""Soft-Hard Sip Deadband""",[0.3597537875175476],"[0, 0, 0, 0]"
53.6077566147,,3579,,1583006358,464814901,"""Soft-Hard Sip Deadband""",[0.3706119656562805],"[0, 0, 0, 0]"
53.6142392159,,3580,,1583006358,470846891,"""Soft-Hard Sip Deadband""",[0.38147011399269104],"[0, 0, 0, 0]"
53.6197574139,,3581,,1583006358,476772069,"""Soft-Hard Sip Deadband""",[0.39232829213142395],"[0, 0, 0, 0]"
53.6237363815,,3582,,1583006358,480739116,"""Soft-Hard Sip Deadband""",[0.4031864404678345],"[0, 0, 0, 0]"
53.6298847198,,3583,,1583006358,486824989,"""Soft-Hard Sip Deadband""",[0.4140446186065674],"[0, 0, 0, 0]"
53.6377897263,,3584,,1583006358,494771003,"""Soft-Hard Sip Deadband""",[0.42487066984176636],"[0, 0, 0, 0]"
53.6484391689,,3585,,1583006358,504810094,"""Soft-Hard Sip Deadband""",[0.4357288181781769],"[0, 0, 0, 0]"
53.6641681194,,3586,,1583006358,520895957,"""Soft-Hard Sip Deadband""",[0.42487066984176636],"[0, 0, 0, 0]"
53.6657857895,,3587,,1583006358,522763967,"""Soft-Hard Sip Deadband""",[0.4357288181781769],"[0, 0, 0, 0]"
53.6677086353,,3588,,1583006358,524734020,"""Soft-Hard Sip Deadband""",[0.42487066984176636],"[0, 0, 0, 0]"
53.6799969673,,3589,,1583006358,536813974,"""Soft-Hard Sip Deadband""",[0.4357288181781769],"[0, 0, 0, 0]"
53.6837992668,,3590,,1583006358,540745973,"""Soft-Hard Sip Deadband""",[0.4465869963169098],"[0, 0, 0, 0]"
53.6939713955,,3591,,1583006358,550822019,"""Soft-Hard Sip Deadband""",[0.4574451446533203],"[0, 0, 0, 0]"
53.7060842514,,3592,,1583006358,562829971,"""Soft-Hard Sip Deadband""",[0.4683033227920532],"[0, 0, 0, 0]"
53.7201616764,,3593,,1583006358,576805114,"""Soft-Hard Sip Deadband""",[0.4791293442249298],"[0, 0, 0, 0]"
53.7236044407,,3594,,1583006358,580725908,"""Soft-Hard Sip Deadband""",[0.4683033227920532],"[0, 0, 0, 0]"
53.7256140709,,3595,,1583006358,582720994,"""Soft-Hard Sip Deadband""",[0.4791293442249298],"[0, 0, 0, 0]"
53.7277908325,,3596,,1583006358,584722042,"""Soft-Hard Sip Deadband""",[0.4683033227920532],"[0, 0, 0, 0]"
53.7417943478,,3597,,1583006358,598813056,"""Soft-Hard Sip Deadband""",[0.4574451446533203],"[0, 0, 0, 0]"
53.7458076477,,3598,,1583006358,602791070,"""Soft-Hard Sip Deadband""",[0.4465869963169098],"[0, 0, 0, 0]"
53.7520878315,,3599,,1583006358,608839035,"""Soft-Hard Sip Deadband""",[0.4357288181781769],"[0, 0, 0, 0]"
53.7535912991,,3600,,1583006358,610764980,"""Soft-Hard Sip Deadband""",[0.42487066984176636],"[0, 0, 0, 0]"
53.7596840858,,3601,,1583006358,616782903,"""Soft-Hard Sip Deadband""",[0.4140446186065674],"[0, 0, 0, 0]"
53.7616715431,,3602,,1583006358,618768930,"""Soft-Hard Sip Deadband""",[0.4031864404678345],"[0, 0, 0, 0]"
53.7654755116,,3603,,1583006358,622716903,"""Soft-Hard Sip Deadband""",[0.39232829213142395],"[0, 0, 0, 0]"
53.7694833279,,3604,,1583006358,626683950,"""Soft-Hard Sip Deadband""",[0.3706119656562805],"[0, 0, 0, 0]"
53.7714414597,,3605,,1583006358,628712892,"""Soft-Hard Sip Deadband""",[0.3597537875175476],"[0, 0, 0, 0]"
53.7756359577,,3606,,1583006358,632724046,"""Soft-Hard Sip Deadband""",[0.348927766084671],"[0, 0, 0, 0]"
53.7774322033,,3607,,1583006358,634707927,"""Soft-Hard Sip Deadband""",[0.3380695879459381],"[0, 0, 0, 0]"
53.7795751095,,3608,,1583006358,636713027,"""Soft-Hard Sip Deadband""",[0.3272114396095276],"[0, 0, 0, 0]"
53.78384161,,3609,,1583006358,640774011,"""Soft-Hard Sip Deadband""",[0.3163532614707947],"[0, 0, 0, 0]"
53.7854716778,,3610,,1583006358,642695903,"""Soft-Hard Sip Deadband""",[0.30549511313438416],"[0, 0, 0, 0]"
53.7930173874,,3611,,1583006358,644690990,"""Soft Sip""",[0.2946690618991852],"[0, 0, 1, 0]"
53.7993371487,,3612,,1583006358,651077032,"""Soft Sip""",[0.28381088376045227],"[0, 0, 1, 0]"
53.8042881489,,3613,,1583006358,657404899,"""Soft Sip""",[0.27295273542404175],"[0, 0, 1, 0]"
53.8104031086,,3614,,1583006358,662350893,"""Soft Sip""",[0.26209455728530884],"[0, 0, 1, 0]"
53.8166508675,,3615,,1583006358,668272018,"""Soft Sip""",[0.2512364089488983],"[0, 0, 1, 0]"
53.8299002647,,3616,,1583006358,680835008,"""Soft Sip""",[0.26209455728530884],"[0, 0, 1, 0]"
53.8523411751,,3617,,1583006358,702920913,"""Soft Sip""",[0.2512364089488983],"[0, 0, 1, 0]"
53.8598880768,,3618,,1583006358,710772037,"""Soft Sip""",[0.2403782308101654],"[0, 0, 1, 0]"
53.8663313389,,3619,,1583006358,717935085,"""Soft Sip""",[0.22955219447612762],"[0, 0, 1, 0]"
53.8726112843,,3620,,1583006358,724421024,"""Soft Sip""",[0.2186940312385559],"[0, 0, 1, 0]"
53.8780210018,,3621,,1583006358,730694055,"""Soft Sip""",[0.2078358680009842],"[0, 0, 1, 0]"
53.8842868805,,3622,,1583006358,736001014,"""Soft Sip""",[0.19697770476341248],"[0, 0, 1, 0]"
53.8897902966,,3623,,1583006358,742369890,"""Soft Sip""",[0.18611954152584076],"[0, 0, 1, 0]"
53.8952126503,,3624,,1583006358,747809886,"""Soft Sip""",[0.17529350519180298],"[0, 0, 1, 0]"
53.9010829926,,3625,,1583006358,753361940,"""Soft Sip""",[0.16443534195423126],"[0, 0, 1, 0]"
53.9080600739,,3626,,1583006358,759064912,"""Soft Sip""",[0.14271900057792664],"[0, 0, 1, 0]"
53.9144852161,,3627,,1583006358,766025066,"""Soft Sip""",[0.13186083734035492],"[0, 0, 1, 0]"
53.9224393368,,3628,,1583006358,772454977,"""Soft Sip""",[0.11017663776874542],"[0, 0, 1, 0]"
53.9273264408,,3629,,1583006358,780412912,"""Soft Sip""",[0.0993184745311737],"[0, 0, 1, 0]"
53.9324800968,,3630,,1583006358,785427093,"""Soft Sip""",[0.08846031129360199],"[0, 0, 1, 0]"
53.9379894733,,3631,,1583006358,790466070,"""Soft Sip""",[0.06674397736787796],"[0, 0, 1, 0]"
53.944675684,,3632,,1583006358,795969009,"""Soft Sip""",[0.05591794103384018],"[0, 0, 1, 0]"
53.9511845112,,3633,,1583006358,802654027,"""Soft Sip""",[0.04505977779626846],"[0, 0, 1, 0]"
53.9580433369,,3634,,1583006358,809304952,"""Soft Sip""",[0.023343447595834732],"[0, 0, 1, 0]"
53.962757349,,3635,,1583006358,816055059,"""Soft Sip""",[0.012485282495617867],"[0, 0, 1, 0]"
53.9636888504,,3636,,1583006358,820745944,"""Zero Band""",[0.0016592431347817183],"[0, 0, 0, 0]"
53.9646379948,,3637,,1583006358,821666955,"""Zero Band""",[-0.0],"[0, 0, 0, 0]"
53.9653744698,,3638,,1583006358,822525978,"""Zero Band""",[-0.0],"[0, 0, 0, 0]"
53.9661490917,,3639,,1583006358,823407888,"""Zero Band""",[-0.0],"[0, 0, 0, 0]"
53.9669504166,,3640,,1583006358,824196100,"""Zero Band""",[-0.0],"[0, 0, 0, 0]"
53.9696178436,,3641,,1583006358,826734066,"""Zero Band""",[-0.0],"[0, 0, 0, 0]"
53.987016201,,3642,,1583006358,843831062,"""Zero Band""",[-0.0],"[0, 0, 0, 0]"
53.9870934486,,3643,,1583006358,843831062,"""input stopped""",[-0.0],"[0, 0, 0, 0]"
54.2090728283,,3644,,1583006359,65825939,"""Zero Band""",[-0.0],"[0, 0, 0, 0]"
54.2115118504,,3645,,1583006359,68757057,"""Zero Band""",[-0.0],"[0, 0, 0, 0]"
54.2160515785,,3646,,1583006359,72838068,"""Zero Band""",[-0.0],"[0, 0, 0, 0]"
54.2174766064,,3647,,1583006359,74712038,"""Zero Band""",[0.0016592431347817183],"[0, 0, 0, 0]"
54.224645853,,3648,,1583006359,76689004,"""Soft Sip""",[0.023343447595834732],"[0, 0, 1, 0]"
54.2299911976,,3649,,1583006359,82739114,"""Soft Sip""",[0.03420161083340645],"[0, 0, 1, 0]"
54.2351708412,,3650,,1583006359,87970972,"""Soft Sip""",[0.04505977779626846],"[0, 0, 1, 0]"
54.2417836189,,3651,,1583006359,93327045,"""Soft Sip""",[0.05591794103384018],"[0, 0, 1, 0]"
54.2471210957,,3652,,1583006359,99781990,"""Soft Sip""",[0.06674397736787796],"[0, 0, 1, 0]"
54.2535390854,,3653,,1583006359,105132102,"""Soft Sip""",[0.07760214805603027],"[0, 0, 1, 0]"
54.2595081329,,3654,,1583006359,111557006,"""Soft Sip""",[0.08846031129360199],"[0, 0, 1, 0]"
54.2644934654,,3655,,1583006359,117614030,"""Soft Sip""",[0.0993184745311737],"[0, 0, 1, 0]"
54.2707512379,,3656,,1583006359,122473955,"""Soft Sip""",[0.11017663776874542],"[0, 0, 1, 0]"
54.2756211758,,3657,,1583006359,128736019,"""Soft Sip""",[0.12103480100631714],"[0, 0, 1, 0]"
54.2821130753,,3658,,1583006359,133497953,"""Soft Sip""",[0.13186083734035492],"[0, 0, 1, 0]"
54.2886810303,,3659,,1583006359,140081882,"""Soft Sip""",[0.14271900057792664],"[0, 0, 1, 0]"
54.295147419,,3660,,1583006359,146765947,"""Soft Sip""",[0.15357716381549835],"[0, 0, 1, 0]"
54.3014550209,,3661,,1583006359,153322935,"""Soft Sip""",[0.14271900057792664],"[0, 0, 1, 0]"
54.3165912628,,3662,,1583006359,168777942,"""Soft Sip""",[0.15357716381549835],"[0, 0, 1, 0]"
54.3338780403,,3663,,1583006359,184823989,"""Soft Sip""",[0.16443534195423126],"[0, 0, 1, 0]"
54.3388524055,,3664,,1583006359,192081928,"""Soft Sip""",[0.17529350519180298],"[0, 0, 1, 0]"
54.3442065716,,3665,,1583006359,196880102,"""Soft Sip""",[0.18611954152584076],"[0, 0, 1, 0]"
54.3510103226,,3666,,1583006359,202244043,"""Soft Sip""",[0.19697770476341248],"[0, 0, 1, 0]"
54.3561301231,,3667,,1583006359,209084033,"""Soft Sip""",[0.2078358680009842],"[0, 0, 1, 0]"
54.361741066,,3668,,1583006359,214179039,"""Soft Sip""",[0.2186940312385559],"[0, 0, 1, 0]"
54.3672537804,,3669,,1583006359,219743013,"""Soft Sip""",[0.22955219447612762],"[0, 0, 1, 0]"
54.3719155788,,3670,,1583006359,225337982,"""Soft Sip""",[0.2403782308101654],"[0, 0, 1, 0]"
54.3778944016,,3671,,1583006359,229904890,"""Soft Sip""",[0.2512364089488983],"[0, 0, 1, 0]"
54.3858342171,,3672,,1583006359,235981941,"""Soft Sip""",[0.26209455728530884],"[0, 0, 1, 0]"
54.3917472363,,3673,,1583006359,243906974,"""Soft Sip""",[0.27295273542404175],"[0, 0, 1, 0]"
54.3987975121,,3674,,1583006359,249816894,"""Soft Sip""",[0.28381088376045227],"[0, 0, 1, 0]"
54.4039130211,,3675,,1583006359,256803989,"""Soft Sip""",[0.2946690618991852],"[0, 0, 1, 0]"
54.404815197,,3676,,1583006359,261966943,"""Soft-Hard Sip Deadband""",[0.30549511313438416],"[0, 0, 0, 0]"
54.4055068493,,3677,,1583006359,262856960,"""Soft-Hard Sip Deadband""",[0.3163532614707947],"[0, 0, 0, 0]"
54.4062268734,,3678,,1583006359,263484954,"""Soft-Hard Sip Deadband""",[0.3272114396095276],"[0, 0, 0, 0]"
54.4070456028,,3679,,1583006359,264199972,"""Soft-Hard Sip Deadband""",[0.3163532614707947],"[0, 0, 0, 0]"
54.4081242085,,3680,,1583006359,265110015,"""Soft-Hard Sip Deadband""",[0.3272114396095276],"[0, 0, 0, 0]"
54.4324538708,,3681,,1583006359,288875102,"""Soft-Hard Sip Deadband""",[0.3380695879459381],"[0, 0, 0, 0]"
54.4357881546,,3682,,1583006359,292807102,"""Soft-Hard Sip Deadband""",[0.348927766084671],"[0, 0, 0, 0]"
54.4417712688,,3683,,1583006359,298829078,"""Soft-Hard Sip Deadband""",[0.3597537875175476],"[0, 0, 0, 0]"
54.4435806274,,3684,,1583006359,300734996,"""Soft-Hard Sip Deadband""",[0.3706119656562805],"[0, 0, 0, 0]"
54.4456496239,,3685,,1583006359,302742958,"""Soft-Hard Sip Deadband""",[0.38147011399269104],"[0, 0, 0, 0]"
54.4519219398,,3686,,1583006359,308799028,"""Soft-Hard Sip Deadband""",[0.39232829213142395],"[0, 0, 0, 0]"
54.453571558,,3687,,1583006359,310755014,"""Soft-Hard Sip Deadband""",[0.4031864404678345],"[0, 0, 0, 0]"
54.4577262402,,3688,,1583006359,314716100,"""Soft-Hard Sip Deadband""",[0.4140446186065674],"[0, 0, 0, 0]"
54.4618527889,,3689,,1583006359,318802118,"""Soft-Hard Sip Deadband""",[0.4357288181781769],"[0, 0, 0, 0]"
54.4656481743,,3690,,1583006359,322770118,"""Soft-Hard Sip Deadband""",[0.4465869963169098],"[0, 0, 0, 0]"
54.4674532413,,3691,,1583006359,324738025,"""Soft-Hard Sip Deadband""",[0.4574451446533203],"[0, 0, 0, 0]"
54.4695596695,,3692,,1583006359,326747894,"""Soft-Hard Sip Deadband""",[0.4683033227920532],"[0, 0, 0, 0]"
54.4714376926,,3693,,1583006359,328716993,"""Soft-Hard Sip Deadband""",[0.4899875223636627],"[0, 0, 0, 0]"
54.4800403118,,3694,,1583006359,332739114,"""Zero Band""",[0.5008456707000732],"[0, 0, 0, 0]"
54.4872355461,,3695,,1583006359,338136911,"""Zero Band""",[0.5117038488388062],"[0, 0, 0, 0]"
54.4922406673,,3696,,1583006359,345324039,"""Zero Band""",[0.5225620269775391],"[0, 0, 0, 0]"
54.4980771542,,3697,,1583006359,350294113,"""Zero Band""",[0.5442461967468262],"[0, 0, 0, 0]"
54.5050206184,,3698,,1583006359,356055974,"""Zero Band""",[0.5551043748855591],"[0, 0, 0, 0]"
54.5106511116,,3699,,1583006359,363003969,"""Zero Band""",[0.565962553024292],"[0, 0, 0, 0]"
54.5165607929,,3700,,1583006359,368684053,"""Zero Band""",[0.5768207311630249],"[0, 0, 0, 0]"
54.5240418911,,3701,,1583006359,374759912,"""Zero Band""",[0.587678849697113],"[0, 0, 0, 0]"
54.5291674137,,3702,,1583006359,382055997,"""Zero Band""",[0.598504900932312],"[0, 0, 0, 0]"
54.5345523357,,3703,,1583006359,387193918,"""Zero Band""",[0.6093630790710449],"[0, 0, 0, 0]"
54.5405580997,,3704,,1583006359,392533063,"""Zero Band""",[0.6202212572097778],"[0, 0, 0, 0]"
54.5471770763,,3705,,1583006359,398623943,"""Zero Band""",[0.6310794353485107],"[0, 0, 0, 0]"
54.5527255535,,3706,,1583006359,405241966,"""Zero Band""",[0.6202212572097778],"[0, 0, 0, 0]"
54.5572147369,,3707,,1583006359,410773992,"""Zero Band""",[0.6310794353485107],"[0, 0, 0, 0]"
54.5861825943,,3708,,1583006359,438910007,"""Zero Band""",[0.6202212572097778],"[0, 0, 0, 0]"
54.5925929546,,3709,,1583006359,444721937,"""Zero Band""",[0.6093630790710449],"[0, 0, 0, 0]"
54.6001782417,,3710,,1583006359,450645923,"""Zero Band""",[0.598504900932312],"[0, 0, 0, 0]"
54.6064109802,,3711,,1583006359,458270072,"""Zero Band""",[0.587678849697113],"[0, 0, 0, 0]"
54.6112086773,,3712,,1583006359,464476108,"""Zero Band""",[0.5768207311630249],"[0, 0, 0, 0]"
54.6178896427,,3713,,1583006359,469191074,"""Zero Band""",[0.565962553024292],"[0, 0, 0, 0]"
54.6225264072,,3714,,1583006359,475986003,"""Zero Band""",[0.5551043748855591],"[0, 0, 0, 0]"
54.6282260418,,3715,,1583006359,480503082,"""Zero Band""",[0.533388078212738],"[0, 0, 0, 0]"
54.6345357895,,3716,,1583006359,486331939,"""Zero Band""",[0.5225620269775391],"[0, 0, 0, 0]"
54.6402723789,,3717,,1583006359,492507934,"""Zero Band""",[0.5008456707000732],"[0, 0, 0, 0]"
54.6410923004,,3718,,1583006359,498250007,"""Soft-Hard Sip Deadband""",[0.4899875223636627],"[0, 0, 0, 0]"
54.6418876648,,3719,,1583006359,499068975,"""Soft-Hard Sip Deadband""",[0.4683033227920532],"[0, 0, 0, 0]"
54.642676115,,3720,,1583006359,499859094,"""Soft-Hard Sip Deadband""",[0.4574451446533203],"[0, 0, 0, 0]"
54.6435954571,,3721,,1583006359,500745058,"""Soft-Hard Sip Deadband""",[0.4357288181781769],"[0, 0, 0, 0]"
54.6444122791,,3722,,1583006359,501581907,"""Soft-Hard Sip Deadband""",[0.39232829213142395],"[0, 0, 0, 0]"
54.6453783512,,3723,,1583006359,502506017,"""Soft-Hard Sip Deadband""",[0.348927766084671],"[0, 0, 0, 0]"
54.6461379528,,3724,,1583006359,503350019,"""Soft-Hard Sip Deadband""",[0.3272114396095276],"[0, 0, 0, 0]"
54.6469380856,,3725,,1583006359,504108905,"""Soft-Hard Sip Deadband""",[0.30549511313438416],"[0, 0, 0, 0]"
54.652682066,,3726,,1583006359,504910945,"""Soft Sip""",[0.2946690618991852],"[0, 0, 1, 0]"
54.6576042175,,3727,,1583006359,510662078,"""Soft Sip""",[0.27295273542404175],"[0, 0, 1, 0]"
54.6633222103,,3728,,1583006359,515568971,"""Soft Sip""",[0.26209455728530884],"[0, 0, 1, 0]"
54.6693906784,,3729,,1583006359,521059989,"""Soft Sip""",[0.2512364089488983],"[0, 0, 1, 0]"
54.6752448082,,3730,,1583006359,527470111,"""Soft Sip""",[0.2403782308101654],"[0, 0, 1, 0]"
54.680300951,,3731,,1583006359,533225059,"""Soft Sip""",[0.2512364089488983],"[0, 0, 1, 0]"
54.6873786449,,3732,,1583006359,538279056,"""Soft Sip""",[0.26209455728530884],"[0, 0, 1, 0]"
54.6925988197,,3733,,1583006359,545411109,"""Soft Sip""",[0.27295273542404175],"[0, 0, 1, 0]"
54.6986885071,,3734,,1583006359,550575971,"""Soft Sip""",[0.28381088376045227],"[0, 0, 1, 0]"
54.7048966885,,3735,,1583006359,556806087,"""Soft Sip""",[0.2946690618991852],"[0, 0, 1, 0]"
54.7057247162,,3736,,1583006359,562865972,"""Soft-Hard Sip Deadband""",[0.30549511313438416],"[0, 0, 0, 0]"
54.7063806057,,3737,,1583006359,563699007,"""Soft-Hard Sip Deadband""",[0.3163532614707947],"[0, 0, 0, 0]"
54.7070741653,,3738,,1583006359,564359903,"""Soft-Hard Sip Deadband""",[0.3272114396095276],"[0, 0, 0, 0]"
54.7077562809,,3739,,1583006359,565053939,"""Soft-Hard Sip Deadband""",[0.348927766084671],"[0, 0, 0, 0]"
54.7084722519,,3740,,1583006359,565735101,"""Soft-Hard Sip Deadband""",[0.3597537875175476],"[0, 0, 0, 0]"
54.709179163,,3741,,1583006359,566538095,"""Soft-Hard Sip Deadband""",[0.3706119656562805],"[0, 0, 0, 0]"
54.7098295689,,3742,,1583006359,567152023,"""Soft-Hard Sip Deadband""",[0.38147011399269104],"[0, 0, 0, 0]"
54.7105066776,,3743,,1583006359,567810058,"""Soft-Hard Sip Deadband""",[0.39232829213142395],"[0, 0, 0, 0]"
54.7111873627,,3744,,1583006359,568481922,"""Soft-Hard Sip Deadband""",[0.4031864404678345],"[0, 0, 0, 0]"
54.7120265961,,3745,,1583006359,569243907,"""Soft-Hard Sip Deadband""",[0.4140446186065674],"[0, 0, 0, 0]"
54.7127206326,,3746,,1583006359,569977998,"""Soft-Hard Sip Deadband""",[0.42487066984176636],"[0, 0, 0, 0]"
54.7134308815,,3747,,1583006359,570708036,"""Soft-Hard Sip Deadband""",[0.4357288181781769],"[0, 0, 0, 0]"
54.7142474651,,3748,,1583006359,571491956,"""Soft-Hard Sip Deadband""",[0.4465869963169098],"[0, 0, 0, 0]"
54.7152485847,,3749,,1583006359,572238922,"""Soft-Hard Sip Deadband""",[0.4574451446533203],"[0, 0, 0, 0]"
54.7161333561,,3750,,1583006359,573265075,"""Soft-Hard Sip Deadband""",[0.4683033227920532],"[0, 0, 0, 0]"
54.7195718288,,3751,,1583006359,576730012,"""Soft-Hard Sip Deadband""",[0.4791293442249298],"[0, 0, 0, 0]"
54.7381207943,,3752,,1583006359,594856023,"""Soft-Hard Sip Deadband""",[0.4683033227920532],"[0, 0, 0, 0]"
54.7396428585,,3753,,1583006359,596728086,"""Soft-Hard Sip Deadband""",[0.4574451446533203],"[0, 0, 0, 0]"
54.7577414513,,3754,,1583006359,614806890,"""Soft-Hard Sip Deadband""",[0.4683033227920532],"[0, 0, 0, 0]"
54.763759613,,3755,,1583006359,620796918,"""Soft-Hard Sip Deadband""",[0.4791293442249298],"[0, 0, 0, 0]"
54.7679655552,,3756,,1583006359,624799013,"""Soft-Hard Sip Deadband""",[0.4899875223636627],"[0, 0, 0, 0]"
54.7771749496,,3757,,1583006359,628772974,"""Zero Band""",[0.5008456707000732],"[0, 0, 0, 0]"
54.7840394974,,3758,,1583006359,635214090,"""Zero Band""",[0.5117038488388062],"[0, 0, 0, 0]"
54.7909014225,,3759,,1583006359,642069101,"""Zero Band""",[0.5225620269775391],"[0, 0, 0, 0]"
54.7960417271,,3760,,1583006359,648967981,"""Zero Band""",[0.5442461967468262],"[0, 0, 0, 0]"
54.8027942181,,3761,,1583006359,654123067,"""Zero Band""",[0.565962553024292],"[0, 0, 0, 0]"
54.8079910278,,3762,,1583006359,660908937,"""Zero Band""",[0.5768207311630249],"[0, 0, 0, 0]"
54.8128778934,,3763,,1583006359,666050910,"""Zero Band""",[0.587678849697113],"[0, 0, 0, 0]"
54.8201408386,,3764,,1583006359,670941114,"""Zero Band""",[0.6093630790710449],"[0, 0, 0, 0]"
54.8254113197,,3765,,1583006359,678002119,"""Zero Band""",[0.6202212572097778],"[0, 0, 0, 0]"
54.8300664425,,3766,,1583006359,683393955,"""Zero Band""",[0.6310794353485107],"[0, 0, 0, 0]"
54.8347244263,,3767,,1583006359,688102006,"""Zero Band""",[0.6419375538825989],"[0, 0, 0, 0]"
54.8409025669,,3768,,1583006359,692816019,"""Zero Band""",[0.6527636051177979],"[0, 0, 0, 0]"
54.8466398716,,3769,,1583006359,698892116,"""Zero Band""",[0.6419375538825989],"[0, 0, 0, 0]"
54.8540019989,,3770,,1583006359,704616069,"""Zero Band""",[0.6310794353485107],"[0, 0, 0, 0]"
54.8604221344,,3771,,1583006359,712130069,"""Zero Band""",[0.6202212572097778],"[0, 0, 0, 0]"
54.8654119968,,3772,,1583006359,718406915,"""Zero Band""",[0.6093630790710449],"[0, 0, 0, 0]"
54.87307024,,3773,,1583006359,723383903,"""Zero Band""",[0.598504900932312],"[0, 0, 0, 0]"
54.8779690266,,3774,,1583006359,731270074,"""Zero Band""",[0.5768207311630249],"[0, 0, 0, 0]"
54.8834214211,,3775,,1583006359,735960006,"""Zero Band""",[0.565962553024292],"[0, 0, 0, 0]"
54.8896727562,,3776,,1583006359,741391897,"""Zero Band""",[0.5442461967468262],"[0, 0, 0, 0]"
54.8943629265,,3777,,1583006359,747654914,"""Zero Band""",[0.5225620269775391],"[0, 0, 0, 0]"
54.8997008801,,3778,,1583006359,752347946,"""Zero Band""",[0.5117038488388062],"[0, 0, 0, 0]"
54.9006168842,,3779,,1583006359,757674932,"""Soft-Hard Sip Deadband""",[0.4899875223636627],"[0, 0, 0, 0]"
54.9014377594,,3780,,1583006359,758589982,"""Soft-Hard Sip Deadband""",[0.4791293442249298],"[0, 0, 0, 0]"
54.9022452831,,3781,,1583006359,759533882,"""Soft-Hard Sip Deadband""",[0.4574451446533203],"[0, 0, 0, 0]"
54.9029371738,,3782,,1583006359,760214090,"""Soft-Hard Sip Deadband""",[0.4465869963169098],"[0, 0, 0, 0]"
54.9037063122,,3783,,1583006359,760911941,"""Soft-Hard Sip Deadband""",[0.42487066984176636],"[0, 0, 0, 0]"
54.9045031071,,3784,,1583006359,761710882,"""Soft-Hard Sip Deadband""",[0.4140446186065674],"[0, 0, 0, 0]"
54.9066393375,,3785,,1583006359,763462066,"""Soft-Hard Sip Deadband""",[0.4031864404678345],"[0, 0, 0, 0]"
54.9072561264,,3786,,1583006359,764409065,"""Soft-Hard Sip Deadband""",[0.38147011399269104],"[0, 0, 0, 0]"
54.9081037045,,3787,,1583006359,765413045,"""Soft-Hard Sip Deadband""",[0.3706119656562805],"[0, 0, 0, 0]"
54.9087498188,,3788,,1583006359,766066074,"""Soft-Hard Sip Deadband""",[0.3597537875175476],"[0, 0, 0, 0]"
54.9096109867,,3789,,1583006359,766717910,"""Soft-Hard Sip Deadband""",[0.3706119656562805],"[0, 0, 0, 0]"
54.9103684425,,3790,,1583006359,767644882,"""Soft-Hard Sip Deadband""",[0.38147011399269104],"[0, 0, 0, 0]"
54.9179127216,,3791,,1583006359,774806022,"""Soft-Hard Sip Deadband""",[0.3706119656562805],"[0, 0, 0, 0]"
54.9259915352,,3792,,1583006359,782861948,"""Soft-Hard Sip Deadband""",[0.3597537875175476],"[0, 0, 0, 0]"
54.9276843071,,3793,,1583006359,784773111,"""Soft-Hard Sip Deadband""",[0.348927766084671],"[0, 0, 0, 0]"
54.9298884869,,3794,,1583006359,786761045,"""Soft-Hard Sip Deadband""",[0.3380695879459381],"[0, 0, 0, 0]"
54.9318664074,,3795,,1583006359,788765907,"""Soft-Hard Sip Deadband""",[0.3272114396095276],"[0, 0, 0, 0]"
54.9357409477,,3796,,1583006359,792772054,"""Soft-Hard Sip Deadband""",[0.3163532614707947],"[0, 0, 0, 0]"
54.9434025288,,3797,,1583006359,794789075,"""Soft Sip""",[0.2946690618991852],"[0, 0, 1, 0]"
54.9490978718,,3798,,1583006359,801440954,"""Soft Sip""",[0.28381088376045227],"[0, 0, 1, 0]"
54.9551599026,,3799,,1583006359,807137966,"""Soft Sip""",[0.26209455728530884],"[0, 0, 1, 0]"
54.9613826275,,3800,,1583006359,813208103,"""Soft Sip""",[0.2512364089488983],"[0, 0, 1, 0]"
54.9670057297,,3801,,1583006359,819358110,"""Soft Sip""",[0.22955219447612762],"[0, 0, 1, 0]"
54.9731416702,,3802,,1583006359,825114965,"""Soft Sip""",[0.2078358680009842],"[0, 0, 1, 0]"
54.979121685,,3803,,1583006359,831126928,"""Soft Sip""",[0.19697770476341248],"[0, 0, 1, 0]"
54.9853832722,,3804,,1583006359,837033987,"""Soft Sip""",[0.17529350519180298],"[0, 0, 1, 0]"
54.9915671349,,3805,,1583006359,843466997,"""Soft Sip""",[0.14271900057792664],"[0, 0, 1, 0]"
54.9974727631,,3806,,1583006359,849549055,"""Soft Sip""",[0.12103480100631714],"[0, 0, 1, 0]"
55.002140522,,3807,,1583006359,855444908,"""Soft Sip""",[0.11017663776874542],"[0, 0, 1, 0]"
55.0075891018,,3808,,1583006359,860176086,"""Soft Sip""",[0.08846031129360199],"[0, 0, 1, 0]"
55.0130178928,,3809,,1583006359,865710020,"""Soft Sip""",[0.07760214805603027],"[0, 0, 1, 0]"
55.0189323425,,3810,,1583006359,870995998,"""Soft Sip""",[0.06674397736787796],"[0, 0, 1, 0]"
55.0254843235,,3811,,1583006359,876931905,"""Soft Sip""",[0.05591794103384018],"[0, 0, 1, 0]"
55.0318384171,,3812,,1583006359,883454084,"""Soft Sip""",[0.04505977779626846],"[0, 0, 1, 0]"
55.0376741886,,3813,,1583006359,889826059,"""Soft Sip""",[0.03420161083340645],"[0, 0, 1, 0]"
55.0424675941,,3814,,1583006359,895776033,"""Soft Sip""",[0.023343447595834732],"[0, 0, 1, 0]"
55.0479118824,,3815,,1583006359,900455951,"""Soft Sip""",[0.03420161083340645],"[0, 0, 1, 0]"
55.0551912785,,3816,,1583006359,905894041,"""Soft Sip""",[0.04505977779626846],"[0, 0, 1, 0]"
55.061196804,,3817,,1583006359,913170099,"""Soft Sip""",[0.05591794103384018],"[0, 0, 1, 0]"
55.0662367344,,3818,,1583006359,919401884,"""Soft Sip""",[0.06674397736787796],"[0, 0, 1, 0]"
55.0717432499,,3819,,1583006359,924092054,"""Soft Sip""",[0.07760214805603027],"[0, 0, 1, 0]"
55.0764274597,,3820,,1583006359,929764032,"""Soft Sip""",[0.08846031129360199],"[0, 0, 1, 0]"
55.0816185474,,3821,,1583006359,934401035,"""Soft Sip""",[0.0993184745311737],"[0, 0, 1, 0]"
55.0878062248,,3822,,1583006359,939610958,"""Soft Sip""",[0.11017663776874542],"[0, 0, 1, 0]"
55.0934875011,,3823,,1583006359,945790052,"""Soft Sip""",[0.12103480100631714],"[0, 0, 1, 0]"
55.0987496376,,3824,,1583006359,951469898,"""Soft Sip""",[0.13186083734035492],"[0, 0, 1, 0]"
55.1051015854,,3825,,1583006359,956729888,"""Soft Sip""",[0.14271900057792664],"[0, 0, 1, 0]"
55.1102011204,,3826,,1583006359,963074922,"""Soft Sip""",[0.15357716381549835],"[0, 0, 1, 0]"
55.1150546074,,3827,,1583006359,968409061,"""Soft Sip""",[0.16443534195423126],"[0, 0, 1, 0]"
55.1210229397,,3828,,1583006359,973033905,"""Soft Sip""",[0.17529350519180298],"[0, 0, 1, 0]"
55.1279411316,,3829,,1583006359,979017972,"""Soft Sip""",[0.18611954152584076],"[0, 0, 1, 0]"
55.1336629391,,3830,,1583006359,985959053,"""Soft Sip""",[0.2078358680009842],"[0, 0, 1, 0]"
55.138822794,,3831,,1583006359,991655111,"""Soft Sip""",[0.2186940312385559],"[0, 0, 1, 0]"
55.1456222534,,3832,,1583006359,996799945,"""Soft Sip""",[0.22955219447612762],"[0, 0, 1, 0]"
55.1502761841,,3833,,1583006360,3593921,"""Soft Sip""",[0.2512364089488983],"[0, 0, 1, 0]"
55.1557981968,,3834,,1583006360,8258104,"""Soft Sip""",[0.26209455728530884],"[0, 0, 1, 0]"
55.1639022827,,3835,,1583006360,13778924,"""Soft Sip""",[0.28381088376045227],"[0, 0, 1, 0]"
55.1648344994,,3836,,1583006360,21756887,"""Soft-Hard Sip Deadband""",[0.30549511313438416],"[0, 0, 0, 0]"
55.1658148766,,3837,,1583006360,22839069,"""Soft-Hard Sip Deadband""",[0.3163532614707947],"[0, 0, 0, 0]"
55.1668002605,,3838,,1583006360,23788928,"""Soft-Hard Sip Deadband""",[0.3380695879459381],"[0, 0, 0, 0]"
55.1679170132,,3839,,1583006360,24723052,"""Soft-Hard Sip Deadband""",[0.3597537875175476],"[0, 0, 0, 0]"
55.1686589718,,3840,,1583006360,25738000,"""Soft-Hard Sip Deadband""",[0.38147011399269104],"[0, 0, 0, 0]"
55.1694846153,,3841,,1583006360,26658058,"""Soft-Hard Sip Deadband""",[0.39232829213142395],"[0, 0, 0, 0]"
55.1703681946,,3842,,1583006360,27501106,"""Soft-Hard Sip Deadband""",[0.4140446186065674],"[0, 0, 0, 0]"
55.1711935997,,3843,,1583006360,28342962,"""Soft-Hard Sip Deadband""",[0.4357288181781769],"[0, 0, 0, 0]"
55.1720998287,,3844,,1583006360,29191970,"""Soft-Hard Sip Deadband""",[0.4574451446533203],"[0, 0, 0, 0]"
55.1730687618,,3845,,1583006360,30106067,"""Soft-Hard Sip Deadband""",[0.4683033227920532],"[0, 0, 0, 0]"
55.1739628315,,3846,,1583006360,30997037,"""Soft-Hard Sip Deadband""",[0.4899875223636627],"[0, 0, 0, 0]"
55.1797180176,,3847,,1583006360,31892061,"""Zero Band""",[0.5008456707000732],"[0, 0, 0, 0]"
55.1864910126,,3848,,1583006360,37695884,"""Zero Band""",[0.5225620269775391],"[0, 0, 0, 0]"
55.1926972866,,3849,,1583006360,44362068,"""Zero Band""",[0.5442461967468262],"[0, 0, 0, 0]"
55.1981778145,,3850,,1583006360,50664901,"""Zero Band""",[0.5551043748855591],"[0, 0, 0, 0]"
55.2043004036,,3851,,1583006360,56158065,"""Zero Band""",[0.565962553024292],"[0, 0, 0, 0]"
55.2109203339,,3852,,1583006360,62273025,"""Zero Band""",[0.587678849697113],"[0, 0, 0, 0]"
55.216170311,,3853,,1583006360,69073915,"""Zero Band""",[0.598504900932312],"[0, 0, 0, 0]"
55.222307682,,3854,,1583006360,74150085,"""Zero Band""",[0.6093630790710449],"[0, 0, 0, 0]"
55.2275874615,,3855,,1583006360,80132961,"""Zero Band""",[0.6202212572097778],"[0, 0, 0, 0]"
55.2327344418,,3856,,1583006360,85549116,"""Zero Band""",[0.6310794353485107],"[0, 0, 0, 0]"
55.2390115261,,3857,,1583006360,90677022,"""Zero Band""",[0.6419375538825989],"[0, 0, 0, 0]"
55.2447559834,,3858,,1583006360,96990108,"""Zero Band""",[0.6527636051177979],"[0, 0, 0, 0]"
55.2508926392,,3859,,1583006360,102763891,"""Zero Band""",[0.6636217832565308],"[0, 0, 0, 0]"
55.2563080788,,3860,,1583006360,108903884,"""Zero Band""",[0.6744799613952637],"[0, 0, 0, 0]"
55.26197052,,3861,,1583006360,114170074,"""Zero Band""",[0.6636217832565308],"[0, 0, 0, 0]"
55.2674005032,,3862,,1583006360,119967937,"""Zero Band""",[0.6527636051177979],"[0, 0, 0, 0]"
55.2729229927,,3863,,1583006360,125372886,"""Zero Band""",[0.6419375538825989],"[0, 0, 0, 0]"
55.2775671482,,3864,,1583006360,131016016,"""Zero Band""",[0.6527636051177979],"[0, 0, 0, 0]"
55.2844212055,,3865,,1583006360,135539054,"""Zero Band""",[0.6419375538825989],"[0, 0, 0, 0]"
55.2898869514,,3866,,1583006360,142128944,"""Zero Band""",[0.6310794353485107],"[0, 0, 0, 0]"
55.2945947647,,3867,,1583006360,147864103,"""Zero Band""",[0.6093630790710449],"[0, 0, 0, 0]"
55.3006019592,,3868,,1583006360,152578115,"""Zero Band""",[0.598504900932312],"[0, 0, 0, 0]"
55.3057529926,,3869,,1583006360,158562898,"""Zero Band""",[0.587678849697113],"[0, 0, 0, 0]"
55.3110730648,,3870,,1583006360,163732051,"""Zero Band""",[0.5768207311630249],"[0, 0, 0, 0]"
55.3172547817,,3871,,1583006360,169179916,"""Zero Band""",[0.565962553024292],"[0, 0, 0, 0]"
55.3224518299,,3872,,1583006360,174993991,"""Zero Band""",[0.5768207311630249],"[0, 0, 0, 0]"
55.3270945549,,3873,,1583006360,180493116,"""Zero Band""",[0.587678849697113],"[0, 0, 0, 0]"
55.3338837624,,3874,,1583006360,185211896,"""Zero Band""",[0.598504900932312],"[0, 0, 0, 0]"
55.3386731148,,3875,,1583006360,191773891,"""Zero Band""",[0.6093630790710449],"[0, 0, 0, 0]"
55.3436563015,,3876,,1583006360,196660041,"""Zero Band""",[0.6202212572097778],"[0, 0, 0, 0]"
55.3510015011,,3877,,1583006360,201669931,"""Zero Band""",[0.6310794353485107],"[0, 0, 0, 0]"
55.356025219,,3878,,1583006360,209042072,"""Zero Band""",[0.6419375538825989],"[0, 0, 0, 0]"
55.360496521,,3879,,1583006360,213893890,"""Zero Band""",[0.6527636051177979],"[0, 0, 0, 0]"
55.3654003143,,3880,,1583006360,218606948,"""Zero Band""",[0.6636217832565308],"[0, 0, 0, 0]"
55.3712313175,,3881,,1583006360,223372936,"""Zero Band""",[0.6744799613952637],"[0, 0, 0, 0]"
55.3763608932,,3882,,1583006360,229207992,"""Zero Band""",[0.6853380799293518],"[0, 0, 0, 0]"
55.3838553429,,3883,,1583006360,234487056,"""Zero Band""",[0.6961962580680847],"[0, 0, 0, 0]"
55.38854146,,3884,,1583006360,241842031,"""Zero Band""",[0.7070544362068176],"[0, 0, 0, 0]"
55.3943574429,,3885,,1583006360,246567964,"""Zero Band""",[0.7178804874420166],"[0, 0, 0, 0]"
55.3999202251,,3886,,1583006360,252331972,"""Zero Band""",[0.7287386655807495],"[0, 0, 0, 0]"
55.4054439068,,3887,,1583006360,257900953,"""Zero Band""",[0.7395967841148376],"[0, 0, 0, 0]"
55.4122965336,,3888,,1583006360,263458013,"""Zero Band""",[0.7504549622535706],"[0, 0, 0, 0]"
55.4182491302,,3889,,1583006360,270299911,"""Zero Band""",[0.7613131403923035],"[0, 0, 0, 0]"
55.4243550301,,3890,,1583006360,276374101,"""Zero Band""",[0.7721391916275024],"[0, 0, 0, 0]"
55.4325661659,,3891,,1583006360,282330036,"""Zero Band""",[0.7829973101615906],"[0, 0, 0, 0]"
55.4378852844,,3892,,1583006360,290528059,"""Zero Band""",[0.7938554883003235],"[0, 0, 0, 0]"
55.4446818829,,3893,,1583006360,295989036,"""Zero Band""",[0.8047136664390564],"[0, 0, 0, 0]"
55.4505553246,,3894,,1583006360,302201986,"""Zero Band""",[0.7938554883003235],"[0, 0, 0, 0]"
55.4560678005,,3895,,1583006360,308559894,"""Zero Band""",[0.7829973101615906],"[0, 0, 0, 0]"
55.4613595009,,3896,,1583006360,314045906,"""Zero Band""",[0.7721391916275024],"[0, 0, 0, 0]"
55.4681835175,,3897,,1583006360,319417953,"""Zero Band""",[0.7613131403923035],"[0, 0, 0, 0]"
55.4742982388,,3898,,1583006360,326168060,"""Zero Band""",[0.7504549622535706],"[0, 0, 0, 0]"
55.4787070751,,3899,,1583006360,332215070,"""Zero Band""",[0.7395967841148376],"[0, 0, 0, 0]"
55.4851014614,,3900,,1583006360,336678981,"""Zero Band""",[0.7287386655807495],"[0, 0, 0, 0]"
55.49005723,,3901,,1583006360,343184947,"""Zero Band""",[0.7178804874420166],"[0, 0, 0, 0]"
55.4952685833,,3902,,1583006360,348037004,"""Zero Band""",[0.7070544362068176],"[0, 0, 0, 0]"
55.5018630028,,3903,,1583006360,353243112,"""Zero Band""",[0.6961962580680847],"[0, 0, 0, 0]"
55.5072615147,,3904,,1583006360,359848976,"""Zero Band""",[0.6853380799293518],"[0, 0, 0, 0]"
55.5133218765,,3905,,1583006360,365266084,"""Zero Band""",[0.6744799613952637],"[0, 0, 0, 0]"
55.5190043449,,3906,,1583006360,371418952,"""Zero Band""",[0.6636217832565308],"[0, 0, 0, 0]"
55.5239036083,,3907,,1583006360,376976966,"""Zero Band""",[0.6527636051177979],"[0, 0, 0, 0]"
55.5295245647,,3908,,1583006360,381917953,"""Zero Band""",[0.6419375538825989],"[0, 0, 0, 0]"
55.5361406803,,3909,,1583006360,387623071,"""Zero Band""",[0.6527636051177979],"[0, 0, 0, 0]"
55.5412955284,,3910,,1583006360,394131898,"""Zero Band""",[0.6636217832565308],"[0, 0, 0, 0]"
55.5480966568,,3911,,1583006360,399277925,"""Zero Band""",[0.6744799613952637],"[0, 0, 0, 0]"
55.5528674126,,3912,,1583006360,405992031,"""Zero Band""",[0.6853380799293518],"[0, 0, 0, 0]"
55.5579955578,,3913,,1583006360,410840034,"""Zero Band""",[0.6961962580680847],"[0, 0, 0, 0]"
55.5630760193,,3914,,1583006360,415971040,"""Zero Band""",[0.7070544362068176],"[0, 0, 0, 0]"
55.5706040859,,3915,,1583006360,421211957,"""Zero Band""",[0.7178804874420166],"[0, 0, 0, 0]"
55.5762236118,,3916,,1583006360,428561925,"""Zero Band""",[0.7287386655807495],"[0, 0, 0, 0]"
55.5826225281,,3917,,1583006360,434207916,"""Zero Band""",[0.7395967841148376],"[0, 0, 0, 0]"
55.588521719,,3918,,1583006360,440608978,"""Zero Band""",[0.7504549622535706],"[0, 0, 0, 0]"
55.593527317,,3919,,1583006360,446497917,"""Zero Band""",[0.7613131403923035],"[0, 0, 0, 0]"
55.5994231701,,3920,,1583006360,451673984,"""Zero Band""",[0.7721391916275024],"[0, 0, 0, 0]"
55.6051268578,,3921,,1583006360,457398891,"""Zero Band""",[0.7829973101615906],"[0, 0, 0, 0]"
55.609903574,,3922,,1583006360,463140010,"""Zero Band""",[0.7938554883003235],"[0, 0, 0, 0]"
55.6162948608,,3923,,1583006360,467876911,"""Zero Band""",[0.8047136664390564],"[0, 0, 0, 0]"
55.620828867,,3924,,1583006360,474276065,"""Zero Band""",[0.8155718445777893],"[0, 0, 0, 0]"
55.6261105537,,3925,,1583006360,478802919,"""Zero Band""",[0.8263978958129883],"[0, 0, 0, 0]"
55.6322240829,,3926,,1583006360,484134912,"""Zero Band""",[0.8372560143470764],"[0, 0, 0, 0]"
55.6394267082,,3927,,1583006360,490204095,"""Zero Band""",[0.8481141924858093],"[0, 0, 0, 0]"
55.6446464062,,3928,,1583006360,497414112,"""Zero Band""",[0.8589723706245422],"[0, 0, 0, 0]"
55.6503245831,,3929,,1583006360,502821922,"""Zero Band""",[0.8698305487632751],"[0, 0, 0, 0]"
55.6560530663,,3930,,1583006360,508212089,"""Zero Band""",[0.8806886672973633],"[0, 0, 0, 0]"
55.6610505581,,3931,,1583006360,514024972,"""Zero Band""",[0.8915147185325623],"[0, 0, 0, 0]"
55.6679058075,,3932,,1583006360,519021034,"""Zero Band""",[0.9023728966712952],"[0, 0, 0, 0]"
55.6721632481,,3933,,1583006360,525793075,"""Zero Band""",[0.9132310748100281],"[0, 0, 0, 0]"
55.6770031452,,3934,,1583006360,530167102,"""Zero Band""",[0.924089252948761],"[0, 0, 0, 0]"
55.684374094,,3935,,1583006360,534976959,"""Zero Band""",[0.9349473714828491],"[0, 0, 0, 0]"
55.6899404526,,3936,,1583006360,542357921,"""Zero Band""",[0.9457734227180481],"[0, 0, 0, 0]"
55.6956009865,,3937,,1583006360,547951936,"""Zero Band""",[0.956631600856781],"[0, 0, 0, 0]"
55.7022817135,,3938,,1583006360,553563117,"""Zero Band""",[0.978347897529602],"[0, 0, 0, 0]"
55.707056284,,3939,,1583006360,560303926,"""Zero Band""",[0.989206075668335],"[0, 0, 0, 0]"
55.7123799324,,3940,,1583006360,565058946,"""Zero Band""",[1.0],"[0, 0, 0, 0]"
55.7173681259,,3941,,1583006360,570600032,"""Zero Band""",[0.989206075668335],"[0, 0, 0, 0]"
55.7228131294,,3942,,1583006360,575347900,"""Zero Band""",[0.978347897529602],"[0, 0, 0, 0]"
55.7302680016,,3943,,1583006360,580806016,"""Zero Band""",[0.9674897789955139],"[0, 0, 0, 0]"
55.7352480888,,3944,,1583006360,588243007,"""Zero Band""",[0.956631600856781],"[0, 0, 0, 0]"
55.7411746979,,3945,,1583006360,593266963,"""Zero Band""",[0.9457734227180481],"[0, 0, 0, 0]"
55.7476742268,,3946,,1583006360,599086999,"""Zero Band""",[0.9349473714828491],"[0, 0, 0, 0]"
55.7526834011,,3947,,1583006360,605689048,"""Zero Band""",[0.9132310748100281],"[0, 0, 0, 0]"
55.7603349686,,3948,,1583006360,610691070,"""Zero Band""",[0.9023728966712952],"[0, 0, 0, 0]"
55.7667114735,,3949,,1583006360,618307113,"""Zero Band""",[0.8806886672973633],"[0, 0, 0, 0]"
55.7719185352,,3950,,1583006360,624687910,"""Zero Band""",[0.8698305487632751],"[0, 0, 0, 0]"
55.7771570683,,3951,,1583006360,629892110,"""Zero Band""",[0.8481141924858093],"[0, 0, 0, 0]"
55.7824697495,,3952,,1583006360,635126113,"""Zero Band""",[0.8263978958129883],"[0, 0, 0, 0]"
55.7869105339,,3953,,1583006360,640450000,"""Zero Band""",[0.8155718445777893],"[0, 0, 0, 0]"
55.7928683758,,3954,,1583006360,645052909,"""Zero Band""",[0.7938554883003235],"[0, 0, 0, 0]"
55.7989728451,,3955,,1583006360,650881052,"""Zero Band""",[0.7829973101615906],"[0, 0, 0, 0]"
55.805346489,,3956,,1583006360,656946897,"""Zero Band""",[0.7613131403923035],"[0, 0, 0, 0]"
55.8110804558,,3957,,1583006360,663160085,"""Zero Band""",[0.7504549622535706],"[0, 0, 0, 0]"
55.8165297508,,3958,,1583006360,669054031,"""Zero Band""",[0.7395967841148376],"[0, 0, 0, 0]"
55.8214151859,,3959,,1583006360,674550056,"""Zero Band""",[0.7287386655807495],"[0, 0, 0, 0]"
55.8274300098,,3960,,1583006360,679445028,"""Zero Band""",[0.7178804874420166],"[0, 0, 0, 0]"
55.8342375755,,3961,,1583006360,685447931,"""Zero Band""",[0.7070544362068176],"[0, 0, 0, 0]"
55.839392662,,3962,,1583006360,692224025,"""Zero Band""",[0.6961962580680847],"[0, 0, 0, 0]"
55.846227169,,3963,,1583006360,697376012,"""Zero Band""",[0.7070544362068176],"[0, 0, 0, 0]"
55.8511891365,,3964,,1583006360,704209089,"""Zero Band""",[0.7178804874420166],"[0, 0, 0, 0]"
55.8565912247,,3965,,1583006360,709465026,"""Zero Band""",[0.7287386655807495],"[0, 0, 0, 0]"
55.8626697063,,3966,,1583006360,714570045,"""Zero Band""",[0.7395967841148376],"[0, 0, 0, 0]"
55.8676168919,,3967,,1583006360,720643043,"""Zero Band""",[0.7287386655807495],"[0, 0, 0, 0]"
55.8732249737,,3968,,1583006360,725600004,"""Zero Band""",[0.7178804874420166],"[0, 0, 0, 0]"
55.8791518211,,3969,,1583006360,731208086,"""Zero Band""",[0.7070544362068176],"[0, 0, 0, 0]"
55.8843200207,,3970,,1583006360,737131118,"""Zero Band""",[0.6961962580680847],"[0, 0, 0, 0]"
55.8899869919,,3971,,1583006360,742295026,"""Zero Band""",[0.6853380799293518],"[0, 0, 0, 0]"
55.8951258659,,3972,,1583006360,747998952,"""Zero Band""",[0.6636217832565308],"[0, 0, 0, 0]"
55.9013373852,,3973,,1583006360,753132104,"""Zero Band""",[0.6527636051177979],"[0, 0, 0, 0]"
55.907118082,,3974,,1583006360,759355068,"""Zero Band""",[0.6419375538825989],"[0, 0, 0, 0]"
55.9132487774,,3975,,1583006360,765095949,"""Zero Band""",[0.6202212572097778],"[0, 0, 0, 0]"
55.9190626144,,3976,,1583006360,771152019,"""Zero Band""",[0.6093630790710449],"[0, 0, 0, 0]"
55.9244704247,,3977,,1583006360,777076005,"""Zero Band""",[0.587678849697113],"[0, 0, 0, 0]"
55.9305655956,,3978,,1583006360,782435894,"""Zero Band""",[0.565962553024292],"[0, 0, 0, 0]"
55.935495615,,3979,,1583006360,788541078,"""Zero Band""",[0.5442461967468262],"[0, 0, 0, 0]"
55.9408152103,,3980,,1583006360,793489933,"""Zero Band""",[0.533388078212738],"[0, 0, 0, 0]"
55.9465341568,,3981,,1583006360,798794031,"""Zero Band""",[0.5008456707000732],"[0, 0, 0, 0]"
55.947371006,,3982,,1583006360,804426908,"""Soft-Hard Sip Deadband""",[0.4791293442249298],"[0, 0, 0, 0]"
55.9484145641,,3983,,1583006360,805617094,"""Soft-Hard Sip Deadband""",[0.4574451446533203],"[0, 0, 0, 0]"
55.949280262,,3984,,1583006360,806392908,"""Soft-Hard Sip Deadband""",[0.4357288181781769],"[0, 0, 0, 0]"
55.9500041008,,3985,,1583006360,807255983,"""Soft-Hard Sip Deadband""",[0.4031864404678345],"[0, 0, 0, 0]"
55.9507710934,,3986,,1583006360,807980060,"""Soft-Hard Sip Deadband""",[0.3706119656562805],"[0, 0, 0, 0]"
55.9515557289,,3987,,1583006360,808738946,"""Soft-Hard Sip Deadband""",[0.348927766084671],"[0, 0, 0, 0]"
55.9524877071,,3988,,1583006360,809529066,"""Soft-Hard Sip Deadband""",[0.3163532614707947],"[0, 0, 0, 0]"
55.9568934441,,3989,,1583006360,810293912,"""Soft Sip""",[0.2946690618991852],"[0, 0, 1, 0]"
55.9621193409,,3990,,1583006360,814871072,"""Soft Sip""",[0.27295273542404175],"[0, 0, 1, 0]"
55.9676177502,,3991,,1583006360,820118904,"""Soft Sip""",[0.2403782308101654],"[0, 0, 1, 0]"
55.9725391865,,3992,,1583006360,825598955,"""Soft Sip""",[0.2186940312385559],"[0, 0, 1, 0]"
55.9786212444,,3993,,1583006360,830523967,"""Soft Sip""",[0.19697770476341248],"[0, 0, 1, 0]"
55.9842319489,,3994,,1583006360,836592912,"""Soft Sip""",[0.16443534195423126],"[0, 0, 1, 0]"
55.989631176,,3995,,1583006360,842113018,"""Soft Sip""",[0.14271900057792664],"[0, 0, 1, 0]"
55.9946482182,,3996,,1583006360,847639083,"""Soft Sip""",[0.12103480100631714],"[0, 0, 1, 0]"
55.9998574257,,3997,,1583006360,852631092,"""Soft Sip""",[0.0993184745311737],"[0, 0, 1, 0]"
56.0049750805,,3998,,1583006360,857850074,"""Soft Sip""",[0.07760214805603027],"[0, 0, 1, 0]"
56.0112969875,,3999,,1583006360,862987041,"""Soft Sip""",[0.05591794103384018],"[0, 0, 1, 0]"
56.0176403522,,4000,,1583006360,869294881,"""Soft Sip""",[0.03420161083340645],"[0, 0, 1, 0]"
56.0220370293,,4001,,1583006360,875543117,"""Soft Sip""",[0.023343447595834732],"[0, 0, 1, 0]"
56.0228288174,,4002,,1583006360,880044937,"""Zero Band""",[0.0016592431347817183],"[0, 0, 0, 0]"
56.023547411,,4003,,1583006360,880805015,"""Zero Band""",[-0.0],"[0, 0, 0, 0]"
56.0244541168,,4004,,1583006360,881526947,"""Zero Band""",[-0.0],"[0, 0, 0, 0]"
56.0253708363,,4005,,1583006360,882451057,"""Zero Band""",[-0.0],"[0, 0, 0, 0]"
56.0262506008,,4006,,1583006360,883354902,"""Zero Band""",[-0.0],"[0, 0, 0, 0]"
56.0273103714,,4007,,1583006360,884268999,"""Zero Band""",[-0.0],"[0, 0, 0, 0]"
56.0274145603,,4008,,1583006360,884268999,"""input stopped""",[-0.0],"[0, 0, 0, 0]"
56.2331068516,,4009,,1583006361,89819908,"""Zero Band""",[-0.0],"[0, 0, 0, 0]"
56.2418897152,,4010,,1583006361,98814964,"""Zero Band""",[-0.0],"[0, 0, 0, 0]"
56.2456078529,,4011,,1583006361,102749109,"""Zero Band""",[-0.0],"[0, 0, 0, 0]"
56.2521841526,,4012,,1583006361,108908891,"""Zero Band""",[-0.0],"[0, 0, 0, 0]"
56.2535481453,,4013,,1583006361,110745906,"""Zero Band""",[-0.0],"[0, 0, 0, 0]"
56.2597110271,,4014,,1583006361,116758108,"""Zero Band""",[0.0016592431347817183],"[0, 0, 0, 0]"
56.2703006268,,4015,,1583006361,122801065,"""Soft Sip""",[0.012485282495617867],"[0, 0, 1, 0]"
56.2765483856,,4016,,1583006361,128374099,"""Soft Sip""",[0.023343447595834732],"[0, 0, 1, 0]"
56.2811255455,,4017,,1583006361,134452104,"""Soft Sip""",[0.03420161083340645],"[0, 0, 1, 0]"
56.2863183022,,4018,,1583006361,139182090,"""Soft Sip""",[0.05591794103384018],"[0, 0, 1, 0]"
56.2909405231,,4019,,1583006361,144298076,"""Soft Sip""",[0.06674397736787796],"[0, 0, 1, 0]"
56.2972559929,,4020,,1583006361,148993015,"""Soft Sip""",[0.07760214805603027],"[0, 0, 1, 0]"
56.3041844368,,4021,,1583006361,155229091,"""Soft Sip""",[0.08846031129360199],"[0, 0, 1, 0]"
56.3091723919,,4022,,1583006361,162211894,"""Soft Sip""",[0.0993184745311737],"[0, 0, 1, 0]"
56.3139641285,,4023,,1583006361,167251110,"""Soft Sip""",[0.11017663776874542],"[0, 0, 1, 0]"
56.3185300827,,4024,,1583006361,171952009,"""Soft Sip""",[0.12103480100631714],"[0, 0, 1, 0]"
56.3228766918,,4025,,1583006361,176501989,"""Soft Sip""",[0.13186083734035492],"[0, 0, 1, 0]"
56.329666853,,4026,,1583006361,180952072,"""Soft Sip""",[0.14271900057792664],"[0, 0, 1, 0]"
56.3600757122,,4027,,1583006361,212816953,"""Soft Sip""",[0.13186083734035492],"[0, 0, 1, 0]"
56.3984730244,,4028,,1583006361,248836040,"""Soft Sip""",[0.14271900057792664],"[0, 0, 1, 0]"
56.4115693569,,4029,,1583006361,262844085,"""Soft Sip""",[0.15357716381549835],"[0, 0, 1, 0]"
56.422743082,,4030,,1583006361,274831056,"""Soft Sip""",[0.16443534195423126],"[0, 0, 1, 0]"
56.4337904453,,4031,,1583006361,284794092,"""Soft Sip""",[0.17529350519180298],"[0, 0, 1, 0]"
56.443669796,,4032,,1583006361,296762943,"""Soft Sip""",[0.18611954152584076],"[0, 0, 1, 0]"
56.4527993202,,4033,,1583006361,304820060,"""Soft Sip""",[0.19697770476341248],"[0, 0, 1, 0]"
56.4586794376,,4034,,1583006361,310859918,"""Soft Sip""",[0.2078358680009842],"[0, 0, 1, 0]"
56.4659125805,,4035,,1583006361,316821098,"""Soft Sip""",[0.2186940312385559],"[0, 0, 1, 0]"
56.4706771374,,4036,,1583006361,323951959,"""Soft Sip""",[0.22955219447612762],"[0, 0, 1, 0]"
56.4752607346,,4037,,1583006361,328718900,"""Soft Sip""",[0.2403782308101654],"[0, 0, 1, 0]"
56.4803888798,,4038,,1583006361,333367109,"""Soft Sip""",[0.2512364089488983],"[0, 0, 1, 0]"
56.4869058132,,4039,,1583006361,338459014,"""Soft Sip""",[0.26209455728530884],"[0, 0, 1, 0]"
56.4932215214,,4040,,1583006361,344938993,"""Soft Sip""",[0.27295273542404175],"[0, 0, 1, 0]"
56.5062992573,,4041,,1583006361,356792926,"""Soft Sip""",[0.28381088376045227],"[0, 0, 1, 0]"
56.5109138489,,4042,,1583006361,364348888,"""Soft Sip""",[0.27295273542404175],"[0, 0, 1, 0]"
56.5159943104,,4043,,1583006361,368988990,"""Soft Sip""",[0.28381088376045227],"[0, 0, 1, 0]"
56.5236656666,,4044,,1583006361,374003887,"""Soft Sip""",[0.27295273542404175],"[0, 0, 1, 0]"
56.5294644833,,4045,,1583006361,381742000,"""Soft Sip""",[0.28381088376045227],"[0, 0, 1, 0]"
56.5354220867,,4046,,1583006361,387487888,"""Soft Sip""",[0.27295273542404175],"[0, 0, 1, 0]"
56.5417780876,,4047,,1583006361,393491029,"""Soft Sip""",[0.26209455728530884],"[0, 0, 1, 0]"
56.5465738773,,4048,,1583006361,399854898,"""Soft Sip""",[0.2512364089488983],"[0, 0, 1, 0]"
56.5528452396,,4049,,1583006361,404644012,"""Soft Sip""",[0.2403782308101654],"[0, 0, 1, 0]"
56.5594582558,,4050,,1583006361,410934925,"""Soft Sip""",[0.22955219447612762],"[0, 0, 1, 0]"
56.5678164959,,4051,,1583006361,418772935,"""Soft Sip""",[0.2186940312385559],"[0, 0, 1, 0]"
56.5868885517,,4052,,1583006361,438786029,"""Soft Sip""",[0.2078358680009842],"[0, 0, 1, 0]"
56.5973396301,,4053,,1583006361,448770046,"""Soft Sip""",[0.19697770476341248],"[0, 0, 1, 0]"
56.6053786278,,4054,,1583006361,456784009,"""Soft Sip""",[0.18611954152584076],"[0, 0, 1, 0]"
56.6234183311,,4055,,1583006361,475054979,"""Soft Sip""",[0.17529350519180298],"[0, 0, 1, 0]"
56.6444284916,,4056,,1583006361,496798992,"""Soft Sip""",[0.18611954152584076],"[0, 0, 1, 0]"
56.6567537785,,4057,,1583006361,506881952,"""Soft Sip""",[0.19697770476341248],"[0, 0, 1, 0]"
56.6615374088,,4058,,1583006361,514831066,"""Soft Sip""",[0.2078358680009842],"[0, 0, 1, 0]"
56.6691555977,,4059,,1583006361,520740985,"""Soft Sip""",[0.2186940312385559],"[0, 0, 1, 0]"
56.6749153137,,4060,,1583006361,527247905,"""Soft Sip""",[0.22955219447612762],"[0, 0, 1, 0]"
56.6885242462,,4061,,1583006361,538825035,"""Soft Sip""",[0.2403782308101654],"[0, 0, 1, 0]"
56.6940255165,,4062,,1583006361,546581029,"""Soft Sip""",[0.2512364089488983],"[0, 0, 1, 0]"
56.705104351,,4063,,1583006361,556813001,"""Soft Sip""",[0.26209455728530884],"[0, 0, 1, 0]"
56.7223203182,,4064,,1583006361,574913978,"""Soft Sip""",[0.2512364089488983],"[0, 0, 1, 0]"
56.7298111916,,4065,,1583006361,582820892,"""Soft Sip""",[0.2403782308101654],"[0, 0, 1, 0]"
56.7363381386,,4066,,1583006361,587902069,"""Soft Sip""",[0.22955219447612762],"[0, 0, 1, 0]"
56.742390871,,4067,,1583006361,594413042,"""Soft Sip""",[0.2186940312385559],"[0, 0, 1, 0]"
56.7503480911,,4068,,1583006361,600461006,"""Soft Sip""",[0.2078358680009842],"[0, 0, 1, 0]"
56.7561461926,,4069,,1583006361,608412981,"""Soft Sip""",[0.19697770476341248],"[0, 0, 1, 0]"
56.762556076,,4070,,1583006361,614181041,"""Soft Sip""",[0.18611954152584076],"[0, 0, 1, 0]"
56.7673387527,,4071,,1583006361,620641946,"""Soft Sip""",[0.17529350519180298],"[0, 0, 1, 0]"
56.772632122,,4072,,1583006361,625300884,"""Soft Sip""",[0.16443534195423126],"[0, 0, 1, 0]"
56.7798888683,,4073,,1583006361,630706071,"""Soft Sip""",[0.15357716381549835],"[0, 0, 1, 0]"
56.7859742641,,4074,,1583006361,637974023,"""Soft Sip""",[0.14271900057792664],"[0, 0, 1, 0]"
56.7908401489,,4075,,1583006361,643978118,"""Soft Sip""",[0.13186083734035492],"[0, 0, 1, 0]"
56.7975912094,,4076,,1583006361,648936986,"""Soft Sip""",[0.12103480100631714],"[0, 0, 1, 0]"
56.8021810055,,4077,,1583006361,655664920,"""Soft Sip""",[0.11017663776874542],"[0, 0, 1, 0]"
56.8073012829,,4078,,1583006361,660147905,"""Zero Band""",[0.0993184745311737],"[0, 0, 0, 0]"
56.8143892288,,4079,,1583006361,665390968,"""Zero Band""",[0.08846031129360199],"[0, 0, 0, 0]"
56.8436973095,,4080,,1583006361,694865942,"""Zero Band""",[0.0993184745311737],"[0, 0, 0, 0]"
56.8544211388,,4081,,1583006361,706974029,"""Zero Band""",[0.11017663776874542],"[0, 0, 0, 0]"
56.8593981266,,4082,,1583006361,712733983,"""Zero Band""",[0.12103480100631714],"[0, 0, 0, 0]"
56.8660330772,,4083,,1583006361,717468023,"""Zero Band""",[0.13186083734035492],"[0, 0, 0, 0]"
56.8731737137,,4084,,1583006361,724098920,"""Zero Band""",[0.14271900057792664],"[0, 0, 0, 0]"
56.8800456524,,4085,,1583006361,731256961,"""Zero Band""",[0.15357716381549835],"[0, 0, 0, 0]"
56.8876552582,,4086,,1583006361,738126993,"""Zero Band""",[0.16443534195423126],"[0, 0, 0, 0]"
56.8925042152,,4087,,1583006361,745628118,"""Zero Band""",[0.17529350519180298],"[0, 0, 0, 0]"
56.897217989,,4088,,1583006361,750560998,"""Zero Band""",[0.18611954152584076],"[0, 0, 0, 0]"
56.9028038979,,4089,,1583006361,755198955,"""Zero Band""",[0.19697770476341248],"[0, 0, 0, 0]"
56.9092683792,,4090,,1583006361,760920047,"""Zero Band""",[0.2078358680009842],"[0, 0, 0, 0]"
56.9155869484,,4091,,1583006361,767256975,"""Zero Band""",[0.2186940312385559],"[0, 0, 0, 0]"
56.9217877388,,4092,,1583006361,773448944,"""Zero Band""",[0.22955219447612762],"[0, 0, 0, 0]"
56.9272720814,,4093,,1583006361,779758930,"""Zero Band""",[0.2403782308101654],"[0, 0, 0, 0]"
56.9327337742,,4094,,1583006361,785409927,"""Zero Band""",[0.2512364089488983],"[0, 0, 0, 0]"
56.9376256466,,4095,,1583006361,790587902,"""Zero Band""",[0.26209455728530884],"[0, 0, 0, 0]"
56.9438655376,,4096,,1583006361,795651912,"""Zero Band""",[0.2512364089488983],"[0, 0, 0, 0]"
56.9494040012,,4097,,1583006361,801940917,"""Zero Band""",[0.2403782308101654],"[0, 0, 0, 0]"
56.9548952579,,4098,,1583006361,807434082,"""Zero Band""",[0.22955219447612762],"[0, 0, 0, 0]"
56.9608211517,,4099,,1583006361,812952995,"""Zero Band""",[0.2186940312385559],"[0, 0, 0, 0]"
56.9657766819,,4100,,1583006361,818921089,"""Zero Band""",[0.2078358680009842],"[0, 0, 0, 0]"
56.970887661,,4101,,1583006361,823859930,"""Zero Band""",[0.19697770476341248],"[0, 0, 0, 0]"
56.9770355225,,4102,,1583006361,828958988,"""Zero Band""",[0.18611954152584076],"[0, 0, 0, 0]"
56.9835219383,,4103,,1583006361,835138082,"""Zero Band""",[0.17529350519180298],"[0, 0, 0, 0]"
56.9896819592,,4104,,1583006361,841504096,"""Zero Band""",[0.16443534195423126],"[0, 0, 0, 0]"
56.9955873489,,4105,,1583006361,847770929,"""Zero Band""",[0.15357716381549835],"[0, 0, 0, 0]"
57.0006513596,,4106,,1583006361,853681087,"""Zero Band""",[0.14271900057792664],"[0, 0, 0, 0]"
57.0060446262,,4107,,1583006361,858752965,"""Zero Band""",[0.13186083734035492],"[0, 0, 0, 0]"
57.0123496056,,4108,,1583006361,864128112,"""Zero Band""",[0.12103480100631714],"[0, 0, 0, 0]"
57.0177960396,,4109,,1583006361,870445966,"""Zero Band""",[0.11017663776874542],"[0, 0, 0, 0]"
57.0240170956,,4110,,1583006361,876738071,"""Zero Band""",[0.0993184745311737],"[0, 0, 0, 0]"
57.0303895473,,4111,,1583006361,882105112,"""Zero Band""",[0.08846031129360199],"[0, 0, 0, 0]"
57.0357682705,,4112,,1583006361,888422966,"""Zero Band""",[0.07760214805603027],"[0, 0, 0, 0]"
57.0403747559,,4113,,1583006361,893804073,"""Zero Band""",[0.06674397736787796],"[0, 0, 0, 0]"
57.0484457016,,4114,,1583006361,900819063,"""Zero Band""",[0.05591794103384018],"[0, 0, 0, 0]"
57.0541498661,,4115,,1583006361,906738042,"""Zero Band""",[0.04505977779626846],"[0, 0, 0, 0]"
57.0639257431,,4116,,1583006361,914752960,"""Zero Band""",[0.03420161083340645],"[0, 0, 0, 0]"
57.1030573845,,4117,,1583006361,954905986,"""Zero Band""",[0.04505977779626846],"[0, 0, 0, 0]"
57.1153092384,,4118,,1583006361,966948986,"""Zero Band""",[0.05591794103384018],"[0, 0, 0, 0]"
57.1213092804,,4119,,1583006361,973419904,"""Zero Band""",[0.04505977779626846],"[0, 0, 0, 0]"
57.1266975403,,4120,,1583006361,979350090,"""Zero Band""",[0.05591794103384018],"[0, 0, 0, 0]"
57.1319732666,,4121,,1583006361,984790086,"""Zero Band""",[0.04505977779626846],"[0, 0, 0, 0]"
57.144572258,,4122,,1583006361,996820926,"""Zero Band""",[0.03420161083340645],"[0, 0, 0, 0]"
57.151904583,,4123,,1583006362,4779100,"""Zero Band""",[0.023343447595834732],"[0, 0, 0, 0]"
57.1614408493,,4124,,1583006362,12780904,"""Zero Band""",[0.012485282495617867],"[0, 0, 0, 0]"
57.1626105309,,4125,,1583006362,19562959,"""Zero Band""",[0.0016592431347817183],"[0, 0, 0, 0]"
57.1740272045,,4126,,1583006362,30812978,"""Zero Band""",[-0.0],"[0, 0, 0, 0]"
57.1942009926,,4127,,1583006362,50904035,"""Zero Band""",[0.0016592431347817183],"[0, 0, 0, 0]"
57.2064335346,,4128,,1583006362,58880090,"""Zero Band""",[0.012485282495617867],"[0, 0, 0, 0]"
57.2140016556,,4129,,1583006362,66792011,"""Zero Band""",[0.023343447595834732],"[0, 0, 0, 0]"
57.2185194492,,4130,,1583006362,72087049,"""Zero Band""",[0.03420161083340645],"[0, 0, 0, 0]"
57.2231509686,,4131,,1583006362,76575040,"""Zero Band""",[0.04505977779626846],"[0, 0, 0, 0]"
57.2303042412,,4132,,1583006362,81218004,"""Zero Band""",[0.05591794103384018],"[0, 0, 0, 0]"
57.2360229492,,4133,,1583006362,88463068,"""Zero Band""",[0.06674397736787796],"[0, 0, 0, 0]"
57.2420039177,,4134,,1583006362,93997001,"""Zero Band""",[0.07760214805603027],"[0, 0, 0, 0]"
57.2481176853,,4135,,1583006362,100126981,"""Zero Band""",[0.08846031129360199],"[0, 0, 0, 0]"
57.2528328896,,4136,,1583006362,106098890,"""Zero Band""",[0.0993184745311737],"[0, 0, 0, 0]"
57.2582271099,,4137,,1583006362,110821962,"""Zero Band""",[0.11017663776874542],"[0, 0, 0, 0]"
57.2654213905,,4138,,1583006362,116338968,"""Zero Band""",[0.12103480100631714],"[0, 0, 0, 0]"
57.2710962296,,4139,,1583006362,123400926,"""Zero Band""",[0.13186083734035492],"[0, 0, 0, 0]"
57.2760355473,,4140,,1583006362,129089117,"""Zero Band""",[0.14271900057792664],"[0, 0, 0, 0]"
57.2819328308,,4141,,1583006362,133917093,"""Zero Band""",[0.15357716381549835],"[0, 0, 0, 0]"
57.2879095078,,4142,,1583006362,139991044,"""Zero Band""",[0.16443534195423126],"[0, 0, 0, 0]"
57.29408288,,4143,,1583006362,145912885,"""Zero Band""",[0.17529350519180298],"[0, 0, 0, 0]"
57.3001163006,,4144,,1583006362,152046918,"""Zero Band""",[0.18611954152584076],"[0, 0, 0, 0]"
57.304905653,,4145,,1583006362,158092975,"""Zero Band""",[0.19697770476341248],"[0, 0, 0, 0]"
57.3101456165,,4146,,1583006362,162898063,"""Zero Band""",[0.2078358680009842],"[0, 0, 0, 0]"
57.3172867298,,4147,,1583006362,168397903,"""Zero Band""",[0.19697770476341248],"[0, 0, 0, 0]"
57.3228225708,,4148,,1583006362,175268888,"""Zero Band""",[0.18611954152584076],"[0, 0, 0, 0]"
57.3290011883,,4149,,1583006362,180823087,"""Zero Band""",[0.19697770476341248],"[0, 0, 0, 0]"
57.3345005512,,4150,,1583006362,187015056,"""Zero Band""",[0.18611954152584076],"[0, 0, 0, 0]"
57.3487839699,,4151,,1583006362,198811054,"""Zero Band""",[0.17529350519180298],"[0, 0, 0, 0]"
57.3539123535,,4152,,1583006362,206830978,"""Zero Band""",[0.18611954152584076],"[0, 0, 0, 0]"
57.3606250286,,4153,,1583006362,212747097,"""Zero Band""",[0.17529350519180298],"[0, 0, 0, 0]"
57.366540432,,4154,,1583006362,218664884,"""Zero Band""",[0.18611954152584076],"[0, 0, 0, 0]"
57.376799345,,4155,,1583006362,228769063,"""Zero Band""",[0.17529350519180298],"[0, 0, 0, 0]"
57.3833522797,,4156,,1583006362,234934091,"""Zero Band""",[0.18611954152584076],"[0, 0, 0, 0]"
57.3885250092,,4157,,1583006362,241472959,"""Zero Band""",[0.17529350519180298],"[0, 0, 0, 0]"
57.4585263729,,4158,,1583006362,310889005,"""Zero Band""",[0.18611954152584076],"[0, 0, 0, 0]"
57.4636538029,,4159,,1583006362,316589117,"""Zero Band""",[0.17529350519180298],"[0, 0, 0, 0]"
57.4687671661,,4160,,1583006362,321685075,"""Zero Band""",[0.18611954152584076],"[0, 0, 0, 0]"
57.4734685421,,4161,,1583006362,326836109,"""Zero Band""",[0.17529350519180298],"[0, 0, 0, 0]"
57.4744980335,,4162,,1583006362,331557989,"""Zero Band""",[-0.0],"[0, 0, 0, 0]"
57.4756491184,,4163,,1583006362,332566022,"""Zero Band""",[-0.0],"[0, 0, 0, 0]"
57.4756600857,,4164,,1583006362,332566022,"""input stopped""",[-0.0],"[0, 0, 0, 0]"
57.5989706516,,4165,,1583006362,455751895,"""Zero Band""",[-0.0],"[0, 0, 0, 0]"
57.6017549038,,4166,,1583006362,458802938,"""Zero Band""",[-0.0],"[0, 0, 0, 0]"
57.6100771427,,4167,,1583006362,462733983,"""Zero Band""",[0.023343447595834732],"[0, 0, 0, 0]"
57.6154863834,,4168,,1583006362,468187093,"""Zero Band""",[0.06674397736787796],"[0, 0, 0, 0]"
57.6212284565,,4169,,1583006362,473568916,"""Zero Band""",[0.12103480100631714],"[0, 0, 0, 0]"
57.6264531612,,4170,,1583006362,479329109,"""Zero Band""",[0.17529350519180298],"[0, 0, 0, 0]"
57.6325075626,,4171,,1583006362,484426021,"""Zero Band""",[0.2403782308101654],"[0, 0, 0, 0]"
57.6334943771,,4172,,1583006362,490607976,"""Soft-Hard Sip Deadband""",[0.3163532614707947],"[0, 0, 0, 0]"
57.6343300343,,4173,,1583006362,491465091,"""Soft-Hard Sip Deadband""",[0.38147011399269104],"[0, 0, 0, 0]"
57.6351642609,,4174,,1583006362,492443084,"""Soft-Hard Sip Deadband""",[0.4574451446533203],"[0, 0, 0, 0]"
57.641279459,,4175,,1583006362,493138074,"""Hard Sip""",[0.533388078212738],"[0, 0, 0, 1]"
57.6481382847,,4176,,1583006362,499254941,"""Hard Sip""",[0.6310794353485107],"[0, 0, 0, 1]"
57.6546251774,,4177,,1583006362,506119012,"""Hard Sip""",[0.7178804874420166],"[0, 0, 0, 1]"
57.6594610214,,4178,,1583006362,512696981,"""Hard Sip""",[0.8263978958129883],"[0, 0, 0, 1]"
57.6640076637,,4179,,1583006362,517522096,"""Hard Sip""",[0.9132310748100281],"[0, 0, 0, 1]"
57.6692502499,,4180,,1583006362,522026062,"""Hard Sip""",[1.0],"[0, 0, 0, 1]"
57.9704446793,,4181,,1583006362,797008037,"""Zero Band""",[0.978347897529602],"[0, 0, 0, 0]"
57.9762539864,,4182,,1583006362,828635931,"""Zero Band""",[0.8915147185325623],"[0, 0, 0, 0]"
57.9810686111,,4183,,1583006362,834239959,"""Zero Band""",[0.8047136664390564],"[0, 0, 0, 0]"
57.9873037338,,4184,,1583006362,838920116,"""Zero Band""",[0.6961962580680847],"[0, 0, 0, 0]"
57.9924097061,,4185,,1583006362,845257997,"""Zero Band""",[0.6202212572097778],"[0, 0, 0, 0]"
57.997030735,,4186,,1583006362,850425958,"""Zero Band""",[0.5442461967468262],"[0, 0, 0, 0]"
57.9979131222,,4187,,1583006362,855047941,"""Soft-Hard Sip Deadband""",[0.4574451446533203],"[0, 0, 0, 0]"
57.9986727238,,4188,,1583006362,855895042,"""Soft-Hard Sip Deadband""",[0.39232829213142395],"[0, 0, 0, 0]"
57.9995617867,,4189,,1583006362,856656074,"""Soft-Hard Sip Deadband""",[0.3272114396095276],"[0, 0, 0, 0]"
58.0059702396,,4190,,1583006362,857537031,"""Zero Band""",[0.27295273542404175],"[0, 0, 0, 0]"
58.0105998516,,4191,,1583006362,863954067,"""Zero Band""",[0.19697770476341248],"[0, 0, 0, 0]"
58.0152916908,,4192,,1583006362,868577957,"""Zero Band""",[0.15357716381549835],"[0, 0, 0, 0]"
58.0211451054,,4193,,1583006362,873409986,"""Zero Band""",[0.0993184745311737],"[0, 0, 0, 0]"
58.0259416103,,4194,,1583006362,879129886,"""Zero Band""",[0.06674397736787796],"[0, 0, 0, 0]"
58.0319583416,,4195,,1583006362,883939027,"""Zero Band""",[0.023343447595834732],"[0, 0, 0, 0]"
58.0330762863,,4196,,1583006362,889774084,"""Zero Band""",[0.0016592431347817183],"[0, 0, 0, 0]"
58.0338437557,,4197,,1583006362,891053915,"""Zero Band""",[-0.0],"[0, 0, 0, 0]"
58.0346400738,,4198,,1583006362,891920089,"""Zero Band""",[-0.0],"[0, 0, 0, 0]"
58.0353505611,,4199,,1583006362,892612934,"""Zero Band""",[-0.0],"[0, 0, 0, 0]"
58.0354077816,,4200,,1583006362,892612934,"""input stopped""",[-0.0],"[0, 0, 0, 0]"
66.6270191669,,4201,,1583006371,483835935,"""Zero Band""",[-0.0],"[0, 0, 0, 0]"
66.6296987534,,4202,,1583006371,486764907,"""Zero Band""",[-0.0],"[0, 0, 0, 0]"
66.6316595078,,4203,,1583006371,488802909,"""Zero Band""",[-0.0],"[0, 0, 0, 0]"
66.6389400959,,4204,,1583006371,490801095,"""Zero Band""",[0.012485282495617867],"[0, 0, 0, 0]"
66.6443426609,,4205,,1583006371,497001886,"""Zero Band""",[0.03420161083340645],"[0, 0, 0, 0]"
66.6503899097,,4206,,1583006371,502329111,"""Zero Band""",[0.06674397736787796],"[0, 0, 0, 0]"
66.656614542,,4207,,1583006371,508522987,"""Zero Band""",[0.0993184745311737],"[0, 0, 0, 0]"
66.6630373001,,4208,,1583006371,514607906,"""Zero Band""",[0.13186083734035492],"[0, 0, 0, 0]"
66.6696209908,,4209,,1583006371,521022081,"""Zero Band""",[0.16443534195423126],"[0, 0, 0, 0]"
66.6744966507,,4210,,1583006371,527569055,"""Zero Band""",[0.2078358680009842],"[0, 0, 0, 0]"
66.6816835403,,4211,,1583006371,532704114,"""Zero Band""",[0.2512364089488983],"[0, 0, 0, 0]"
66.6879072189,,4212,,1583006371,539685964,"""Zero Band""",[0.2946690618991852],"[0, 0, 0, 0]"
66.6888082027,,4213,,1583006371,545885086,"""Soft-Hard Sip Deadband""",[0.3380695879459381],"[0, 0, 0, 0]"
66.6895930767,,4214,,1583006371,546787023,"""Soft-Hard Sip Deadband""",[0.39232829213142395],"[0, 0, 0, 0]"
66.690448761,,4215,,1583006371,547574996,"""Soft-Hard Sip Deadband""",[0.4465869963169098],"[0, 0, 0, 0]"
66.696958065,,4216,,1583006371,548435926,"""Hard Sip""",[0.5008456707000732],"[0, 0, 0, 1]"
66.7046072483,,4217,,1583006371,554939985,"""Hard Sip""",[0.565962553024292],"[0, 0, 0, 1]"
66.7106835842,,4218,,1583006371,562684059,"""Hard Sip""",[0.6310794353485107],"[0, 0, 0, 1]"
66.7159330845,,4219,,1583006371,568703889,"""Zero Band""",[0.6961962580680847],"[0, 0, 0, 0]"
66.7219164371,,4220,,1583006371,574028968,"""Zero Band""",[0.7504549622535706],"[0, 0, 0, 0]"
66.7274780273,,4221,,1583006371,579895973,"""Zero Band""",[0.8263978958129883],"[0, 0, 0, 0]"
66.7338316441,,4222,,1583006371,585453987,"""Zero Band""",[0.8915147185325623],"[0, 0, 0, 0]"
66.7399640083,,4223,,1583006371,591804027,"""Zero Band""",[0.9457734227180481],"[0, 0, 0, 0]"
66.7452232838,,4224,,1583006371,597938060,"""Zero Band""",[1.0],"[0, 0, 0, 0]"
67.0453455448,,4225,,1583006371,896927118,"""Zero Band""",[0.9349473714828491],"[0, 0, 0, 0]"
67.0507733822,,4226,,1583006371,903412103,"""Zero Band""",[0.8481141924858093],"[0, 0, 0, 0]"
67.0552194118,,4227,,1583006371,908763885,"""Zero Band""",[0.7829973101615906],"[0, 0, 0, 0]"
67.0611367226,,4228,,1583006371,913306951,"""Zero Band""",[0.7070544362068176],"[0, 0, 0, 0]"
67.0666213036,,4229,,1583006371,919059038,"""Zero Band""",[0.6310794353485107],"[0, 0, 0, 0]"
67.0723266602,,4230,,1583006371,924607992,"""Zero Band""",[0.565962553024292],"[0, 0, 0, 0]"
67.0795886517,,4231,,1583006371,930335044,"""Zero Band""",[0.5008456707000732],"[0, 0, 0, 0]"
67.0807096958,,4232,,1583006371,937779903,"""Soft-Hard Sip Deadband""",[0.4357288181781769],"[0, 0, 0, 0]"
67.0815830231,,4233,,1583006371,938685894,"""Soft-Hard Sip Deadband""",[0.38147011399269104],"[0, 0, 0, 0]"
67.0824768543,,4234,,1583006371,939621925,"""Soft-Hard Sip Deadband""",[0.3380695879459381],"[0, 0, 0, 0]"
67.08791852,,4235,,1583006371,940458059,"""Soft Sip""",[0.28381088376045227],"[0, 0, 1, 0]"
67.092335701,,4236,,1583006371,945897102,"""Soft Sip""",[0.22955219447612762],"[0, 0, 1, 0]"
67.097481966,,4237,,1583006371,950316905,"""Soft Sip""",[0.18611954152584076],"[0, 0, 1, 0]"
67.1024127007,,4238,,1583006371,955460071,"""Soft Sip""",[0.13186083734035492],"[0, 0, 1, 0]"
67.1092216969,,4239,,1583006371,960407018,"""Soft Sip""",[0.0993184745311737],"[0, 0, 1, 0]"
67.1168072224,,4240,,1583006371,967202901,"""Soft Sip""",[0.06674397736787796],"[0, 0, 1, 0]"
67.122158289,,4241,,1583006371,974888086,"""Soft Sip""",[0.03420161083340645],"[0, 0, 1, 0]"
67.1233026981,,4242,,1583006371,980289936,"""Zero Band""",[0.0016592431347817183],"[0, 0, 0, 0]"
67.1244313717,,4243,,1583006371,981262922,"""Zero Band""",[-0.0],"[0, 0, 0, 0]"
67.1252419949,,4244,,1583006371,982404947,"""Zero Band""",[-0.0],"[0, 0, 0, 0]"
67.1259899139,,4245,,1583006371,983206987,"""Zero Band""",[-0.0],"[0, 0, 0, 0]"
67.1261024475,,4246,,1583006371,983206987,"""input stopped""",[-0.0],"[0, 0, 0, 0]"
68.3949959278,,4247,,1583006373,251847028,"""Zero Band""",[-0.0],"[0, 0, 0, 0]"
68.4101865292,,4248,,1583006373,266926050,"""Zero Band""",[-0.0],"[0, 0, 0, 0]"
68.4197854996,,4249,,1583006373,276873111,"""Zero Band""",[-0.0],"[0, 0, 0, 0]"
68.4297397137,,4250,,1583006373,286847114,"""Zero Band""",[-0.0],"[0, 0, 0, 0]"
68.4400172234,,4251,,1583006373,296879053,"""Zero Band""",[-0.0],"[0, 0, 0, 0]"
68.4501099586,,4252,,1583006373,306921005,"""Zero Band""",[0.0016592431347817183],"[0, 0, 0, 0]"
68.4658510685,,4253,,1583006373,318837881,"""Soft Sip""",[0.012485282495617867],"[0, 0, 1, 0]"
68.4784314632,,4254,,1583006373,330841064,"""Soft Sip""",[0.023343447595834732],"[0, 0, 1, 0]"
68.4936032295,,4255,,1583006373,344836950,"""Soft Sip""",[0.03420161083340645],"[0, 0, 1, 0]"
68.5031363964,,4256,,1583006373,352942943,"""Soft Sip""",[0.04505977779626846],"[0, 0, 1, 0]"
68.5097167492,,4257,,1583006373,362803936,"""Soft Sip""",[0.05591794103384018],"[0, 0, 1, 0]"
68.5198674202,,4258,,1583006373,372813940,"""Soft Sip""",[0.06674397736787796],"[0, 0, 1, 0]"
68.5809967518,,4259,,1583006373,432868957,"""Soft Sip""",[0.07760214805603027],"[0, 0, 1, 0]"
68.5943272114,,4260,,1583006373,444824934,"""Soft Sip""",[0.08846031129360199],"[0, 0, 1, 0]"
68.6041550636,,4261,,1583006373,456820964,"""Soft Sip""",[0.0993184745311737],"[0, 0, 1, 0]"
68.6165373325,,4262,,1583006373,468926906,"""Soft Sip""",[0.11017663776874542],"[0, 0, 1, 0]"
68.6267910004,,4263,,1583006373,478795051,"""Soft Sip""",[0.12103480100631714],"[0, 0, 1, 0]"
68.6582605839,,4264,,1583006373,508887052,"""Soft Sip""",[0.11017663776874542],"[0, 0, 1, 0]"
68.6749486923,,4265,,1583006373,526911020,"""Soft Sip""",[0.0993184745311737],"[0, 0, 1, 0]"
68.6978595257,,4266,,1583006373,548965930,"""Soft Sip""",[0.11017663776874542],"[0, 0, 1, 0]"
68.7138352394,,4267,,1583006373,564867973,"""Soft Sip""",[0.12103480100631714],"[0, 0, 1, 0]"
68.7217082977,,4268,,1583006373,574776887,"""Soft Sip""",[0.13186083734035492],"[0, 0, 1, 0]"
68.736218214,,4269,,1583006373,588864088,"""Soft Sip""",[0.14271900057792664],"[0, 0, 1, 0]"
68.7441818714,,4270,,1583006373,594886064,"""Soft Sip""",[0.13186083734035492],"[0, 0, 1, 0]"
68.7498660088,,4271,,1583006373,602246999,"""Soft Sip""",[0.14271900057792664],"[0, 0, 1, 0]"
68.7831523418,,4272,,1583006373,634885072,"""Soft Sip""",[0.15357716381549835],"[0, 0, 1, 0]"
68.7948758602,,4273,,1583006373,646862983,"""Soft Sip""",[0.16443534195423126],"[0, 0, 1, 0]"
68.8059706688,,4274,,1583006373,656783103,"""Soft Sip""",[0.17529350519180298],"[0, 0, 1, 0]"
68.8127605915,,4275,,1583006373,664798974,"""Soft Sip""",[0.18611954152584076],"[0, 0, 1, 0]"
68.8291435242,,4276,,1583006373,680958032,"""Soft Sip""",[0.19697770476341248],"[0, 0, 1, 0]"
68.8354494572,,4277,,1583006373,687185049,"""Soft Sip""",[0.18611954152584076],"[0, 0, 1, 0]"
68.8402085304,,4278,,1583006373,693483114,"""Soft Sip""",[0.19697770476341248],"[0, 0, 1, 0]"
68.8468232155,,4279,,1583006373,698262929,"""Soft Sip""",[0.18611954152584076],"[0, 0, 1, 0]"
68.8521010876,,4280,,1583006373,704890012,"""Soft Sip""",[0.19697770476341248],"[0, 0, 1, 0]"
68.8572432995,,4281,,1583006373,710154056,"""Soft Sip""",[0.18611954152584076],"[0, 0, 1, 0]"
68.863150835,,4282,,1583006373,715310096,"""Soft Sip""",[0.19697770476341248],"[0, 0, 1, 0]"
68.8690707684,,4283,,1583006373,721126079,"""Soft Sip""",[0.18611954152584076],"[0, 0, 1, 0]"
68.8958017826,,4284,,1583006373,746857881,"""Soft Sip""",[0.19697770476341248],"[0, 0, 1, 0]"
68.9023191929,,4285,,1583006373,753879070,"""Soft Sip""",[0.18611954152584076],"[0, 0, 1, 0]"
68.9093279839,,4286,,1583006373,760390996,"""Soft Sip""",[0.19697770476341248],"[0, 0, 1, 0]"
68.9372954369,,4287,,1583006373,788932085,"""Soft Sip""",[0.2078358680009842],"[0, 0, 1, 0]"
68.9923129082,,4288,,1583006373,844906091,"""Soft Sip""",[0.19697770476341248],"[0, 0, 1, 0]"
68.9969706535,,4289,,1583006373,850390911,"""Soft Sip""",[0.2078358680009842],"[0, 0, 1, 0]"
69.0475521088,,4290,,1583006373,898926019,"""Soft Sip""",[0.19697770476341248],"[0, 0, 1, 0]"
69.0530123711,,4291,,1583006373,905642986,"""Soft Sip""",[0.2078358680009842],"[0, 0, 1, 0]"
69.0587255955,,4292,,1583006373,911099910,"""Soft Sip""",[0.19697770476341248],"[0, 0, 1, 0]"
69.0644378662,,4293,,1583006373,916829109,"""Soft Sip""",[0.2078358680009842],"[0, 0, 1, 0]"
69.0817277431,,4294,,1583006373,934871912,"""Soft Sip""",[0.2186940312385559],"[0, 0, 1, 0]"
69.1106705666,,4295,,1583006373,963016986,"""Soft Sip""",[0.22955219447612762],"[0, 0, 1, 0]"
69.1167163849,,4296,,1583006373,968678951,"""Soft Sip""",[0.2186940312385559],"[0, 0, 1, 0]"
69.1226379871,,4297,,1583006373,974786043,"""Soft Sip""",[0.22955219447612762],"[0, 0, 1, 0]"
69.1368026733,,4298,,1583006373,988843917,"""Soft Sip""",[0.2186940312385559],"[0, 0, 1, 0]"
69.1962077618,,4299,,1583006374,48866033,"""Soft Sip""",[0.22955219447612762],"[0, 0, 1, 0]"
69.2121269703,,4300,,1583006374,62868118,"""Soft Sip""",[0.2403782308101654],"[0, 0, 1, 0]"
69.2483024597,,4301,,1583006374,100881099,"""Soft Sip""",[0.22955219447612762],"[0, 0, 1, 0]"
69.3046865463,,4302,,1583006374,156935930,"""Soft Sip""",[0.2403782308101654],"[0, 0, 1, 0]"
69.3390803337,,4303,,1583006374,190984964,"""Soft Sip""",[0.2512364089488983],"[0, 0, 1, 0]"
69.3562796116,,4304,,1583006374,208863019,"""Soft Sip""",[0.26209455728530884],"[0, 0, 1, 0]"
69.3626904488,,4305,,1583006374,214318037,"""Soft Sip""",[0.2512364089488983],"[0, 0, 1, 0]"
69.3708791733,,4306,,1583006374,221268892,"""Soft Sip""",[0.26209455728530884],"[0, 0, 1, 0]"
69.401614666,,4307,,1583006374,252937078,"""Soft Sip""",[0.2512364089488983],"[0, 0, 1, 0]"
69.4063022137,,4308,,1583006374,259694099,"""Soft Sip""",[0.26209455728530884],"[0, 0, 1, 0]"
69.4121198654,,4309,,1583006374,264364004,"""Soft Sip""",[0.2512364089488983],"[0, 0, 1, 0]"
69.4168810844,,4310,,1583006374,270200967,"""Soft Sip""",[0.26209455728530884],"[0, 0, 1, 0]"
69.4214644432,,4311,,1583006374,274941921,"""Soft Sip""",[0.2512364089488983],"[0, 0, 1, 0]"
69.428178072,,4312,,1583006374,279495000,"""Soft Sip""",[0.26209455728530884],"[0, 0, 1, 0]"
69.4346563816,,4313,,1583006374,286849975,"""Soft Sip""",[0.2512364089488983],"[0, 0, 1, 0]"
69.4394021034,,4314,,1583006374,292735099,"""Soft Sip""",[0.26209455728530884],"[0, 0, 1, 0]"
69.4958810806,,4315,,1583006374,346853971,"""Soft Sip""",[0.27295273542404175],"[0, 0, 1, 0]"
69.5007081032,,4316,,1583006374,353971004,"""Soft Sip""",[0.26209455728530884],"[0, 0, 1, 0]"
69.5066363811,,4317,,1583006374,358772993,"""Soft Sip""",[0.27295273542404175],"[0, 0, 1, 0]"
69.5760822296,,4318,,1583006374,428904056,"""Soft Sip""",[0.26209455728530884],"[0, 0, 1, 0]"
69.7326657772,,4319,,1583006374,584914922,"""Soft Sip""",[0.27295273542404175],"[0, 0, 1, 0]"
69.7664899826,,4320,,1583006374,616858005,"""Soft Sip""",[0.28381088376045227],"[0, 0, 1, 0]"
69.7723271847,,4321,,1583006374,624558925,"""Soft Sip""",[0.27295273542404175],"[0, 0, 1, 0]"
69.7767066956,,4322,,1583006374,630388975,"""Soft Sip""",[0.28381088376045227],"[0, 0, 1, 0]"
69.7826077938,,4323,,1583006374,634821891,"""Soft Sip""",[0.27295273542404175],"[0, 0, 1, 0]"
69.7893037796,,4324,,1583006374,640707969,"""Soft Sip""",[0.28381088376045227],"[0, 0, 1, 0]"
69.7958619595,,4325,,1583006374,647375106,"""Soft Sip""",[0.27295273542404175],"[0, 0, 1, 0]"
69.805284977,,4326,,1583006374,656783103,"""Soft Sip""",[0.28381088376045227],"[0, 0, 1, 0]"
69.8101813793,,4327,,1583006374,663393020,"""Soft Sip""",[0.27295273542404175],"[0, 0, 1, 0]"
69.8151752949,,4328,,1583006374,668242931,"""Soft Sip""",[0.28381088376045227],"[0, 0, 1, 0]"
69.8202459812,,4329,,1583006374,673228025,"""Soft Sip""",[0.27295273542404175],"[0, 0, 1, 0]"
69.8542509079,,4330,,1583006374,704849004,"""Soft Sip""",[0.28381088376045227],"[0, 0, 1, 0]"
69.8616373539,,4331,,1583006374,712796926,"""Soft Sip""",[0.27295273542404175],"[0, 0, 1, 0]"
69.8796184063,,4332,,1583006374,728979110,"""Soft Sip""",[0.28381088376045227],"[0, 0, 1, 0]"
69.9365968704,,4333,,1583006374,788834095,"""Soft Sip""",[0.2946690618991852],"[0, 0, 1, 0]"
69.9479682446,,4334,,1583006374,798837900,"""Soft Sip""",[0.28381088376045227],"[0, 0, 1, 0]"
69.9530520439,,4335,,1583006374,806070089,"""Soft Sip""",[0.2946690618991852],"[0, 0, 1, 0]"
69.9637830257,,4336,,1583006374,820871114,"""Soft-Hard Sip Deadband""",[0.30549511313438416],"[0, 0, 0, 0]"
69.9760787487,,4337,,1583006374,832861900,"""Soft-Hard Sip Deadband""",[0.3163532614707947],"[0, 0, 0, 0]"
69.9898049831,,4338,,1583006374,846811056,"""Soft-Hard Sip Deadband""",[0.3272114396095276],"[0, 0, 0, 0]"
70.0101706982,,4339,,1583006374,866897106,"""Soft-Hard Sip Deadband""",[0.3380695879459381],"[0, 0, 0, 0]"
70.017696619,,4340,,1583006374,874821901,"""Soft-Hard Sip Deadband""",[0.3272114396095276],"[0, 0, 0, 0]"
70.0195906162,,4341,,1583006374,876782894,"""Soft-Hard Sip Deadband""",[0.3380695879459381],"[0, 0, 0, 0]"
70.0236501694,,4342,,1583006374,880810976,"""Soft-Hard Sip Deadband""",[0.3272114396095276],"[0, 0, 0, 0]"
70.0256304741,,4343,,1583006374,882776975,"""Soft-Hard Sip Deadband""",[0.3380695879459381],"[0, 0, 0, 0]"
70.04210639,,4344,,1583006374,898910999,"""Soft-Hard Sip Deadband""",[0.3272114396095276],"[0, 0, 0, 0]"
70.0439579487,,4345,,1583006374,900819063,"""Soft-Hard Sip Deadband""",[0.3380695879459381],"[0, 0, 0, 0]"
70.0459723473,,4346,,1583006374,902877092,"""Soft-Hard Sip Deadband""",[0.3272114396095276],"[0, 0, 0, 0]"
70.0638194084,,4347,,1583006374,920860052,"""Soft-Hard Sip Deadband""",[0.3163532614707947],"[0, 0, 0, 0]"
70.0799922943,,4348,,1583006374,936892032,"""Soft-Hard Sip Deadband""",[0.30549511313438416],"[0, 0, 0, 0]"
70.095536232,,4349,,1583006374,946855068,"""Soft Sip""",[0.2946690618991852],"[0, 0, 1, 0]"
70.1102516651,,4350,,1583006374,960872888,"""Soft Sip""",[0.28381088376045227],"[0, 0, 1, 0]"
70.1164610386,,4351,,1583006374,968864917,"""Soft Sip""",[0.27295273542404175],"[0, 0, 1, 0]"
70.1343588829,,4352,,1583006374,986974954,"""Soft Sip""",[0.26209455728530884],"[0, 0, 1, 0]"
70.145424366,,4353,,1583006374,996850967,"""Soft Sip""",[0.2512364089488983],"[0, 0, 1, 0]"
70.1648049355,,4354,,1583006375,16954898,"""Soft Sip""",[0.2403782308101654],"[0, 0, 1, 0]"
70.1841361523,,4355,,1583006375,36926984,"""Soft Sip""",[0.22955219447612762],"[0, 0, 1, 0]"
70.2056457996,,4356,,1583006375,58862924,"""Soft Sip""",[0.2186940312385559],"[0, 0, 1, 0]"
70.2370665073,,4357,,1583006375,88923931,"""Soft Sip""",[0.22955219447612762],"[0, 0, 1, 0]"
70.2577154636,,4358,,1583006375,108944892,"""Soft Sip""",[0.2403782308101654],"[0, 0, 1, 0]"
70.2889130116,,4359,,1583006375,140918016,"""Soft Sip""",[0.2512364089488983],"[0, 0, 1, 0]"
70.3492331505,,4360,,1583006375,200905084,"""Soft Sip""",[0.2403782308101654],"[0, 0, 1, 0]"
70.3587284088,,4361,,1583006375,210851907,"""Soft Sip""",[0.22955219447612762],"[0, 0, 1, 0]"
70.3722419739,,4362,,1583006375,222820997,"""Soft Sip""",[0.2186940312385559],"[0, 0, 1, 0]"
70.3786854744,,4363,,1583006375,230427026,"""Soft Sip""",[0.22955219447612762],"[0, 0, 1, 0]"
70.3836789131,,4364,,1583006375,236746072,"""Soft Sip""",[0.2186940312385559],"[0, 0, 1, 0]"
70.3893930912,,4365,,1583006375,241859912,"""Soft Sip""",[0.22955219447612762],"[0, 0, 1, 0]"
70.393912077,,4366,,1583006375,247459888,"""Soft Sip""",[0.2403782308101654],"[0, 0, 1, 0]"
70.3984825611,,4367,,1583006375,251998901,"""Soft Sip""",[0.2512364089488983],"[0, 0, 1, 0]"
70.4029951096,,4368,,1583006375,256546020,"""Soft Sip""",[0.26209455728530884],"[0, 0, 1, 0]"
70.4157543182,,4369,,1583006375,266964912,"""Soft Sip""",[0.27295273542404175],"[0, 0, 1, 0]"
70.4459264278,,4370,,1583006375,296955108,"""Soft Sip""",[0.26209455728530884],"[0, 0, 1, 0]"
70.4634251595,,4371,,1583006375,314939022,"""Soft Sip""",[0.2512364089488983],"[0, 0, 1, 0]"
70.4793171883,,4372,,1583006375,331011056,"""Soft Sip""",[0.26209455728530884],"[0, 0, 1, 0]"
70.4993760586,,4373,,1583006375,350902080,"""Soft Sip""",[0.27295273542404175],"[0, 0, 1, 0]"
70.5048208237,,4374,,1583006375,357417106,"""Soft Sip""",[0.26209455728530884],"[0, 0, 1, 0]"
70.5096654892,,4375,,1583006375,362895011,"""Soft Sip""",[0.27295273542404175],"[0, 0, 1, 0]"
70.5153231621,,4376,,1583006375,367822885,"""Soft Sip""",[0.26209455728530884],"[0, 0, 1, 0]"
70.5264165401,,4377,,1583006375,378822088,"""Soft Sip""",[0.2512364089488983],"[0, 0, 1, 0]"
70.5321731567,,4378,,1583006375,384485960,"""Soft Sip""",[0.26209455728530884],"[0, 0, 1, 0]"
70.538295269,,4379,,1583006375,390233039,"""Soft Sip""",[0.2512364089488983],"[0, 0, 1, 0]"
70.5445797443,,4380,,1583006375,396337985,"""Soft Sip""",[0.2403782308101654],"[0, 0, 1, 0]"
70.5578813553,,4381,,1583006375,410882949,"""Soft Sip""",[0.22955219447612762],"[0, 0, 1, 0]"
70.6085543633,,4382,,1583006375,460889101,"""Soft Sip""",[0.2186940312385559],"[0, 0, 1, 0]"
70.6148591042,,4383,,1583006375,466593027,"""Soft Sip""",[0.22955219447612762],"[0, 0, 1, 0]"
70.6207077503,,4384,,1583006375,472867012,"""Soft Sip""",[0.2186940312385559],"[0, 0, 1, 0]"
70.6258847713,,4385,,1583006375,478768110,"""Soft Sip""",[0.22955219447612762],"[0, 0, 1, 0]"
70.6333084106,,4386,,1583006375,483952999,"""Soft Sip""",[0.2186940312385559],"[0, 0, 1, 0]"
70.6385576725,,4387,,1583006375,491317987,"""Soft Sip""",[0.22955219447612762],"[0, 0, 1, 0]"
70.6451530457,,4388,,1583006375,496617078,"""Soft Sip""",[0.2186940312385559],"[0, 0, 1, 0]"
70.6525306702,,4389,,1583006375,503223896,"""Soft Sip""",[0.22955219447612762],"[0, 0, 1, 0]"
70.6576960087,,4390,,1583006375,510588884,"""Soft Sip""",[0.2186940312385559],"[0, 0, 1, 0]"
70.6630494595,,4391,,1583006375,515755891,"""Soft Sip""",[0.22955219447612762],"[0, 0, 1, 0]"
70.670935154,,4392,,1583006375,521140098,"""Soft Sip""",[0.2186940312385559],"[0, 0, 1, 0]"
70.7211039066,,4393,,1583006375,572906017,"""Soft Sip""",[0.22955219447612762],"[0, 0, 1, 0]"
70.7264750004,,4394,,1583006375,579190969,"""Soft Sip""",[0.2186940312385559],"[0, 0, 1, 0]"
70.7581906319,,4395,,1583006375,610940933,"""Soft Sip""",[0.2078358680009842],"[0, 0, 1, 0]"
70.8633079529,,4396,,1583006375,714885950,"""Soft Sip""",[0.2186940312385559],"[0, 0, 1, 0]"
70.949129343,,4397,,1583006375,800906896,"""Soft Sip""",[0.2078358680009842],"[0, 0, 1, 0]"
70.9540457726,,4398,,1583006375,807188987,"""Soft Sip""",[0.2186940312385559],"[0, 0, 1, 0]"
70.9603710175,,4399,,1583006375,812099933,"""Soft Sip""",[0.2078358680009842],"[0, 0, 1, 0]"
70.9999098778,,4400,,1583006375,850898027,"""Soft Sip""",[0.19697770476341248],"[0, 0, 1, 0]"
71.0230019093,,4401,,1583006375,874845027,"""Soft Sip""",[0.18611954152584076],"[0, 0, 1, 0]"
71.0871562958,,4402,,1583006375,938936948,"""Soft Sip""",[0.19697770476341248],"[0, 0, 1, 0]"
71.109937191,,4403,,1583006375,960937023,"""Soft Sip""",[0.2078358680009842],"[0, 0, 1, 0]"
71.1190953255,,4404,,1583006375,970863103,"""Soft Sip""",[0.2186940312385559],"[0, 0, 1, 0]"
71.1346273422,,4405,,1583006375,986912965,"""Soft Sip""",[0.22955219447612762],"[0, 0, 1, 0]"
71.1411314011,,4406,,1583006375,992734909,"""Soft Sip""",[0.2186940312385559],"[0, 0, 1, 0]"
71.147687912,,4407,,1583006375,999207973,"""Soft Sip""",[0.22955219447612762],"[0, 0, 1, 0]"
71.1537585258,,4408,,1583006376,5811929,"""Soft Sip""",[0.2186940312385559],"[0, 0, 1, 0]"
71.1618950367,,4409,,1583006376,14822959,"""Soft Sip""",[0.2078358680009842],"[0, 0, 1, 0]"
71.2331037521,,4410,,1583006376,84906101,"""Soft Sip""",[0.19697770476341248],"[0, 0, 1, 0]"
71.2385418415,,4411,,1583006376,91104030,"""Soft Sip""",[0.2078358680009842],"[0, 0, 1, 0]"
71.250462532,,4412,,1583006376,102958917,"""Soft Sip""",[0.19697770476341248],"[0, 0, 1, 0]"
71.2761111259,,4413,,1583006376,126919984,"""Soft Sip""",[0.18611954152584076],"[0, 0, 1, 0]"
71.2818894386,,4414,,1583006376,134171009,"""Soft Sip""",[0.19697770476341248],"[0, 0, 1, 0]"
71.2867736816,,4415,,1583006376,139924049,"""Soft Sip""",[0.18611954152584076],"[0, 0, 1, 0]"
71.3163580894,,4416,,1583006376,168891906,"""Soft Sip""",[0.19697770476341248],"[0, 0, 1, 0]"
71.32168293,,4417,,1583006376,174386978,"""Soft Sip""",[0.18611954152584076],"[0, 0, 1, 0]"
71.3293509483,,4418,,1583006376,180818080,"""Soft Sip""",[0.19697770476341248],"[0, 0, 1, 0]"
71.3348810673,,4419,,1583006376,187437057,"""Soft Sip""",[0.18611954152584076],"[0, 0, 1, 0]"
71.3399868011,,4420,,1583006376,192939043,"""Soft Sip""",[0.19697770476341248],"[0, 0, 1, 0]"
71.3462483883,,4421,,1583006376,198051929,"""Soft Sip""",[0.18611954152584076],"[0, 0, 1, 0]"
71.350881815,,4422,,1583006376,204252958,"""Soft Sip""",[0.19697770476341248],"[0, 0, 1, 0]"
71.3655378819,,4423,,1583006376,216981887,"""Soft Sip""",[0.18611954152584076],"[0, 0, 1, 0]"
71.3707182407,,4424,,1583006376,223634004,"""Soft Sip""",[0.19697770476341248],"[0, 0, 1, 0]"
71.3772611618,,4425,,1583006376,228797912,"""Soft Sip""",[0.18611954152584076],"[0, 0, 1, 0]"
71.4066696167,,4426,,1583006376,258861064,"""Soft Sip""",[0.17529350519180298],"[0, 0, 1, 0]"
71.4125571251,,4427,,1583006376,264808893,"""Soft Sip""",[0.18611954152584076],"[0, 0, 1, 0]"
71.4177446365,,4428,,1583006376,270617961,"""Soft Sip""",[0.17529350519180298],"[0, 0, 1, 0]"
71.4572272301,,4429,,1583006376,308979988,"""Soft Sip""",[0.18611954152584076],"[0, 0, 1, 0]"
71.5194616318,,4430,,1583006376,370909929,"""Soft Sip""",[0.17529350519180298],"[0, 0, 1, 0]"
71.525257349,,4431,,1583006376,377532958,"""Soft Sip""",[0.18611954152584076],"[0, 0, 1, 0]"
71.5309655666,,4432,,1583006376,383285045,"""Soft Sip""",[0.17529350519180298],"[0, 0, 1, 0]"
71.5622580051,,4433,,1583006376,412949085,"""Soft Sip""",[0.18611954152584076],"[0, 0, 1, 0]"
71.6022391319,,4434,,1583006376,454889059,"""Soft Sip""",[0.19697770476341248],"[0, 0, 1, 0]"
71.6827552319,,4435,,1583006376,534882068,"""Soft Sip""",[0.2078358680009842],"[0, 0, 1, 0]"
71.7103559971,,4436,,1583006376,562937021,"""Soft Sip""",[0.2186940312385559],"[0, 0, 1, 0]"
71.7175130844,,4437,,1583006376,568417072,"""Soft Sip""",[0.2078358680009842],"[0, 0, 1, 0]"
71.723459959,,4438,,1583006376,575558900,"""Soft Sip""",[0.2186940312385559],"[0, 0, 1, 0]"
71.7452161312,,4439,,1583006376,594923973,"""Soft Sip""",[0.22955219447612762],"[0, 0, 1, 0]"
71.7661910057,,4440,,1583006376,618850946,"""Soft Sip""",[0.2403782308101654],"[0, 0, 1, 0]"
71.8303294182,,4441,,1583006376,682876110,"""Soft Sip""",[0.22955219447612762],"[0, 0, 1, 0]"
71.8355536461,,4442,,1583006376,688383102,"""Soft Sip""",[0.2403782308101654],"[0, 0, 1, 0]"
71.8562035561,,4443,,1583006376,708929061,"""Soft Sip""",[0.2512364089488983],"[0, 0, 1, 0]"
71.8715224266,,4444,,1583006376,722925901,"""Soft Sip""",[0.26209455728530884],"[0, 0, 1, 0]"
71.8829450607,,4445,,1583006376,734819889,"""Soft Sip""",[0.27295273542404175],"[0, 0, 1, 0]"
71.8926026821,,4446,,1583006376,744812011,"""Soft Sip""",[0.28381088376045227],"[0, 0, 1, 0]"
71.9042181969,,4447,,1583006376,756891012,"""Soft Sip""",[0.2946690618991852],"[0, 0, 1, 0]"
71.9057273865,,4448,,1583006376,762809038,"""Soft-Hard Sip Deadband""",[0.30549511313438416],"[0, 0, 0, 0]"
71.9143774509,,4449,,1583006376,770979881,"""Soft-Hard Sip Deadband""",[0.3163532614707947],"[0, 0, 0, 0]"
71.9177803993,,4450,,1583006376,774885892,"""Soft-Hard Sip Deadband""",[0.3272114396095276],"[0, 0, 0, 0]"
71.9260077477,,4451,,1583006376,782896995,"""Soft-Hard Sip Deadband""",[0.3380695879459381],"[0, 0, 0, 0]"
71.9299733639,,4452,,1583006376,786855936,"""Soft-Hard Sip Deadband""",[0.348927766084671],"[0, 0, 0, 0]"
71.93572855,,4453,,1583006376,792774915,"""Soft-Hard Sip Deadband""",[0.3597537875175476],"[0, 0, 0, 0]"
71.9398036003,,4454,,1583006376,796838045,"""Soft-Hard Sip Deadband""",[0.3706119656562805],"[0, 0, 0, 0]"
71.9460878372,,4455,,1583006376,802831888,"""Soft-Hard Sip Deadband""",[0.38147011399269104],"[0, 0, 0, 0]"
71.953971386,,4456,,1583006376,810847997,"""Soft-Hard Sip Deadband""",[0.39232829213142395],"[0, 0, 0, 0]"
71.9805395603,,4457,,1583006376,837012052,"""Soft-Hard Sip Deadband""",[0.38147011399269104],"[0, 0, 0, 0]"
71.9815773964,,4458,,1583006376,838790893,"""Soft-Hard Sip Deadband""",[0.39232829213142395],"[0, 0, 0, 0]"
72.003841877,,4459,,1583006376,860887050,"""Soft-Hard Sip Deadband""",[0.4031864404678345],"[0, 0, 0, 0]"
72.0097181797,,4460,,1583006376,866808891,"""Soft-Hard Sip Deadband""",[0.4140446186065674],"[0, 0, 0, 0]"
72.0158624649,,4461,,1583006376,872828006,"""Soft-Hard Sip Deadband""",[0.42487066984176636],"[0, 0, 0, 0]"
72.0218017101,,4462,,1583006376,878845930,"""Soft-Hard Sip Deadband""",[0.4357288181781769],"[0, 0, 0, 0]"
72.0257225037,,4463,,1583006376,882775068,"""Soft-Hard Sip Deadband""",[0.4465869963169098],"[0, 0, 0, 0]"
72.0298805237,,4464,,1583006376,886930942,"""Soft-Hard Sip Deadband""",[0.4574451446533203],"[0, 0, 0, 0]"
72.0378968716,,4465,,1583006376,894829988,"""Soft-Hard Sip Deadband""",[0.4683033227920532],"[0, 0, 0, 0]"
72.0395138264,,4466,,1583006376,896760940,"""Soft-Hard Sip Deadband""",[0.4791293442249298],"[0, 0, 0, 0]"
72.0437209606,,4467,,1583006376,900796890,"""Soft-Hard Sip Deadband""",[0.4899875223636627],"[0, 0, 0, 0]"
72.0545055866,,4468,,1583006376,906800985,"""Zero Band""",[0.5008456707000732],"[0, 0, 0, 0]"
72.0594725609,,4469,,1583006376,912759065,"""Zero Band""",[0.5117038488388062],"[0, 0, 0, 0]"
72.0645365715,,4470,,1583006376,917527914,"""Zero Band""",[0.5225620269775391],"[0, 0, 0, 0]"
72.0713896751,,4471,,1583006376,922625064,"""Zero Band""",[0.533388078212738],"[0, 0, 0, 0]"
72.0776050091,,4472,,1583006376,929441928,"""Zero Band""",[0.5442461967468262],"[0, 0, 0, 0]"
72.0841217041,,4473,,1583006376,935667991,"""Zero Band""",[0.5551043748855591],"[0, 0, 0, 0]"
72.0905447006,,4474,,1583006376,942152976,"""Zero Band""",[0.565962553024292],"[0, 0, 0, 0]"
72.0967302322,,4475,,1583006376,948535919,"""Zero Band""",[0.5768207311630249],"[0, 0, 0, 0]"
72.1024103165,,4476,,1583006376,954756021,"""Zero Band""",[0.587678849697113],"[0, 0, 0, 0]"
72.1072103977,,4477,,1583006376,960490942,"""Zero Band""",[0.598504900932312],"[0, 0, 0, 0]"
72.1143624783,,4478,,1583006376,965359926,"""Zero Band""",[0.6202212572097778],"[0, 0, 0, 0]"
72.1213834286,,4479,,1583006376,972193956,"""Zero Band""",[0.6310794353485107],"[0, 0, 0, 0]"
72.1262857914,,4480,,1583006376,979360103,"""Zero Band""",[0.6419375538825989],"[0, 0, 0, 0]"
72.1315057278,,4481,,1583006376,984029054,"""Zero Band""",[0.6527636051177979],"[0, 0, 0, 0]"
72.1375658512,,4482,,1583006376,989587068,"""Zero Band""",[0.6636217832565308],"[0, 0, 0, 0]"
72.1430563927,,4483,,1583006376,995636940,"""Zero Band""",[0.6744799613952637],"[0, 0, 0, 0]"
72.1495761871,,4484,,1583006377,1125097,"""Zero Band""",[0.6636217832565308],"[0, 0, 0, 0]"
72.1547963619,,4485,,1583006377,7647037,"""Zero Band""",[0.6527636051177979],"[0, 0, 0, 0]"
72.1595957279,,4486,,1583006377,12873888,"""Zero Band""",[0.6419375538825989],"[0, 0, 0, 0]"
72.1671080589,,4487,,1583006377,18780946,"""Zero Band""",[0.6310794353485107],"[0, 0, 0, 0]"
72.1725316048,,4488,,1583006377,25152921,"""Zero Band""",[0.6202212572097778],"[0, 0, 0, 0]"
72.1793632507,,4489,,1583006377,30582904,"""Zero Band""",[0.6093630790710449],"[0, 0, 0, 0]"
72.1866896152,,4490,,1583006377,37460088,"""Zero Band""",[0.598504900932312],"[0, 0, 0, 0]"
72.1919643879,,4491,,1583006377,44734001,"""Zero Band""",[0.6093630790710449],"[0, 0, 0, 0]"
72.1975262165,,4492,,1583006377,50040006,"""Zero Band""",[0.6202212572097778],"[0, 0, 0, 0]"
72.2028121948,,4493,,1583006377,55592060,"""Zero Band""",[0.6310794353485107],"[0, 0, 0, 0]"
72.2085886002,,4494,,1583006377,60875892,"""Zero Band""",[0.6419375538825989],"[0, 0, 0, 0]"
72.2154765129,,4495,,1583006377,66539049,"""Zero Band""",[0.6527636051177979],"[0, 0, 0, 0]"
72.2225427628,,4496,,1583006377,73584079,"""Zero Band""",[0.6636217832565308],"[0, 0, 0, 0]"
72.2284054756,,4497,,1583006377,80235958,"""Zero Band""",[0.6853380799293518],"[0, 0, 0, 0]"
72.2328562737,,4498,,1583006377,86510896,"""Zero Band""",[0.6961962580680847],"[0, 0, 0, 0]"
72.2385904789,,4499,,1583006377,90863943,"""Zero Band""",[0.7070544362068176],"[0, 0, 0, 0]"
72.2464752197,,4500,,1583006377,96551895,"""Zero Band""",[0.7287386655807495],"[0, 0, 0, 0]"
72.2515945435,,4501,,1583006377,104479074,"""Zero Band""",[0.7395967841148376],"[0, 0, 0, 0]"
72.257242918,,4502,,1583006377,109572887,"""Zero Band""",[0.7504549622535706],"[0, 0, 0, 0]"
72.2639300823,,4503,,1583006377,115381956,"""Zero Band""",[0.7721391916275024],"[0, 0, 0, 0]"
72.2686545849,,4504,,1583006377,121916055,"""Zero Band""",[0.7829973101615906],"[0, 0, 0, 0]"
72.2744071484,,4505,,1583006377,126636981,"""Zero Band""",[0.7938554883003235],"[0, 0, 0, 0]"
72.2814540863,,4506,,1583006377,132375001,"""Zero Band""",[0.8047136664390564],"[0, 0, 0, 0]"
72.2870073318,,4507,,1583006377,139597892,"""Zero Band""",[0.8155718445777893],"[0, 0, 0, 0]"
72.2920567989,,4508,,1583006377,144985914,"""Zero Band""",[0.8263978958129883],"[0, 0, 0, 0]"
72.298153162,,4509,,1583006377,150001049,"""Zero Band""",[0.8372560143470764],"[0, 0, 0, 0]"
72.3037819862,,4510,,1583006377,156128883,"""Zero Band""",[0.8481141924858093],"[0, 0, 0, 0]"
72.3104493618,,4511,,1583006377,161812067,"""Zero Band""",[0.8372560143470764],"[0, 0, 0, 0]"
72.3180918694,,4512,,1583006377,168415069,"""Zero Band""",[0.8263978958129883],"[0, 0, 0, 0]"
72.3226444721,,4513,,1583006377,176090955,"""Zero Band""",[0.8155718445777893],"[0, 0, 0, 0]"
72.3282663822,,4514,,1583006377,180624008,"""Zero Band""",[0.8047136664390564],"[0, 0, 0, 0]"
72.3331289291,,4515,,1583006377,186460018,"""Zero Band""",[0.7829973101615906],"[0, 0, 0, 0]"
72.3380665779,,4516,,1583006377,191147089,"""Zero Band""",[0.7613131403923035],"[0, 0, 0, 0]"
72.3430395126,,4517,,1583006377,196041107,"""Zero Band""",[0.7504549622535706],"[0, 0, 0, 0]"
72.3489155769,,4518,,1583006377,201040983,"""Zero Band""",[0.7287386655807495],"[0, 0, 0, 0]"
72.3542504311,,4519,,1583006377,206821918,"""Zero Band""",[0.7070544362068176],"[0, 0, 0, 0]"
72.3597106934,,4520,,1583006377,212233066,"""Zero Band""",[0.6961962580680847],"[0, 0, 0, 0]"
72.365493536,,4521,,1583006377,217700004,"""Zero Band""",[0.6744799613952637],"[0, 0, 0, 0]"
72.3732521534,,4522,,1583006377,223467111,"""Zero Band""",[0.6527636051177979],"[0, 0, 0, 0]"
72.3798904419,,4523,,1583006377,231215000,"""Zero Band""",[0.6310794353485107],"[0, 0, 0, 0]"
72.3866951466,,4524,,1583006377,237860918,"""Zero Band""",[0.6202212572097778],"[0, 0, 0, 0]"
72.3919022083,,4525,,1583006377,244554996,"""Zero Band""",[0.598504900932312],"[0, 0, 0, 0]"
72.3970980644,,4526,,1583006377,249860048,"""Zero Band""",[0.5768207311630249],"[0, 0, 0, 0]"
72.4029500484,,4527,,1583006377,255060911,"""Zero Band""",[0.5442461967468262],"[0, 0, 0, 0]"
72.4079186916,,4528,,1583006377,260963916,"""Zero Band""",[0.5225620269775391],"[0, 0, 0, 0]"
72.4130785465,,4529,,1583006377,265923023,"""Zero Band""",[0.5117038488388062],"[0, 0, 0, 0]"
72.4190092087,,4530,,1583006377,271106004,"""Zero Band""",[0.5008456707000732],"[0, 0, 0, 0]"
72.4198174477,,4531,,1583006377,276978969,"""Soft-Hard Sip Deadband""",[0.4899875223636627],"[0, 0, 0, 0]"
72.4244267941,,4532,,1583006377,278053998,"""Zero Band""",[0.5008456707000732],"[0, 0, 0, 0]"
72.4302318096,,4533,,1583006377,282403945,"""Zero Band""",[0.5117038488388062],"[0, 0, 0, 0]"
72.4357812405,,4534,,1583006377,288212060,"""Zero Band""",[0.5008456707000732],"[0, 0, 0, 0]"
72.4367508888,,4535,,1583006377,293756008,"""Soft-Hard Sip Deadband""",[0.4899875223636627],"[0, 0, 0, 0]"
72.4373822212,,4536,,1583006377,294574022,"""Soft-Hard Sip Deadband""",[0.4791293442249298],"[0, 0, 0, 0]"
72.4381146431,,4537,,1583006377,295377016,"""Soft-Hard Sip Deadband""",[0.4683033227920532],"[0, 0, 0, 0]"
72.4388666153,,4538,,1583006377,296091079,"""Soft-Hard Sip Deadband""",[0.4574451446533203],"[0, 0, 0, 0]"
72.4395811558,,4539,,1583006377,296833038,"""Soft-Hard Sip Deadband""",[0.4357288181781769],"[0, 0, 0, 0]"
72.4403054714,,4540,,1583006377,297576904,"""Soft-Hard Sip Deadband""",[0.42487066984176636],"[0, 0, 0, 0]"
72.4410026073,,4541,,1583006377,298255920,"""Soft-Hard Sip Deadband""",[0.4140446186065674],"[0, 0, 0, 0]"
72.441712141,,4542,,1583006377,298995018,"""Soft-Hard Sip Deadband""",[0.3706119656562805],"[0, 0, 0, 0]"
72.4424417019,,4543,,1583006377,299700975,"""Soft-Hard Sip Deadband""",[0.348927766084671],"[0, 0, 0, 0]"
72.4431228638,,4544,,1583006377,300412893,"""Soft-Hard Sip Deadband""",[0.3272114396095276],"[0, 0, 0, 0]"
72.4438738823,,4545,,1583006377,301140069,"""Soft-Hard Sip Deadband""",[0.30549511313438416],"[0, 0, 0, 0]"
72.4499611855,,4546,,1583006377,301840066,"""Soft Sip""",[0.2946690618991852],"[0, 0, 1, 0]"
72.454429388,,4547,,1583006377,307943105,"""Soft Sip""",[0.27295273542404175],"[0, 0, 1, 0]"
72.4592092037,,4548,,1583006377,312406063,"""Soft Sip""",[0.2512364089488983],"[0, 0, 1, 0]"
72.4658892155,,4549,,1583006377,317183971,"""Soft Sip""",[0.2403782308101654],"[0, 0, 1, 0]"
72.4711720943,,4550,,1583006377,323869943,"""Soft Sip""",[0.22955219447612762],"[0, 0, 1, 0]"
72.4767689705,,4551,,1583006377,329153060,"""Soft Sip""",[0.2078358680009842],"[0, 0, 1, 0]"
72.4825305939,,4552,,1583006377,334654092,"""Soft Sip""",[0.19697770476341248],"[0, 0, 1, 0]"
72.4881725311,,4553,,1583006377,340491056,"""Soft Sip""",[0.18611954152584076],"[0, 0, 1, 0]"
72.4944543839,,4554,,1583006377,346162080,"""Soft Sip""",[0.17529350519180298],"[0, 0, 1, 0]"
72.5019876957,,4555,,1583006377,352432012,"""Soft Sip""",[0.16443534195423126],"[0, 0, 1, 0]"
72.5075905323,,4556,,1583006377,359843015,"""Soft Sip""",[0.15357716381549835],"[0, 0, 1, 0]"
72.5144994259,,4557,,1583006377,365751028,"""Soft Sip""",[0.14271900057792664],"[0, 0, 1, 0]"
72.5199127197,,4558,,1583006377,372483968,"""Soft Sip""",[0.13186083734035492],"[0, 0, 1, 0]"
72.5251908302,,4559,,1583006377,377888917,"""Soft Sip""",[0.12103480100631714],"[0, 0, 1, 0]"
72.5323960781,,4560,,1583006377,383203029,"""Soft Sip""",[0.11017663776874542],"[0, 0, 1, 0]"
72.538079977,,4561,,1583006377,390424966,"""Soft Sip""",[0.12103480100631714],"[0, 0, 1, 0]"
72.5431098938,,4562,,1583006377,396051883,"""Soft Sip""",[0.13186083734035492],"[0, 0, 1, 0]"
72.5487940311,,4563,,1583006377,401093959,"""Soft Sip""",[0.12103480100631714],"[0, 0, 1, 0]"
72.5533094406,,4564,,1583006377,406802892,"""Soft Sip""",[0.11017663776874542],"[0, 0, 1, 0]"
72.5584793091,,4565,,1583006377,411292076,"""Soft Sip""",[0.08846031129360199],"[0, 0, 1, 0]"
72.5660779476,,4566,,1583006377,416630029,"""Soft Sip""",[0.07760214805603027],"[0, 0, 1, 0]"
72.571993351,,4567,,1583006377,424062013,"""Soft Sip""",[0.06674397736787796],"[0, 0, 1, 0]"
72.576587677,,4568,,1583006377,429828882,"""Soft Sip""",[0.05591794103384018],"[0, 0, 1, 0]"
72.5825910568,,4569,,1583006377,434580087,"""Soft Sip""",[0.04505977779626846],"[0, 0, 1, 0]"
72.5873026848,,4570,,1583006377,440570116,"""Soft Sip""",[0.03420161083340645],"[0, 0, 1, 0]"
72.5940537453,,4571,,1583006377,445322990,"""Soft Sip""",[0.023343447595834732],"[0, 0, 1, 0]"
72.6020176411,,4572,,1583006377,452025890,"""Soft Sip""",[0.012485282495617867],"[0, 0, 1, 0]"
72.6028232574,,4573,,1583006377,459996938,"""Zero Band""",[0.0016592431347817183],"[0, 0, 0, 0]"
72.6035637856,,4574,,1583006377,460832118,"""Zero Band""",[-0.0],"[0, 0, 0, 0]"
72.6043913364,,4575,,1583006377,461536884,"""Zero Band""",[-0.0],"[0, 0, 0, 0]"
72.6050591469,,4576,,1583006377,462275028,"""Zero Band""",[-0.0],"[0, 0, 0, 0]"
72.6058323383,,4577,,1583006377,463126897,"""Zero Band""",[0.0016592431347817183],"[0, 0, 0, 0]"
72.6104569435,,4578,,1583006377,463808059,"""Soft Sip""",[0.012485282495617867],"[0, 0, 1, 0]"
72.6165635586,,4579,,1583006377,468439102,"""Soft Sip""",[0.023343447595834732],"[0, 0, 1, 0]"
72.6212730408,,4580,,1583006377,474545001,"""Soft Sip""",[0.012485282495617867],"[0, 0, 1, 0]"
72.6275823116,,4581,,1583006377,479253053,"""Soft Sip""",[0.023343447595834732],"[0, 0, 1, 0]"
72.6343314648,,4582,,1583006377,485548019,"""Soft Sip""",[0.012485282495617867],"[0, 0, 1, 0]"
72.635258913,,4583,,1583006377,492304086,"""Zero Band""",[0.0016592431347817183],"[0, 0, 0, 0]"
72.6361753941,,4584,,1583006377,493330955,"""Zero Band""",[-0.0],"[0, 0, 0, 0]"
72.6371049881,,4585,,1583006377,494240045,"""Zero Band""",[-0.0],"[0, 0, 0, 0]"
72.6379020214,,4586,,1583006377,495066881,"""Zero Band""",[-0.0],"[0, 0, 0, 0]"
72.6385822296,,4587,,1583006377,495893955,"""Zero Band""",[-0.0],"[0, 0, 0, 0]"
72.6393299103,,4588,,1583006377,496609926,"""Zero Band""",[-0.0],"[0, 0, 0, 0]"
72.6499202251,,4589,,1583006377,506884098,"""Zero Band""",[-0.0],"[0, 0, 0, 0]"
72.6557526588,,4590,,1583006377,512825012,"""Zero Band""",[-0.0],"[0, 0, 0, 0]"
72.664206028,,4591,,1583006377,520951032,"""Zero Band""",[0.0016592431347817183],"[0, 0, 0, 0]"
72.6763629913,,4592,,1583006377,528800964,"""Soft Sip""",[0.012485282495617867],"[0, 0, 1, 0]"
72.6842768192,,4593,,1583006377,536843061,"""Soft Sip""",[0.023343447595834732],"[0, 0, 1, 0]"
72.7382245064,,4594,,1583006377,590867042,"""Zero Band""",[0.03420161083340645],"[0, 0, 0, 0]"
72.7476942539,,4595,,1583006377,598788022,"""Zero Band""",[0.04505977779626846],"[0, 0, 0, 0]"
72.7558035851,,4596,,1583006377,606810092,"""Zero Band""",[0.05591794103384018],"[0, 0, 0, 0]"
72.7669956684,,4597,,1583006377,618870019,"""Zero Band""",[0.06674397736787796],"[0, 0, 0, 0]"
72.771848917,,4598,,1583006377,625102996,"""Zero Band""",[0.05591794103384018],"[0, 0, 0, 0]"
72.7824084759,,4599,,1583006377,634833097,"""Zero Band""",[0.04505977779626846],"[0, 0, 0, 0]"
72.7882602215,,4600,,1583006377,640820026,"""Zero Band""",[0.03420161083340645],"[0, 0, 0, 0]"
72.8018314838,,4601,,1583006377,652842998,"""Zero Band""",[0.023343447595834732],"[0, 0, 0, 0]"
72.8186895847,,4602,,1583006377,668879985,"""Zero Band""",[0.012485282495617867],"[0, 0, 0, 0]"
72.8299684525,,4603,,1583006377,687001943,"""Zero Band""",[0.0016592431347817183],"[0, 0, 0, 0]"
72.8462748528,,4604,,1583006377,702904939,"""Zero Band""",[-0.0],"[0, 0, 0, 0]"
72.8581016064,,4605,,1583006377,714864969,"""Zero Band""",[-0.0],"[0, 0, 0, 0]"
72.8668646812,,4606,,1583006377,722949981,"""Zero Band""",[-0.0],"[0, 0, 0, 0]"
72.8717980385,,4607,,1583006377,728843927,"""Zero Band""",[0.0016592431347817183],"[0, 0, 0, 0]"
72.8777985573,,4608,,1583006377,730807065,"""Zero Band""",[0.012485282495617867],"[0, 0, 0, 0]"
72.8828451633,,4609,,1583006377,735857963,"""Zero Band""",[0.023343447595834732],"[0, 0, 0, 0]"
72.887491703,,4610,,1583006377,740905046,"""Zero Band""",[0.04505977779626846],"[0, 0, 0, 0]"
72.8943908215,,4611,,1583006377,745543003,"""Zero Band""",[0.05591794103384018],"[0, 0, 0, 0]"
72.9017293453,,4612,,1583006377,752366065,"""Zero Band""",[0.07760214805603027],"[0, 0, 0, 0]"
72.9084084034,,4613,,1583006377,759728908,"""Zero Band""",[0.08846031129360199],"[0, 0, 0, 0]"
72.9148776531,,4614,,1583006377,766555070,"""Zero Band""",[0.11017663776874542],"[0, 0, 0, 0]"
72.9206278324,,4615,,1583006377,772860050,"""Zero Band""",[0.13186083734035492],"[0, 0, 0, 0]"
72.9257855415,,4616,,1583006377,778606891,"""Zero Band""",[0.16443534195423126],"[0, 0, 0, 0]"
72.9327456951,,4617,,1583006377,783462047,"""Zero Band""",[0.18611954152584076],"[0, 0, 0, 0]"
72.9397988319,,4618,,1583006377,790714979,"""Zero Band""",[0.2078358680009842],"[0, 0, 0, 0]"
72.9476454258,,4619,,1583006377,797931909,"""Zero Band""",[0.2403782308101654],"[0, 0, 0, 0]"
72.9528820515,,4620,,1583006377,805531978,"""Zero Band""",[0.26209455728530884],"[0, 0, 0, 0]"
72.9580206871,,4621,,1583006377,810765981,"""Zero Band""",[0.28381088376045227],"[0, 0, 0, 0]"
72.9589269161,,4622,,1583006377,816147089,"""Soft-Hard Sip Deadband""",[0.30549511313438416],"[0, 0, 0, 0]"
72.959710598,,4623,,1583006377,816910028,"""Soft-Hard Sip Deadband""",[0.3272114396095276],"[0, 0, 0, 0]"
72.9605548382,,4624,,1583006377,817691087,"""Soft-Hard Sip Deadband""",[0.3380695879459381],"[0, 0, 0, 0]"
72.961271286,,4625,,1583006377,818531036,"""Soft-Hard Sip Deadband""",[0.348927766084671],"[0, 0, 0, 0]"
72.9620668888,,4626,,1583006377,819251060,"""Soft-Hard Sip Deadband""",[0.3706119656562805],"[0, 0, 0, 0]"
72.9629311562,,4627,,1583006377,820039987,"""Soft-Hard Sip Deadband""",[0.38147011399269104],"[0, 0, 0, 0]"
72.9637305737,,4628,,1583006377,820816993,"""Soft-Hard Sip Deadband""",[0.3706119656562805],"[0, 0, 0, 0]"
72.9644238949,,4629,,1583006377,821706056,"""Soft-Hard Sip Deadband""",[0.3597537875175476],"[0, 0, 0, 0]"
72.96519804,,4630,,1583006377,822520971,"""Soft-Hard Sip Deadband""",[0.348927766084671],"[0, 0, 0, 0]"
72.965916872,,4631,,1583006377,823172092,"""Soft-Hard Sip Deadband""",[0.3272114396095276],"[0, 0, 0, 0]"
72.9666829109,,4632,,1583006377,823895931,"""Soft-Hard Sip Deadband""",[0.3163532614707947],"[0, 0, 0, 0]"
72.9734208584,,4633,,1583006377,824661016,"""Zero Band""",[0.2946690618991852],"[0, 0, 0, 0]"
72.978918314,,4634,,1583006377,831290960,"""Zero Band""",[0.27295273542404175],"[0, 0, 0, 0]"
72.9839601517,,4635,,1583006377,836901903,"""Zero Band""",[0.2512364089488983],"[0, 0, 0, 0]"
72.991402626,,4636,,1583006377,842047929,"""Zero Band""",[0.2078358680009842],"[0, 0, 0, 0]"
72.9959414005,,4637,,1583006377,849380970,"""Zero Band""",[0.19697770476341248],"[0, 0, 0, 0]"
73.0024416447,,4638,,1583006377,854072093,"""Zero Band""",[0.17529350519180298],"[0, 0, 0, 0]"
73.0096590519,,4639,,1583006377,860411882,"""Zero Band""",[0.15357716381549835],"[0, 0, 0, 0]"
73.0159122944,,4640,,1583006377,867654085,"""Zero Band""",[0.11017663776874542],"[0, 0, 0, 0]"
73.0211205482,,4641,,1583006377,873908042,"""Zero Band""",[0.06674397736787796],"[0, 0, 0, 0]"
73.0279102325,,4642,,1583006377,879265069,"""Zero Band""",[0.04505977779626846],"[0, 0, 0, 0]"
73.0336117744,,4643,,1583006377,885886907,"""Zero Band""",[0.03420161083340645],"[0, 0, 0, 0]"
73.0394442081,,4644,,1583006377,891721010,"""Zero Band""",[0.012485282495617867],"[0, 0, 0, 0]"
73.0403425694,,4645,,1583006377,897330045,"""Zero Band""",[-0.0],"[0, 0, 0, 0]"
73.0411589146,,4646,,1583006377,898317098,"""Zero Band""",[-0.0],"[0, 0, 0, 0]"
73.0417730808,,4647,,1583006377,899035930,"""Zero Band""",[-0.0],"[0, 0, 0, 0]"
73.0424909592,,4648,,1583006377,899755001,"""Zero Band""",[-0.0],"[0, 0, 0, 0]"
73.043254137,,4649,,1583006377,900554895,"""Zero Band""",[-0.0],"[0, 0, 0, 0]"
73.0433757305,,4650,,1583006377,900554895,"""input stopped""",[-0.0],"[0, 0, 0, 0]"
73.2651276588,,4651,,1583006378,121916055,"""Zero Band""",[-0.0],"[0, 0, 0, 0]"
73.2716305256,,4652,,1583006378,128797054,"""Zero Band""",[-0.0016271184431388974],"[0, 0, 0, 0]"
73.2774157524,,4653,,1583006378,130795955,"""Zero Band""",[-0.023311322554945946],"[0, 0, 0, 0]"
73.282412529,,4654,,1583006378,135488033,"""Zero Band""",[-0.04502765089273453],"[0, 0, 0, 0]"
73.2872545719,,4655,,1583006378,140510082,"""Zero Band""",[-0.06671185791492462],"[0, 0, 0, 0]"
73.2934350967,,4656,,1583006378,145257949,"""Zero Band""",[-0.11014451086521149],"[0, 0, 0, 0]"
73.2988657951,,4657,,1583006378,151571035,"""Zero Band""",[-0.13182871043682098],"[0, 0, 0, 0]"
73.3052976131,,4658,,1583006378,156853914,"""Zero Band""",[-0.1535450518131256],"[0, 0, 0, 0]"
73.313434124,,4659,,1583006378,163278102,"""Zero Band""",[-0.18608741462230682],"[0, 0, 0, 0]"
73.3183038235,,4660,,1583006378,171420097,"""Zero Band""",[-0.20780374109745026],"[0, 0, 0, 0]"
73.3234312534,,4661,,1583006378,176035881,"""Zero Band""",[-0.24034611880779266],"[0, 0, 0, 0]"
73.3284635544,,4662,,1583006378,181529045,"""Zero Band""",[-0.2729206085205078],"[0, 0, 0, 0]"
73.3297290802,,4663,,1583006378,186449050,"""Soft-Hard Puff Deadband""",[-0.3054629862308502],"[0, 0, 0, 0]"
73.3308582306,,4664,,1583006378,187694072,"""Soft-Hard Puff Deadband""",[-0.3380374610424042],"[0, 0, 0, 0]"
73.3316886425,,4665,,1583006378,188841104,"""Soft-Hard Puff Deadband""",[-0.3814379870891571],"[0, 0, 0, 0]"
73.3325026035,,4666,,1583006378,189618110,"""Soft-Hard Puff Deadband""",[-0.41401249170303345],"[0, 0, 0, 0]"
73.3333649635,,4667,,1583006378,190515995,"""Soft-Hard Puff Deadband""",[-0.44655486941337585],"[0, 0, 0, 0]"
73.3342080116,,4668,,1583006378,191459894,"""Soft-Hard Puff Deadband""",[-0.4790972173213959],"[0, 0, 0, 0]"
73.3406772614,,4669,,1583006378,192190885,"""Zero Band""",[-0.5116717219352722],"[0, 0, 0, 0]"
73.3469674587,,4670,,1583006378,198646068,"""Zero Band""",[-0.5333559513092041],"[0, 0, 0, 0]"
73.3516561985,,4671,,1583006378,204916000,"""Zero Band""",[-0.576788604259491],"[0, 0, 0, 0]"
73.356389761,,4672,,1583006378,209635972,"""Zero Band""",[-0.609330952167511],"[0, 0, 0, 0]"
73.3612957001,,4673,,1583006378,214473009,"""Zero Band""",[-0.6419054269790649],"[0, 0, 0, 0]"
73.3674333096,,4674,,1583006378,219269037,"""Zero Band""",[-0.6853059530258179],"[0, 0, 0, 0]"
73.3747596741,,4675,,1583006378,225377082,"""Zero Band""",[-0.7178483605384827],"[0, 0, 0, 0]"
73.3820457458,,4676,,1583006378,232733011,"""Zero Band""",[-0.7504228353500366],"[0, 0, 0, 0]"
73.3868601322,,4677,,1583006378,240174055,"""Zero Band""",[-0.7938233613967896],"[0, 0, 0, 0]"
73.391898632,,4678,,1583006378,244883060,"""Zero Band""",[-0.8155397176742554],"[0, 0, 0, 0]"
73.397601366,,4679,,1583006378,249880075,"""Zero Band""",[-0.8480820655822754],"[0, 0, 0, 0]"
73.4043490887,,4680,,1583006378,255573987,"""Zero Band""",[-0.8914825916290283],"[0, 0, 0, 0]"
73.4104709625,,4681,,1583006378,262321949,"""Zero Band""",[-0.9131989479064941],"[0, 0, 0, 0]"
73.4177470207,,4682,,1583006378,268450021,"""Zero Band""",[-0.9457412958145142],"[0, 0, 0, 0]"
73.4230542183,,4683,,1583006378,275726079,"""Zero Band""",[-0.9783157706260681],"[0, 0, 0, 0]"
73.4303643703,,4684,,1583006378,281033039,"""Zero Band""",[-1.0],"[0, 0, 0, 0]"
73.6008322239,,4685,,1583006378,452943086,"""Zero Band""",[-0.989173948764801],"[0, 0, 0, 0]"
73.6068546772,,4686,,1583006378,458877086,"""Zero Band""",[-0.9783157706260681],"[0, 0, 0, 0]"
73.611989975,,4687,,1583006378,464895009,"""Zero Band""",[-0.96745765209198],"[0, 0, 0, 0]"
73.6208636761,,4688,,1583006378,472850084,"""Zero Band""",[-0.9783157706260681],"[0, 0, 0, 0]"
73.6259393692,,4689,,1583006378,478940963,"""Zero Band""",[-0.989173948764801],"[0, 0, 0, 0]"
73.6329057217,,4690,,1583006378,483920097,"""Zero Band""",[-1.0],"[0, 0, 0, 0]"
73.6493844986,,4691,,1583006378,500833988,"""Zero Band""",[-0.989173948764801],"[0, 0, 0, 0]"
73.6555771828,,4692,,1583006378,507458925,"""Zero Band""",[-0.9783157706260681],"[0, 0, 0, 0]"
73.6608715057,,4693,,1583006378,513618946,"""Zero Band""",[-0.9565994739532471],"[0, 0, 0, 0]"
73.6671872139,,4694,,1583006378,518909931,"""Zero Band""",[-0.9457412958145142],"[0, 0, 0, 0]"
73.672973156,,4695,,1583006378,525266885,"""Zero Band""",[-0.9349152445793152],"[0, 0, 0, 0]"
73.6784183979,,4696,,1583006378,530978918,"""Zero Band""",[-0.924057126045227],"[0, 0, 0, 0]"
73.6843118668,,4697,,1583006378,536391973,"""Zero Band""",[-0.9023407697677612],"[0, 0, 0, 0]"
73.6902246475,,4698,,1583006378,542304992,"""Zero Band""",[-0.8914825916290283],"[0, 0, 0, 0]"
73.6962163448,,4699,,1583006378,548357963,"""Zero Band""",[-0.8697984218597412],"[0, 0, 0, 0]"
73.7024981976,,4700,,1583006378,554189920,"""Zero Band""",[-0.8480820655822754],"[0, 0, 0, 0]"
73.7090990543,,4701,,1583006378,560478925,"""Zero Band""",[-0.8263657689094543],"[0, 0, 0, 0]"
73.7161133289,,4702,,1583006378,567228078,"""Zero Band""",[-0.8046815395355225],"[0, 0, 0, 0]"
73.7207319736,,4703,,1583006378,574086904,"""Zero Band""",[-0.7829651832580566],"[0, 0, 0, 0]"
73.7273240089,,4704,,1583006378,578701019,"""Zero Band""",[-0.7504228353500366],"[0, 0, 0, 0]"
73.7325575352,,4705,,1583006378,585302114,"""Zero Band""",[-0.7287065386772156],"[0, 0, 0, 0]"
73.7374925613,,4706,,1583006378,590574979,"""Zero Band""",[-0.6961641311645508],"[0, 0, 0, 0]"
73.7423131466,,4707,,1583006378,595469951,"""Zero Band""",[-0.6744478344917297],"[0, 0, 0, 0]"
73.7479600906,,4708,,1583006378,600466012,"""Zero Band""",[-0.6419054269790649],"[0, 0, 0, 0]"
73.7532174587,,4709,,1583006378,605936050,"""Zero Band""",[-0.609330952167511],"[0, 0, 0, 0]"
73.7595322132,,4710,,1583006378,611253976,"""Zero Band""",[-0.576788604259491],"[0, 0, 0, 0]"
73.7647862434,,4711,,1583006378,617430925,"""Zero Band""",[-0.5442140698432922],"[0, 0, 0, 0]"
73.7698113918,,4712,,1583006378,622795104,"""Zero Band""",[-0.5116717219352722],"[0, 0, 0, 0]"
73.7707016468,,4713,,1583006378,627820014,"""Soft-Hard Puff Deadband""",[-0.4790972173213959],"[0, 0, 0, 0]"
73.771702528,,4714,,1583006378,628685951,"""Soft-Hard Puff Deadband""",[-0.4574130177497864],"[0, 0, 0, 0]"
73.7725243568,,4715,,1583006378,629832029,"""Soft-Hard Puff Deadband""",[-0.4248385429382324],"[0, 0, 0, 0]"
73.7732448578,,4716,,1583006378,630506038,"""Soft-Hard Puff Deadband""",[-0.39229616522789],"[0, 0, 0, 0]"
73.7739217281,,4717,,1583006378,631238937,"""Soft-Hard Puff Deadband""",[-0.35972166061401367],"[0, 0, 0, 0]"
73.7746703625,,4718,,1583006378,631900072,"""Soft-Hard Puff Deadband""",[-0.3380374610424042],"[0, 0, 0, 0]"
73.7754030228,,4719,,1583006378,632647991,"""Soft-Hard Puff Deadband""",[-0.3054629862308502],"[0, 0, 0, 0]"
73.7805500031,,4720,,1583006378,633378028,"""Zero Band""",[-0.28377875685691833],"[0, 0, 0, 0]"
73.7863204479,,4721,,1583006378,638530969,"""Zero Band""",[-0.2512042820453644],"[0, 0, 0, 0]"
73.7921261787,,4722,,1583006378,644300937,"""Zero Band""",[-0.2295200675725937],"[0, 0, 0, 0]"
73.7991800308,,4723,,1583006378,650099992,"""Zero Band""",[-0.20780374109745026],"[0, 0, 0, 0]"
73.8038067818,,4724,,1583006378,657155990,"""Zero Band""",[-0.18608741462230682],"[0, 0, 0, 0]"
73.8094027042,,4725,,1583006378,661806106,"""Zero Band""",[-0.16440321505069733],"[0, 0, 0, 0]"
73.816655159,,4726,,1583006378,667263984,"""Zero Band""",[-0.1426868885755539],"[0, 0, 0, 0]"
73.8230936527,,4727,,1583006378,674490928,"""Zero Band""",[-0.1210026741027832],"[0, 0, 0, 0]"
73.8286347389,,4728,,1583006378,681301116,"""Zero Band""",[-0.11014451086521149],"[0, 0, 0, 0]"
73.8342165947,,4729,,1583006378,686611890,"""Zero Band""",[-0.08842818439006805],"[0, 0, 0, 0]"
73.8390009403,,4730,,1583006378,692192077,"""Zero Band""",[-0.06671185791492462],"[0, 0, 0, 0]"
73.8456504345,,4731,,1583006378,696995019,"""Zero Band""",[-0.04502765089273453],"[0, 0, 0, 0]"
73.8527445793,,4732,,1583006378,703502893,"""Zero Band""",[-0.03416948765516281],"[0, 0, 0, 0]"
73.8578498363,,4733,,1583006378,710712909,"""Zero Band""",[-0.023311322554945946],"[0, 0, 0, 0]"
73.858686924,,4734,,1583006378,715854883,"""Zero Band""",[-0.0016271184431388974],"[0, 0, 0, 0]"
73.8595423698,,4735,,1583006378,716665029,"""Zero Band""",[-0.0],"[0, 0, 0, 0]"
73.8602502346,,4736,,1583006378,717458009,"""Zero Band""",[-0.0],"[0, 0, 0, 0]"
73.861007452,,4737,,1583006378,718219041,"""Zero Band""",[-0.0],"[0, 0, 0, 0]"
73.8618440628,,4738,,1583006378,718972921,"""Zero Band""",[-0.0],"[0, 0, 0, 0]"
73.8626801968,,4739,,1583006378,719798088,"""Zero Band""",[-0.0],"[0, 0, 0, 0]"
73.8638396263,,4741,,1583006378,720659971,"""input stopped""",[-0.0],"[0, 0, 0, 0]"
73.8649611473,,4742,,1583006378,722054004,"""Zero Band""",[-0.0],"[0, 0, 0, 0]"
73.8657646179,,4743,,1583006378,722816944,"""Zero Band""",[-0.0],"[0, 0, 0, 0]"
73.8713819981,,4744,,1583006378,723773956,"""Zero Band""",[0.03420161083340645],"[0, 0, 0, 0]"
73.8761646748,,4745,,1583006378,729362964,"""Zero Band""",[0.06674397736787796],"[0, 0, 0, 0]"
73.8828799725,,4746,,1583006378,734143018,"""Zero Band""",[0.12103480100631714],"[0, 0, 0, 0]"
73.8889975548,,4747,,1583006378,740858078,"""Zero Band""",[0.17529350519180298],"[0, 0, 0, 0]"
73.8947651386,,4748,,1583006378,746999025,"""Zero Band""",[0.22955219447612762],"[0, 0, 0, 0]"
73.9013948441,,4749,,1583006378,752594947,"""Zero Band""",[0.28381088376045227],"[0, 0, 0, 0]"
73.9023735523,,4750,,1583006378,759396076,"""Soft-Hard Sip Deadband""",[0.3597537875175476],"[0, 0, 0, 0]"
73.9032216072,,4751,,1583006378,760371923,"""Soft-Hard Sip Deadband""",[0.42487066984176636],"[0, 0, 0, 0]"
73.9040346146,,4752,,1583006378,761214017,"""Soft-Hard Sip Deadband""",[0.4899875223636627],"[0, 0, 0, 0]"
73.9087693691,,4753,,1583006378,762037992,"""Hard Sip""",[0.5768207311630249],"[0, 0, 0, 1]"
73.9136493206,,4754,,1583006378,766755104,"""Hard Sip""",[0.6419375538825989],"[0, 0, 0, 1]"
73.9197175503,,4755,,1583006378,771642923,"""Zero Band""",[0.7178804874420166],"[0, 0, 0, 0]"
73.9241764545,,4756,,1583006378,777698040,"""Zero Band""",[0.8155718445777893],"[0, 0, 0, 0]"
73.9286649227,,4757,,1583006378,782150983,"""Zero Band""",[0.8915147185325623],"[0, 0, 0, 0]"
73.9333832264,,4758,,1583006378,786556959,"""Zero Band""",[0.9674897789955139],"[0, 0, 0, 0]"
73.9389572144,,4759,,1583006378,791361093,"""Zero Band""",[1.0],"[0, 0, 0, 0]"
74.2150161266,,4760,,1583006379,48917055,"""Zero Band""",[0.978347897529602],"[0, 0, 0, 0]"
74.2205541134,,4761,,1583006379,73134899,"""Zero Band""",[0.8806886672973633],"[0, 0, 0, 0]"
74.2253055573,,4762,,1583006379,78538894,"""Zero Band""",[0.8155718445777893],"[0, 0, 0, 0]"
74.2314314842,,4763,,1583006379,83244085,"""Zero Band""",[0.7395967841148376],"[0, 0, 0, 0]"
74.237408638,,4764,,1583006379,89436054,"""Zero Band""",[0.6636217832565308],"[0, 0, 0, 0]"
74.2447874546,,4765,,1583006379,95380067,"""Zero Band""",[0.598504900932312],"[0, 0, 0, 0]"
74.2524011135,,4766,,1583006379,102773904,"""Zero Band""",[0.5442461967468262],"[0, 0, 0, 0]"
74.2533633709,,4767,,1583006379,110388040,"""Soft-Hard Sip Deadband""",[0.4683033227920532],"[0, 0, 0, 0]"
74.2544295788,,4768,,1583006379,111342906,"""Soft-Hard Sip Deadband""",[0.4140446186065674],"[0, 0, 0, 0]"
74.2552051544,,4769,,1583006379,112330913,"""Soft-Hard Sip Deadband""",[0.3706119656562805],"[0, 0, 0, 0]"
74.2562246323,,4770,,1583006379,113377094,"""Soft-Hard Sip Deadband""",[0.30549511313438416],"[0, 0, 0, 0]"
74.2616252899,,4771,,1583006379,114218950,"""Zero Band""",[0.26209455728530884],"[0, 0, 0, 0]"
74.2670283318,,4772,,1583006379,119327068,"""Zero Band""",[0.22955219447612762],"[0, 0, 0, 0]"
74.272592783,,4773,,1583006379,125014066,"""Zero Band""",[0.17529350519180298],"[0, 0, 0, 0]"
74.2805013657,,4774,,1583006379,130578994,"""Zero Band""",[0.14271900057792664],"[0, 0, 0, 0]"
74.2875835896,,4775,,1583006379,138504981,"""Zero Band""",[0.11017663776874542],"[0, 0, 0, 0]"
74.2932901382,,4776,,1583006379,145358085,"""Zero Band""",[0.06674397736787796],"[0, 0, 0, 0]"
74.2991907597,,4777,,1583006379,151437044,"""Zero Band""",[0.04505977779626846],"[0, 0, 0, 0]"
74.3039445877,,4778,,1583006379,157167911,"""Zero Band""",[0.012485282495617867],"[0, 0, 0, 0]"
74.3047297001,,4779,,1583006379,161902904,"""Zero Band""",[-0.0],"[0, 0, 0, 0]"
74.3055195808,,4780,,1583006379,162715911,"""Zero Band""",[-0.0],"[0, 0, 0, 0]"
74.3064205647,,4781,,1583006379,163481950,"""Zero Band""",[-0.0],"[0, 0, 0, 0]"
74.3075416088,,4782,,1583006379,164410114,"""Zero Band""",[-0.0],"[0, 0, 0, 0]"
74.3075525761,,4783,,1583006379,164410114,"""input stopped""",[-0.0],"[0, 0, 0, 0]"
75.0929691792,,4784,,1583006379,949830055,"""Zero Band""",[-0.0],"[0, 0, 0, 0]"
75.1341450214,,4785,,1583006379,990930080,"""Zero Band""",[-0.0],"[0, 0, 0, 0]"
75.1377823353,,4786,,1583006379,994831085,"""Zero Band""",[-0.0],"[0, 0, 0, 0]"
75.1396520138,,4787,,1583006379,996809959,"""Zero Band""",[-0.0],"[0, 0, 0, 0]"
75.1496970654,,4788,,1583006380,6819963,"""Zero Band""",[-0.0],"[0, 0, 0, 0]"
75.1682026386,,4789,,1583006380,24940013,"""Zero Band""",[-0.0],"[0, 0, 0, 0]"
75.1825191975,,4790,,1583006380,39011001,"""Zero Band""",[-0.0],"[0, 0, 0, 0]"
75.1978521347,,4791,,1583006380,54908037,"""Zero Band""",[-0.0016271184431388974],"[0, 0, 0, 0]"
75.2224624157,,4792,,1583006380,74953079,"""Soft Puff""",[-0.012453158386051655],"[0, 1, 0, 0]"
75.2391946316,,4793,,1583006380,90970039,"""Soft Puff""",[-0.023311322554945946],"[0, 1, 0, 0]"
75.285374403,,4794,,1583006380,136919021,"""Soft Puff""",[-0.03416948765516281],"[0, 1, 0, 0]"
75.3423964977,,4795,,1583006380,194855928,"""Soft Puff""",[-0.04502765089273453],"[0, 1, 0, 0]"
75.3505399227,,4796,,1583006380,200516939,"""Soft Puff""",[-0.03416948765516281],"[0, 1, 0, 0]"
75.3558299541,,4797,,1583006380,208524942,"""Soft Puff""",[-0.04502765089273453],"[0, 1, 0, 0]"
75.3705751896,,4798,,1583006380,222898960,"""Soft Puff""",[-0.055885814130306244],"[0, 1, 0, 0]"
75.3980352879,,4799,,1583006380,248939990,"""Soft Puff""",[-0.06671185791492462],"[0, 1, 0, 0]"
75.4283475876,,4800,,1583006380,280899047,"""Soft Puff""",[-0.07757002115249634],"[0, 1, 0, 0]"
75.4510977268,,4801,,1583006380,302885055,"""Soft Puff""",[-0.08842818439006805],"[0, 1, 0, 0]"
75.4730348587,,4802,,1583006380,324887990,"""Soft Puff""",[-0.09928634762763977],"[0, 1, 0, 0]"
75.4777796268,,4803,,1583006380,331083059,"""Soft Puff""",[-0.08842818439006805],"[0, 1, 0, 0]"
75.484597683,,4804,,1583006380,336803913,"""Soft Puff""",[-0.09928634762763977],"[0, 1, 0, 0]"
75.559953928,,4805,,1583006380,410953044,"""Soft Puff""",[-0.08842818439006805],"[0, 1, 0, 0]"
75.5653326511,,4806,,1583006380,417963027,"""Soft Puff""",[-0.09928634762763977],"[0, 1, 0, 0]"
75.5708124638,,4807,,1583006380,423408031,"""Soft Puff""",[-0.08842818439006805],"[0, 1, 0, 0]"
75.6626327038,,4808,,1583006380,514897108,"""Soft Puff""",[-0.09928634762763977],"[0, 1, 0, 0]"
75.6720745564,,4809,,1583006380,524862051,"""Soft Puff""",[-0.08842818439006805],"[0, 1, 0, 0]"
75.6785259247,,4810,,1583006380,529984951,"""Soft Puff""",[-0.09928634762763977],"[0, 1, 0, 0]"
75.6842906475,,4811,,1583006380,536596059,"""Soft Puff""",[-0.08842818439006805],"[0, 1, 0, 0]"
75.8171541691,,4812,,1583006380,668956041,"""Soft Puff""",[-0.07757002115249634],"[0, 1, 0, 0]"
75.8221108913,,4813,,1583006380,675049066,"""Soft Puff""",[-0.08842818439006805],"[0, 1, 0, 0]"
75.8346598148,,4814,,1583006380,686878919,"""Soft Puff""",[-0.07757002115249634],"[0, 1, 0, 0]"
75.839315176,,4815,,1583006380,692708969,"""Soft Puff""",[-0.08842818439006805],"[0, 1, 0, 0]"
75.8543913364,,4816,,1583006380,704884052,"""Soft Puff""",[-0.07757002115249634],"[0, 1, 0, 0]"
75.8608226776,,4817,,1583006380,712488889,"""Soft Puff""",[-0.08842818439006805],"[0, 1, 0, 0]"
75.9905247688,,4818,,1583006380,842884063,"""Soft Puff""",[-0.07757002115249634],"[0, 1, 0, 0]"
75.9957885742,,4819,,1583006380,848568916,"""Soft Puff""",[-0.08842818439006805],"[0, 1, 0, 0]"
76.0028457642,,4820,,1583006380,854861974,"""Soft Puff""",[-0.07757002115249634],"[0, 1, 0, 0]"
76.0075554848,,4821,,1583006380,860899925,"""Soft Puff""",[-0.08842818439006805],"[0, 1, 0, 0]"
76.0125131607,,4822,,1583006380,865634918,"""Soft Puff""",[-0.07757002115249634],"[0, 1, 0, 0]"
76.0191674232,,4823,,1583006380,870529890,"""Soft Puff""",[-0.08842818439006805],"[0, 1, 0, 0]"
76.0249316692,,4824,,1583006380,877255916,"""Soft Puff""",[-0.07757002115249634],"[0, 1, 0, 0]"
76.0320422649,,4825,,1583006380,882996082,"""Soft Puff""",[-0.08842818439006805],"[0, 1, 0, 0]"
76.0378777981,,4826,,1583006380,890153884,"""Soft Puff""",[-0.07757002115249634],"[0, 1, 0, 0]"
76.0722846985,,4827,,1583006380,924921989,"""Soft Puff""",[-0.06671185791492462],"[0, 1, 0, 0]"
76.0800452232,,4828,,1583006380,932831048,"""Soft Puff""",[-0.07757002115249634],"[0, 1, 0, 0]"
76.0876500607,,4829,,1583006380,938101053,"""Soft Puff""",[-0.06671185791492462],"[0, 1, 0, 0]"
76.0924019814,,4830,,1583006380,945663928,"""Soft Puff""",[-0.07757002115249634],"[0, 1, 0, 0]"
76.097468853,,4831,,1583006380,950444936,"""Soft Puff""",[-0.06671185791492462],"[0, 1, 0, 0]"
76.1365783215,,4832,,1583006380,989116907,"""Soft Puff""",[-0.07757002115249634],"[0, 1, 0, 0]"
76.1420674324,,4833,,1583006380,994656085,"""Soft Puff""",[-0.06671185791492462],"[0, 1, 0, 0]"
76.1498599052,,4834,,1583006381,200986,"""Soft Puff""",[-0.07757002115249634],"[0, 1, 0, 0]"
76.1991870403,,4835,,1583006381,50853967,"""Soft Puff""",[-0.06671185791492462],"[0, 1, 0, 0]"
76.2373979092,,4836,,1583006381,88926076,"""Soft Puff""",[-0.07757002115249634],"[0, 1, 0, 0]"
76.2432107925,,4837,,1583006381,95393896,"""Soft Puff""",[-0.06671185791492462],"[0, 1, 0, 0]"
76.2492752075,,4838,,1583006381,101321935,"""Soft Puff""",[-0.07757002115249634],"[0, 1, 0, 0]"
76.2551355362,,4839,,1583006381,107403039,"""Soft Puff""",[-0.06671185791492462],"[0, 1, 0, 0]"
76.2617306709,,4840,,1583006381,113169908,"""Soft Puff""",[-0.07757002115249634],"[0, 1, 0, 0]"
76.3360373974,,4841,,1583006381,188883066,"""Soft Puff""",[-0.06671185791492462],"[0, 1, 0, 0]"
76.3410930634,,4842,,1583006381,194044113,"""Soft Puff""",[-0.07757002115249634],"[0, 1, 0, 0]"
76.345705986,,4843,,1583006381,199156999,"""Soft Puff""",[-0.06671185791492462],"[0, 1, 0, 0]"
76.3649532795,,4844,,1583006381,216862916,"""Soft Puff""",[-0.07757002115249634],"[0, 1, 0, 0]"
76.3709561825,,4845,,1583006381,223021984,"""Soft Puff""",[-0.06671185791492462],"[0, 1, 0, 0]"
76.3837411404,,4846,,1583006381,236880064,"""Soft Puff""",[-0.07757002115249634],"[0, 1, 0, 0]"
76.39021945,,4847,,1583006381,242795944,"""Soft Puff""",[-0.06671185791492462],"[0, 1, 0, 0]"
76.4854640961,,4848,,1583006381,336977958,"""Soft Puff""",[-0.055885814130306244],"[0, 1, 0, 0]"
76.4902570248,,4849,,1583006381,343522071,"""Soft Puff""",[-0.06671185791492462],"[0, 1, 0, 0]"
76.5048472881,,4850,,1583006381,356904029,"""Soft Puff""",[-0.055885814130306244],"[0, 1, 0, 0]"
76.5100474358,,4851,,1583006381,362750053,"""Soft Puff""",[-0.06671185791492462],"[0, 1, 0, 0]"
76.5159862041,,4852,,1583006381,368104934,"""Soft Puff""",[-0.055885814130306244],"[0, 1, 0, 0]"
76.5222609043,,4853,,1583006381,374028921,"""Soft Puff""",[-0.06671185791492462],"[0, 1, 0, 0]"
76.5267300606,,4854,,1583006381,380326032,"""Soft Puff""",[-0.055885814130306244],"[0, 1, 0, 0]"
76.5948088169,,4855,,1583006381,446909904,"""Soft Puff""",[-0.06671185791492462],"[0, 1, 0, 0]"
76.6313278675,,4856,,1583006381,483213901,"""Soft Puff""",[-0.07757002115249634],"[0, 1, 0, 0]"
76.6362388134,,4857,,1583006381,489367008,"""Soft Puff""",[-0.06671185791492462],"[0, 1, 0, 0]"
76.6411304474,,4858,,1583006381,494307041,"""Soft Puff""",[-0.07757002115249634],"[0, 1, 0, 0]"
76.677082777,,4859,,1583006381,528920888,"""Soft Puff""",[-0.06671185791492462],"[0, 1, 0, 0]"
76.6833379269,,4860,,1583006381,535141944,"""Soft Puff""",[-0.07757002115249634],"[0, 1, 0, 0]"
76.6948707104,,4861,,1583006381,547110080,"""Soft Puff""",[-0.06671185791492462],"[0, 1, 0, 0]"
76.6995811462,,4862,,1583006381,552886962,"""Soft Puff""",[-0.07757002115249634],"[0, 1, 0, 0]"
76.7345232964,,4863,,1583006381,587044954,"""Soft Puff""",[-0.08842818439006805],"[0, 1, 0, 0]"
76.7415137291,,4864,,1583006381,592602014,"""Soft Puff""",[-0.07757002115249634],"[0, 1, 0, 0]"
76.7683570385,,4865,,1583006381,620913982,"""Soft Puff""",[-0.08842818439006805],"[0, 1, 0, 0]"
76.77297616,,4866,,1583006381,626399040,"""Soft Puff""",[-0.07757002115249634],"[0, 1, 0, 0]"
76.7792739868,,4867,,1583006381,631046056,"""Soft Puff""",[-0.08842818439006805],"[0, 1, 0, 0]"
76.7887165546,,4868,,1583006381,641000986,"""Soft Puff""",[-0.07757002115249634],"[0, 1, 0, 0]"
76.7953283787,,4869,,1583006381,646781921,"""Soft Puff""",[-0.08842818439006805],"[0, 1, 0, 0]"
76.8021335602,,4870,,1583006381,653373956,"""Soft Puff""",[-0.07757002115249634],"[0, 1, 0, 0]"
76.9709124565,,4871,,1583006381,820938110,"""Soft Puff""",[-0.08842818439006805],"[0, 1, 0, 0]"
76.9767346382,,4872,,1583006381,828999996,"""Soft Puff""",[-0.07757002115249634],"[0, 1, 0, 0]"
76.9813275337,,4873,,1583006381,834783077,"""Soft Puff""",[-0.08842818439006805],"[0, 1, 0, 0]"
76.9876754284,,4874,,1583006381,839418888,"""Soft Puff""",[-0.07757002115249634],"[0, 1, 0, 0]"
76.9937741756,,4875,,1583006381,845737934,"""Soft Puff""",[-0.08842818439006805],"[0, 1, 0, 0]"
77.000125885,,4876,,1583006381,851840972,"""Soft Puff""",[-0.07757002115249634],"[0, 1, 0, 0]"
77.0071864128,,4877,,1583006381,858233928,"""Soft Puff""",[-0.08842818439006805],"[0, 1, 0, 0]"
77.0125451088,,4878,,1583006381,865336894,"""Soft Puff""",[-0.07757002115249634],"[0, 1, 0, 0]"
77.0176301003,,4879,,1583006381,870569944,"""Soft Puff""",[-0.08842818439006805],"[0, 1, 0, 0]"
77.0230226517,,4880,,1583006381,875704050,"""Soft Puff""",[-0.07757002115249634],"[0, 1, 0, 0]"
77.0285212994,,4881,,1583006381,881036996,"""Soft Puff""",[-0.08842818439006805],"[0, 1, 0, 0]"
77.0350131989,,4882,,1583006381,886537075,"""Soft Puff""",[-0.07757002115249634],"[0, 1, 0, 0]"
77.0402092934,,4883,,1583006381,893040895,"""Soft Puff""",[-0.08842818439006805],"[0, 1, 0, 0]"
77.0455665588,,4884,,1583006381,898260116,"""Soft Puff""",[-0.07757002115249634],"[0, 1, 0, 0]"
77.0515460968,,4885,,1583006381,903647899,"""Soft Puff""",[-0.08842818439006805],"[0, 1, 0, 0]"
77.1051723957,,4886,,1583006381,957127094,"""Soft Puff""",[-0.09928634762763977],"[0, 1, 0, 0]"
77.1106543541,,4887,,1583006381,963218927,"""Soft Puff""",[-0.08842818439006805],"[0, 1, 0, 0]"
77.1585094929,,4888,,1583006382,10948896,"""Soft Puff""",[-0.07757002115249634],"[0, 1, 0, 0]"
77.163687706,,4889,,1583006382,16396999,"""Soft Puff""",[-0.08842818439006805],"[0, 1, 0, 0]"
77.1709017754,,4890,,1583006382,21825075,"""Soft Puff""",[-0.07757002115249634],"[0, 1, 0, 0]"
77.1758244038,,4891,,1583006382,28913974,"""Soft Puff""",[-0.08842818439006805],"[0, 1, 0, 0]"
77.2190787792,,4892,,1583006382,70858001,"""Soft Puff""",[-0.09928634762763977],"[0, 1, 0, 0]"
77.2251176834,,4893,,1583006382,77142000,"""Soft Puff""",[-0.08842818439006805],"[0, 1, 0, 0]"
77.25253582,,4894,,1583006382,102917909,"""Soft Puff""",[-0.09928634762763977],"[0, 1, 0, 0]"
77.2584917545,,4895,,1583006382,110575914,"""Soft Puff""",[-0.08842818439006805],"[0, 1, 0, 0]"
77.3661208153,,4896,,1583006382,218827962,"""Soft Puff""",[-0.09928634762763977],"[0, 1, 0, 0]"
77.5205051899,,4897,,1583006382,372945070,"""Soft Puff""",[-0.08842818439006805],"[0, 1, 0, 0]"
77.5267834663,,4898,,1583006382,378578901,"""Soft Puff""",[-0.09928634762763977],"[0, 1, 0, 0]"
77.5413591862,,4899,,1583006382,392983913,"""Soft Puff""",[-0.08842818439006805],"[0, 1, 0, 0]"
77.5481812954,,4900,,1583006382,399476051,"""Soft Puff""",[-0.09928634762763977],"[0, 1, 0, 0]"
77.5556242466,,4901,,1583006382,406160116,"""Soft Puff""",[-0.08842818439006805],"[0, 1, 0, 0]"
77.5633554459,,4902,,1583006382,413736104,"""Soft Puff""",[-0.09928634762763977],"[0, 1, 0, 0]"
77.5702643394,,4903,,1583006382,421430110,"""Soft Puff""",[-0.08842818439006805],"[0, 1, 0, 0]"
77.5758461952,,4904,,1583006382,428349018,"""Soft Puff""",[-0.09928634762763977],"[0, 1, 0, 0]"
77.5818076134,,4905,,1583006382,433898925,"""Soft Puff""",[-0.08842818439006805],"[0, 1, 0, 0]"
77.7376616001,,4906,,1583006382,590894937,"""Soft Puff""",[-0.07757002115249634],"[0, 1, 0, 0]"
77.744228363,,4907,,1583006382,596796035,"""Soft Puff""",[-0.08842818439006805],"[0, 1, 0, 0]"
77.7501988411,,4908,,1583006382,602242946,"""Soft Puff""",[-0.07757002115249634],"[0, 1, 0, 0]"
77.7555158138,,4909,,1583006382,608278036,"""Soft Puff""",[-0.08842818439006805],"[0, 1, 0, 0]"
77.8682906628,,4910,,1583006382,720936059,"""Soft Puff""",[-0.09928634762763977],"[0, 1, 0, 0]"
77.8732340336,,4911,,1583006382,726346015,"""Soft Puff""",[-0.08842818439006805],"[0, 1, 0, 0]"
77.8834249973,,4912,,1583006382,734827041,"""Soft Puff""",[-0.09928634762763977],"[0, 1, 0, 0]"
77.9288449287,,4913,,1583006382,780900001,"""Soft Puff""",[-0.11014451086521149],"[0, 1, 0, 0]"
77.9350488186,,4914,,1583006382,786892890,"""Soft Puff""",[-0.09928634762763977],"[0, 1, 0, 0]"
77.9398736954,,4915,,1583006382,793132066,"""Soft Puff""",[-0.11014451086521149],"[0, 1, 0, 0]"
77.9461452961,,4916,,1583006382,797930955,"""Soft Puff""",[-0.09928634762763977],"[0, 1, 0, 0]"
77.9521799088,,4917,,1583006382,804258108,"""Soft Puff""",[-0.11014451086521149],"[0, 1, 0, 0]"
78.0776820183,,4918,,1583006382,928875923,"""Soft Puff""",[-0.09928634762763977],"[0, 1, 0, 0]"
78.0822896957,,4919,,1583006382,935724020,"""Soft Puff""",[-0.11014451086521149],"[0, 1, 0, 0]"
78.0929403305,,4920,,1583006382,944845914,"""Soft Puff""",[-0.09928634762763977],"[0, 1, 0, 0]"
78.1153357029,,4921,,1583006382,967016935,"""Soft Puff""",[-0.11014451086521149],"[0, 1, 0, 0]"
78.1206357479,,4922,,1583006382,973316907,"""Soft Puff""",[-0.09928634762763977],"[0, 1, 0, 0]"
78.163213253,,4923,,1583006383,15007972,"""Soft Puff""",[-0.08842818439006805],"[0, 1, 0, 0]"
78.1700084209,,4924,,1583006383,21269083,"""Soft Puff""",[-0.09928634762763977],"[0, 1, 0, 0]"
78.1762456894,,4925,,1583006383,28078079,"""Soft Puff""",[-0.08842818439006805],"[0, 1, 0, 0]"
78.1817717552,,4926,,1583006383,34251928,"""Soft Puff""",[-0.09928634762763977],"[0, 1, 0, 0]"
78.1880345345,,4927,,1583006383,39845943,"""Soft Puff""",[-0.08842818439006805],"[0, 1, 0, 0]"
78.2223904133,,4928,,1583006383,74939012,"""Soft Puff""",[-0.07757002115249634],"[0, 1, 0, 0]"
78.2290167809,,4929,,1583006383,80441951,"""Soft Puff""",[-0.08842818439006805],"[0, 1, 0, 0]"
78.2357406616,,4930,,1583006383,87094068,"""Soft Puff""",[-0.07757002115249634],"[0, 1, 0, 0]"
78.240496397,,4931,,1583006383,93812942,"""Soft Puff""",[-0.08842818439006805],"[0, 1, 0, 0]"
78.2464723587,,4932,,1583006383,98566055,"""Soft Puff""",[-0.07757002115249634],"[0, 1, 0, 0]"
78.3558642864,,4933,,1583006383,208941936,"""Soft Puff""",[-0.08842818439006805],"[0, 1, 0, 0]"
78.3607771397,,4934,,1583006383,213923931,"""Soft Puff""",[-0.07757002115249634],"[0, 1, 0, 0]"
78.3669164181,,4935,,1583006383,218868017,"""Soft Puff""",[-0.08842818439006805],"[0, 1, 0, 0]"
78.4217734337,,4936,,1583006383,272926092,"""Soft Puff""",[-0.07757002115249634],"[0, 1, 0, 0]"
78.4265892506,,4937,,1583006383,279788970,"""Soft Puff""",[-0.08842818439006805],"[0, 1, 0, 0]"
78.4360001087,,4938,,1583006383,286869049,"""Soft Puff""",[-0.07757002115249634],"[0, 1, 0, 0]"
78.4448094368,,4939,,1583006383,296817064,"""Soft Puff""",[-0.08842818439006805],"[0, 1, 0, 0]"
78.4513761997,,4940,,1583006383,302898883,"""Soft Puff""",[-0.07757002115249634],"[0, 1, 0, 0]"
78.4627103806,,4941,,1583006383,314884901,"""Soft Puff""",[-0.08842818439006805],"[0, 1, 0, 0]"
78.4687056541,,4942,,1583006383,320724964,"""Soft Puff""",[-0.07757002115249634],"[0, 1, 0, 0]"
78.9070065022,,4943,,1583006383,758985042,"""Soft Puff""",[-0.06671185791492462],"[0, 1, 0, 0]"
78.9118778706,,4944,,1583006383,765075922,"""Soft Puff""",[-0.07757002115249634],"[0, 1, 0, 0]"
78.9247932434,,4945,,1583006383,776881933,"""Soft Puff""",[-0.06671185791492462],"[0, 1, 0, 0]"
78.9300096035,,4946,,1583006383,782871007,"""Soft Puff""",[-0.07757002115249634],"[0, 1, 0, 0]"
78.9353244305,,4947,,1583006383,788064956,"""Soft Puff""",[-0.06671185791492462],"[0, 1, 0, 0]"
78.9421033859,,4948,,1583006383,793406009,"""Soft Puff""",[-0.07757002115249634],"[0, 1, 0, 0]"
78.9478180408,,4949,,1583006383,800821065,"""Soft Puff""",[-0.06671185791492462],"[0, 1, 0, 0]"
78.9526343346,,4950,,1583006383,805897951,"""Soft Puff""",[-0.07757002115249634],"[0, 1, 0, 0]"
79.4216997623,,4951,,1583006384,272949934,"""Soft Puff""",[-0.06671185791492462],"[0, 1, 0, 0]"
79.4267547131,,4952,,1583006384,279772043,"""Soft Puff""",[-0.07757002115249634],"[0, 1, 0, 0]"
79.6802368164,,4953,,1583006384,532871007,"""Soft Puff""",[-0.08842818439006805],"[0, 1, 0, 0]"
79.6856722832,,4954,,1583006384,538299083,"""Soft Puff""",[-0.07757002115249634],"[0, 1, 0, 0]"
79.69141078,,4955,,1583006384,543737888,"""Soft Puff""",[-0.08842818439006805],"[0, 1, 0, 0]"
79.6963508129,,4956,,1583006384,549491882,"""Soft Puff""",[-0.07757002115249634],"[0, 1, 0, 0]"
79.7028052807,,4957,,1583006384,554336071,"""Soft Puff""",[-0.08842818439006805],"[0, 1, 0, 0]"
79.7429325581,,4958,,1583006384,594917058,"""Soft Puff""",[-0.07757002115249634],"[0, 1, 0, 0]"
79.7481980324,,4959,,1583006384,600977897,"""Soft Puff""",[-0.08842818439006805],"[0, 1, 0, 0]"
79.9262313843,,4960,,1583006384,776973009,"""Soft Puff""",[-0.09928634762763977],"[0, 1, 0, 0]"
79.9320063591,,4961,,1583006384,784303903,"""Soft Puff""",[-0.08842818439006805],"[0, 1, 0, 0]"
79.936476469,,4962,,1583006384,789982080,"""Soft Puff""",[-0.09928634762763977],"[0, 1, 0, 0]"
79.9429037571,,4963,,1583006384,794569015,"""Soft Puff""",[-0.08842818439006805],"[0, 1, 0, 0]"
79.9485623837,,4964,,1583006384,800890922,"""Soft Puff""",[-0.09928634762763977],"[0, 1, 0, 0]"
80.0621249676,,4965,,1583006384,914839029,"""Soft Puff""",[-0.11014451086521149],"[0, 1, 0, 0]"
80.0673015118,,4966,,1583006384,920813083,"""Soft Puff""",[-0.09928634762763977],"[0, 1, 0, 0]"
80.0720751286,,4967,,1583006384,925343990,"""Soft Puff""",[-0.11014451086521149],"[0, 1, 0, 0]"
80.0781443119,,4968,,1583006384,930119037,"""Soft Puff""",[-0.09928634762763977],"[0, 1, 0, 0]"
80.0835270882,,4969,,1583006384,936235904,"""Soft Puff""",[-0.11014451086521149],"[0, 1, 0, 0]"
80.2087206841,,4970,,1583006385,60967922,"""Soft Puff""",[-0.1210026741027832],"[0, 1, 0, 0]"
80.2139635086,,4971,,1583006385,66756010,"""Soft Puff""",[-0.11014451086521149],"[0, 1, 0, 0]"
80.2192995548,,4972,,1583006385,72016000,"""Soft Puff""",[-0.1210026741027832],"[0, 1, 0, 0]"
80.2251410484,,4973,,1583006385,77382087,"""Soft Puff""",[-0.11014451086521149],"[0, 1, 0, 0]"
80.2296833992,,4974,,1583006385,83208084,"""Soft Puff""",[-0.1210026741027832],"[0, 1, 0, 0]"
80.235717535,,4975,,1583006385,88826894,"""Soft Puff""",[-0.11014451086521149],"[0, 1, 0, 0]"
80.2433218956,,4976,,1583006385,93769073,"""Soft Puff""",[-0.1210026741027832],"[0, 1, 0, 0]"
80.2487127781,,4977,,1583006385,101386070,"""Soft Puff""",[-0.11014451086521149],"[0, 1, 0, 0]"
80.2540783882,,4978,,1583006385,106726884,"""Soft Puff""",[-0.1210026741027832],"[0, 1, 0, 0]"
80.2585794926,,4979,,1583006385,112153053,"""Soft Puff""",[-0.11014451086521149],"[0, 1, 0, 0]"
80.2639043331,,4980,,1583006385,116594076,"""Soft Puff""",[-0.1210026741027832],"[0, 1, 0, 0]"
80.271348238,,4981,,1583006385,121941089,"""Soft Puff""",[-0.11014451086521149],"[0, 1, 0, 0]"
80.2767093182,,4982,,1583006385,129456996,"""Soft Puff""",[-0.1210026741027832],"[0, 1, 0, 0]"
80.2835819721,,4983,,1583006385,134752035,"""Soft Puff""",[-0.11014451086521149],"[0, 1, 0, 0]"
80.3645498753,,4984,,1583006385,216914892,"""Soft Puff""",[-0.1210026741027832],"[0, 1, 0, 0]"
80.3709475994,,4985,,1583006385,222625017,"""Soft Puff""",[-0.11014451086521149],"[0, 1, 0, 0]"
80.3759191036,,4986,,1583006385,229022026,"""Soft Puff""",[-0.1210026741027832],"[0, 1, 0, 0]"
80.3860330582,,4987,,1583006385,236850976,"""Soft Puff""",[-0.11014451086521149],"[0, 1, 0, 0]"
80.3938810825,,4988,,1583006385,244122982,"""Soft Puff""",[-0.1210026741027832],"[0, 1, 0, 0]"
80.407184124,,4989,,1583006385,259218931,"""Soft Puff""",[-0.11014451086521149],"[0, 1, 0, 0]"
80.411924839,,4990,,1583006385,265248060,"""Soft Puff""",[-0.1210026741027832],"[0, 1, 0, 0]"
80.4282102585,,4991,,1583006385,279071092,"""Zero Band""",[-0.11014451086521149],"[0, 0, 0, 0]"
80.4330339432,,4992,,1583006385,286269903,"""Zero Band""",[-0.1210026741027832],"[0, 0, 0, 0]"
80.4598870277,,4993,,1583006385,311081886,"""Zero Band""",[-0.11014451086521149],"[0, 0, 0, 0]"
80.4652314186,,4994,,1583006385,317800045,"""Zero Band""",[-0.1210026741027832],"[0, 0, 0, 0]"
80.474216938,,4995,,1583006385,326955080,"""Zero Band""",[-0.11014451086521149],"[0, 0, 0, 0]"
80.4791331291,,4996,,1583006385,332283020,"""Zero Band""",[-0.1210026741027832],"[0, 0, 0, 0]"
80.4848299026,,4997,,1583006385,337194919,"""Zero Band""",[-0.11014451086521149],"[0, 0, 0, 0]"
80.4919855595,,4998,,1583006385,342921018,"""Zero Band""",[-0.1210026741027832],"[0, 0, 0, 0]"
80.4967753887,,4999,,1583006385,349746942,"""Zero Band""",[-0.11014451086521149],"[0, 0, 0, 0]"
80.5274317265,,5000,,1583006385,379040956,"""Zero Band""",[-0.1210026741027832],"[0, 0, 0, 0]"
80.5320432186,,5001,,1583006385,385468006,"""Zero Band""",[-0.11014451086521149],"[0, 0, 0, 0]"
80.5388190746,,5002,,1583006385,390094041,"""Zero Band""",[-0.1210026741027832],"[0, 0, 0, 0]"
80.6944315434,,5003,,1583006385,546895980,"""Zero Band""",[-0.11014451086521149],"[0, 0, 0, 0]"
80.7001132965,,5004,,1583006385,552567005,"""Zero Band""",[-0.1210026741027832],"[0, 0, 0, 0]"
80.7061462402,,5005,,1583006385,558175086,"""Zero Band""",[-0.11014451086521149],"[0, 0, 0, 0]"
80.7107028961,,5006,,1583006385,564210891,"""Zero Band""",[-0.1210026741027832],"[0, 0, 0, 0]"
80.7879273891,,5007,,1583006385,640841960,"""Zero Band""",[-0.13182871043682098],"[0, 0, 0, 0]"
80.8230700493,,5008,,1583006385,673079013,"""Zero Band""",[-0.1426868885755539],"[0, 0, 0, 0]"
80.8874077797,,5009,,1583006385,726291894,"""Zero Band""",[-0.1426868885755539],"[0, 0, 0, 0]"
80.8941085339,,5010,,1583006385,745127916,"""Zero Band""",[-0.1535450518131256],"[0, 0, 0, 0]"
80.8996529579,,5011,,1583006385,752157926,"""Zero Band""",[-0.1426868885755539],"[0, 0, 0, 0]"
80.9059484005,,5012,,1583006385,757678031,"""Zero Band""",[-0.1535450518131256],"[0, 0, 0, 0]"
80.9114868641,,5013,,1583006385,763993024,"""Zero Band""",[-0.1426868885755539],"[0, 0, 0, 0]"
80.9241702557,,5014,,1583006385,777002096,"""Zero Band""",[-0.13182871043682098],"[0, 0, 0, 0]"
80.9347360134,,5015,,1583006385,786920070,"""Zero Band""",[-0.1210026741027832],"[0, 0, 0, 0]"
80.9426224232,,5016,,1583006385,795011043,"""Zero Band""",[-0.11014451086521149],"[0, 0, 0, 0]"
80.9487755299,,5017,,1583006385,800798892,"""Zero Band""",[-0.09928634762763977],"[0, 0, 0, 0]"
80.9568464756,,5018,,1583006385,808815002,"""Zero Band""",[-0.08842818439006805],"[0, 0, 0, 0]"
80.9629731178,,5019,,1583006385,814884901,"""Zero Band""",[-0.07757002115249634],"[0, 0, 0, 0]"
80.9683086872,,5020,,1583006385,820745944,"""Zero Band""",[-0.06671185791492462],"[0, 0, 0, 0]"
80.9742097855,,5021,,1583006385,826380968,"""Zero Band""",[-0.055885814130306244],"[0, 0, 0, 0]"
80.9804270267,,5022,,1583006385,832257032,"""Zero Band""",[-0.04502765089273453],"[0, 0, 0, 0]"
80.987030983,,5023,,1583006385,838510036,"""Zero Band""",[-0.03416948765516281],"[0, 0, 0, 0]"
80.9918971062,,5024,,1583006385,845104932,"""Zero Band""",[-0.023311322554945946],"[0, 0, 0, 0]"
80.9974722862,,5025,,1583006385,849982023,"""Zero Band""",[-0.012453158386051655],"[0, 0, 0, 0]"
80.9981613159,,5026,,1583006385,855350971,"""Zero Band""",[-0.0016271184431388974],"[0, 0, 0, 0]"
80.9990370274,,5027,,1583006385,856218099,"""Zero Band""",[-0.0],"[0, 0, 0, 0]"
80.9999401569,,5028,,1583006385,857086896,"""Zero Band""",[-0.0],"[0, 0, 0, 0]"
81.0007412434,,5029,,1583006385,857968091,"""Zero Band""",[-0.0],"[0, 0, 0, 0]"
81.0041382313,,5030,,1583006385,860920906,"""Zero Band""",[-0.0],"[0, 0, 0, 0]"
81.0076971054,,5031,,1583006385,864854097,"""Zero Band""",[-0.0],"[0, 0, 0, 0]"
81.0372834206,,5033,,1583006385,893939018,"""input stopped""",[-0.0],"[0, 0, 0, 0]"
81.1770005226,,5034,,1583006386,33809900,"""Zero Band""",[-0.0],"[0, 0, 0, 0]"
81.179710865,,5035,,1583006386,36823034,"""Zero Band""",[-0.0],"[0, 0, 0, 0]"
81.1816971302,,5036,,1583006386,38837909,"""Zero Band""",[-0.0],"[0, 0, 0, 0]"
81.1894972324,,5037,,1583006386,42776107,"""Zero Band""",[0.03420161083340645],"[0, 0, 0, 0]"
81.1953167915,,5038,,1583006386,47560930,"""Zero Band""",[0.06674397736787796],"[0, 0, 0, 0]"
81.2009575367,,5039,,1583006386,53373098,"""Zero Band""",[0.11017663776874542],"[0, 0, 0, 0]"
81.2063791752,,5040,,1583006386,59026002,"""Zero Band""",[0.14271900057792664],"[0, 0, 0, 0]"
81.2119026184,,5041,,1583006386,64361095,"""Zero Band""",[0.19697770476341248],"[0, 0, 0, 0]"
81.2186226845,,5042,,1583006386,69971084,"""Zero Band""",[0.2512364089488983],"[0, 0, 0, 0]"
81.2202048302,,5043,,1583006386,76606988,"""Soft-Hard Sip Deadband""",[0.30549511313438416],"[0, 0, 0, 0]"
81.2215852737,,5044,,1583006386,78347921,"""Soft-Hard Sip Deadband""",[0.3706119656562805],"[0, 0, 0, 0]"
81.2224159241,,5045,,1583006386,79567909,"""Soft-Hard Sip Deadband""",[0.4357288181781769],"[0, 0, 0, 0]"
81.2275702953,,5046,,1583006386,80401897,"""Hard Sip""",[0.5008456707000732],"[0, 0, 0, 1]"
81.2332298756,,5047,,1583006386,85552930,"""Hard Sip""",[0.587678849697113],"[0, 0, 0, 1]"
81.23919034,,5048,,1583006386,91325044,"""Hard Sip""",[0.6527636051177979],"[0, 0, 0, 1]"
81.2466726303,,5049,,1583006386,97167968,"""Hard Sip""",[0.7287386655807495],"[0, 0, 0, 1]"
81.2547307014,,5050,,1583006386,104686975,"""Hard Sip""",[0.8263978958129883],"[0, 0, 0, 1]"
81.2599625587,,5051,,1583006386,112736940,"""Hard Sip""",[0.9132310748100281],"[0, 0, 0, 1]"
81.2654626369,,5052,,1583006386,117868900,"""Zero Band""",[1.0],"[0, 0, 0, 0]"
81.5845272541,,5053,,1583006386,436975002,"""Zero Band""",[0.978347897529602],"[0, 0, 0, 0]"
81.5891234875,,5054,,1583006386,442548990,"""Zero Band""",[0.9023728966712952],"[0, 0, 0, 0]"
81.5951361656,,5055,,1583006386,447213888,"""Zero Band""",[0.8372560143470764],"[0, 0, 0, 0]"
81.6016311646,,5056,,1583006386,453116893,"""Zero Band""",[0.7504549622535706],"[0, 0, 0, 0]"
81.6072630882,,5057,,1583006386,459707975,"""Zero Band""",[0.6961962580680847],"[0, 0, 0, 0]"
81.6132376194,,5058,,1583006386,465267896,"""Zero Band""",[0.6310794353485107],"[0, 0, 0, 0]"
81.6211209297,,5059,,1583006386,471225023,"""Zero Band""",[0.5551043748855591],"[0, 0, 0, 0]"
81.6260108948,,5060,,1583006386,478986978,"""Zero Band""",[0.5008456707000732],"[0, 0, 0, 0]"
81.6268093586,,5061,,1583006386,483895063,"""Soft-Hard Sip Deadband""",[0.4465869963169098],"[0, 0, 0, 0]"
81.62783885,,5062,,1583006386,484936952,"""Soft-Hard Sip Deadband""",[0.38147011399269104],"[0, 0, 0, 0]"
81.6286914349,,5063,,1583006386,485812902,"""Soft-Hard Sip Deadband""",[0.3272114396095276],"[0, 0, 0, 0]"
81.6347632408,,5064,,1583006386,486665964,"""Zero Band""",[0.28381088376045227],"[0, 0, 0, 0]"
81.6435530186,,5065,,1583006386,492563009,"""Zero Band""",[0.2186940312385559],"[0, 0, 0, 0]"
81.6488904953,,5066,,1583006386,501533985,"""Zero Band""",[0.18611954152584076],"[0, 0, 0, 0]"
81.6557426453,,5067,,1583006386,506879091,"""Zero Band""",[0.14271900057792664],"[0, 0, 0, 0]"
81.6620740891,,5068,,1583006386,513725996,"""Zero Band""",[0.08846031129360199],"[0, 0, 0, 0]"
81.6664879322,,5069,,1583006386,519967079,"""Zero Band""",[0.05591794103384018],"[0, 0, 0, 0]"
81.6724517345,,5070,,1583006386,524588108,"""Zero Band""",[0.023343447595834732],"[0, 0, 0, 0]"
81.6731927395,,5071,,1583006386,530426979,"""Zero Band""",[-0.0],"[0, 0, 0, 0]"
81.6741054058,,5072,,1583006386,531277894,"""Zero Band""",[-0.0],"[0, 0, 0, 0]"
81.6749751568,,5073,,1583006386,532097101,"""Zero Band""",[-0.0],"[0, 0, 0, 0]"
81.6762058735,,5074,,1583006386,532923936,"""Zero Band""",[-0.0],"[0, 0, 0, 0]"
81.6763222218,,5075,,1583006386,532923936,"""input stopped""",[-0.0],"[0, 0, 0, 0]"
82.9828057289,,5076,,1583006387,839826107,"""Zero Band""",[-0.0],"[0, 0, 0, 0]"
82.9998531342,,5077,,1583006387,856877088,"""Zero Band""",[-0.0],"[0, 0, 0, 0]"
83.0017809868,,5078,,1583006387,858844995,"""Zero Band""",[-0.0],"[0, 0, 0, 0]"
83.0041790009,,5079,,1583006387,860888004,"""Zero Band""",[-0.0],"[0, 0, 0, 0]"
83.0179214478,,5080,,1583006387,874871015,"""Zero Band""",[-0.0],"[0, 0, 0, 0]"
83.0360300541,,5081,,1583006387,892935037,"""Zero Band""",[-0.0],"[0, 0, 0, 0]"
83.0480847359,,5082,,1583006387,904881954,"""Zero Band""",[-0.0],"[0, 0, 0, 0]"
83.0742342472,,5083,,1583006387,930947065,"""Zero Band""",[-0.0016271184431388974],"[0, 0, 0, 0]"
83.0963580608,,5084,,1583006387,948860883,"""Soft Puff""",[-0.012453158386051655],"[0, 1, 0, 0]"
83.1290409565,,5085,,1583006387,980983018,"""Soft Puff""",[-0.023311322554945946],"[0, 1, 0, 0]"
83.1445641518,,5086,,1583006387,996963977,"""Soft Puff""",[-0.03416948765516281],"[0, 1, 0, 0]"
83.1690034866,,5087,,1583006388,20914077,"""Soft Puff""",[-0.04502765089273453],"[0, 1, 0, 0]"
83.1915795803,,5088,,1583006388,42915105,"""Soft Puff""",[-0.055885814130306244],"[0, 1, 0, 0]"
83.2081880569,,5089,,1583006388,60904979,"""Soft Puff""",[-0.06671185791492462],"[0, 1, 0, 0]"
83.2349147797,,5090,,1583006388,86882114,"""Soft Puff""",[-0.07757002115249634],"[0, 1, 0, 0]"
83.2462041378,,5091,,1583006388,98871946,"""Soft Puff""",[-0.06671185791492462],"[0, 1, 0, 0]"
83.2527186871,,5092,,1583006388,104285001,"""Soft Puff""",[-0.07757002115249634],"[0, 1, 0, 0]"
83.26851511,,5093,,1583006388,120922088,"""Soft Puff""",[-0.08842818439006805],"[0, 1, 0, 0]"
83.2739977837,,5094,,1583006388,126626968,"""Soft Puff""",[-0.07757002115249634],"[0, 1, 0, 0]"
83.2788631916,,5095,,1583006388,132065057,"""Soft Puff""",[-0.08842818439006805],"[0, 1, 0, 0]"
83.2985537052,,5096,,1583006388,150882959,"""Soft Puff""",[-0.09928634762763977],"[0, 1, 0, 0]"
83.3357801437,,5097,,1583006388,186909914,"""Soft Puff""",[-0.11014451086521149],"[0, 1, 0, 0]"
83.3418233395,,5098,,1583006388,193799972,"""Soft Puff""",[-0.09928634762763977],"[0, 1, 0, 0]"
83.3472673893,,5099,,1583006388,199912071,"""Soft Puff""",[-0.11014451086521149],"[0, 1, 0, 0]"
83.3543384075,,5100,,1583006388,205360889,"""Soft Puff""",[-0.09928634762763977],"[0, 1, 0, 0]"
83.3608076572,,5101,,1583006388,212323904,"""Soft Puff""",[-0.11014451086521149],"[0, 1, 0, 0]"
83.3980798721,,5102,,1583006388,250891923,"""Soft Puff""",[-0.1210026741027832],"[0, 1, 0, 0]"
83.4979293346,,5103,,1583006388,350908041,"""Soft Puff""",[-0.13182871043682098],"[0, 1, 0, 0]"
83.5261986256,,5104,,1583006388,378942966,"""Soft Puff""",[-0.1426868885755539],"[0, 1, 0, 0]"
83.5323898792,,5105,,1583006388,384303092,"""Soft Puff""",[-0.13182871043682098],"[0, 1, 0, 0]"
83.539390564,,5106,,1583006388,390484094,"""Soft Puff""",[-0.1426868885755539],"[0, 1, 0, 0]"
83.6206474304,,5107,,1583006388,472958087,"""Soft Puff""",[-0.13182871043682098],"[0, 1, 0, 0]"
83.6263113022,,5108,,1583006388,478734016,"""Soft Puff""",[-0.1426868885755539],"[0, 1, 0, 0]"
83.6314957142,,5109,,1583006388,484381914,"""Soft Puff""",[-0.13182871043682098],"[0, 1, 0, 0]"
83.6387577057,,5110,,1583006388,489597082,"""Soft Puff""",[-0.1426868885755539],"[0, 1, 0, 0]"
83.6440272331,,5111,,1583006388,496783018,"""Soft Puff""",[-0.13182871043682098],"[0, 1, 0, 0]"
83.6662840843,,5112,,1583006388,518964052,"""Soft Puff""",[-0.1426868885755539],"[0, 1, 0, 0]"
83.6718802452,,5113,,1583006388,524323940,"""Soft Puff""",[-0.13182871043682098],"[0, 1, 0, 0]"
83.7704424858,,5114,,1583006388,622927904,"""Soft Puff""",[-0.1426868885755539],"[0, 1, 0, 0]"
83.7758247852,,5115,,1583006388,628499031,"""Soft Puff""",[-0.13182871043682098],"[0, 1, 0, 0]"
83.8642587662,,5116,,1583006388,716933965,"""Soft Puff""",[-0.1210026741027832],"[0, 1, 0, 0]"
83.8699047565,,5117,,1583006388,722312927,"""Soft Puff""",[-0.13182871043682098],"[0, 1, 0, 0]"
83.8767504692,,5118,,1583006388,728018999,"""Soft Puff""",[-0.1210026741027832],"[0, 1, 0, 0]"
83.8821699619,,5119,,1583006388,734849929,"""Soft Puff""",[-0.13182871043682098],"[0, 1, 0, 0]"
83.888209343,,5120,,1583006388,740240097,"""Soft Puff""",[-0.1210026741027832],"[0, 1, 0, 0]"
83.9023816586,,5121,,1583006388,754869937,"""Soft Puff""",[-0.13182871043682098],"[0, 1, 0, 0]"
83.9084095955,,5122,,1583006388,760483026,"""Soft Puff""",[-0.1210026741027832],"[0, 1, 0, 0]"
83.9132187366,,5123,,1583006388,766839027,"""Soft Puff""",[-0.13182871043682098],"[0, 1, 0, 0]"
83.9194974899,,5124,,1583006388,772839069,"""Soft Puff""",[-0.1210026741027832],"[0, 1, 0, 0]"
83.9272627831,,5125,,1583006388,777534008,"""Soft Puff""",[-0.13182871043682098],"[0, 1, 0, 0]"
83.9321472645,,5126,,1583006388,785341024,"""Soft Puff""",[-0.1210026741027832],"[0, 1, 0, 0]"
83.9381520748,,5127,,1583006388,790249109,"""Soft Puff""",[-0.13182871043682098],"[0, 1, 0, 0]"
83.9442541599,,5128,,1583006388,796207904,"""Soft Puff""",[-0.1210026741027832],"[0, 1, 0, 0]"
83.957167387,,5129,,1583006388,808860063,"""Soft Puff""",[-0.13182871043682098],"[0, 1, 0, 0]"
83.962801218,,5130,,1583006388,815247058,"""Soft Puff""",[-0.1210026741027832],"[0, 1, 0, 0]"
84.1580102444,,5131,,1583006389,8919954,"""Soft Puff""",[-0.13182871043682098],"[0, 1, 0, 0]"
84.1626234055,,5132,,1583006389,16083002,"""Soft Puff""",[-0.1210026741027832],"[0, 1, 0, 0]"
84.1732182503,,5133,,1583006389,24857044,"""Soft Puff""",[-0.13182871043682098],"[0, 1, 0, 0]"
84.228951931,,5134,,1583006389,81001996,"""Soft Puff""",[-0.1426868885755539],"[0, 1, 0, 0]"
84.2341706753,,5135,,1583006389,87035894,"""Soft Puff""",[-0.13182871043682098],"[0, 1, 0, 0]"
84.2395431995,,5136,,1583006389,92204093,"""Soft Puff""",[-0.1426868885755539],"[0, 1, 0, 0]"
84.2447760105,,5137,,1583006389,97646951,"""Soft Puff""",[-0.13182871043682098],"[0, 1, 0, 0]"
84.2502787113,,5138,,1583006389,102826118,"""Soft Puff""",[-0.1426868885755539],"[0, 1, 0, 0]"
84.256311655,,5139,,1583006389,108319044,"""Soft Puff""",[-0.13182871043682098],"[0, 1, 0, 0]"
84.2628602982,,5140,,1583006389,114347934,"""Soft Puff""",[-0.1426868885755539],"[0, 1, 0, 0]"
84.2680416107,,5141,,1583006389,120920896,"""Soft Puff""",[-0.13182871043682098],"[0, 1, 0, 0]"
84.314804554,,5142,,1583006389,166996002,"""Soft Puff""",[-0.1426868885755539],"[0, 1, 0, 0]"
84.3201155663,,5143,,1583006389,172864913,"""Soft Puff""",[-0.13182871043682098],"[0, 1, 0, 0]"
84.3278896809,,5144,,1583006389,178236007,"""Soft Puff""",[-0.1426868885755539],"[0, 1, 0, 0]"
84.33370924,,5145,,1583006389,185965061,"""Soft Puff""",[-0.13182871043682098],"[0, 1, 0, 0]"
84.3413629532,,5146,,1583006389,191807031,"""Soft Puff""",[-0.1426868885755539],"[0, 1, 0, 0]"
84.3489482403,,5147,,1583006389,199481964,"""Soft Puff""",[-0.13182871043682098],"[0, 1, 0, 0]"
84.3549714088,,5148,,1583006389,206922054,"""Soft Puff""",[-0.1426868885755539],"[0, 1, 0, 0]"
84.3701732159,,5149,,1583006389,222898960,"""Soft Puff""",[-0.13182871043682098],"[0, 1, 0, 0]"
84.3750429153,,5150,,1583006389,228244066,"""Soft Puff""",[-0.1426868885755539],"[0, 1, 0, 0]"
84.3798630238,,5151,,1583006389,233098983,"""Soft Puff""",[-0.13182871043682098],"[0, 1, 0, 0]"
84.3850545883,,5152,,1583006389,237922906,"""Soft Puff""",[-0.1426868885755539],"[0, 1, 0, 0]"
84.3970377445,,5153,,1583006389,248893022,"""Soft Puff""",[-0.13182871043682098],"[0, 1, 0, 0]"
84.401705265,,5154,,1583006389,255084991,"""Soft Puff""",[-0.1426868885755539],"[0, 1, 0, 0]"
84.4085566998,,5155,,1583006389,260849952,"""Soft Puff""",[-0.13182871043682098],"[0, 1, 0, 0]"
84.416074276,,5156,,1583006389,268847942,"""Soft Puff""",[-0.1426868885755539],"[0, 1, 0, 0]"
84.4771015644,,5157,,1583006389,328984975,"""Soft Puff""",[-0.1535450518131256],"[0, 1, 0, 0]"
84.5731668472,,5158,,1583006389,424931049,"""Soft Puff""",[-0.16440321505069733],"[0, 1, 0, 0]"
84.578410387,,5159,,1583006389,431257963,"""Soft Puff""",[-0.1535450518131256],"[0, 1, 0, 0]"
84.5841999054,,5160,,1583006389,436443090,"""Soft Puff""",[-0.16440321505069733],"[0, 1, 0, 0]"
84.5914690495,,5161,,1583006389,442830085,"""Soft Puff""",[-0.1535450518131256],"[0, 1, 0, 0]"
84.5965013504,,5162,,1583006389,449515104,"""Soft Puff""",[-0.16440321505069733],"[0, 1, 0, 0]"
84.6161110401,,5163,,1583006389,468986034,"""Soft Puff""",[-0.1535450518131256],"[0, 1, 0, 0]"
84.6215820312,,5164,,1583006389,474144935,"""Soft Puff""",[-0.16440321505069733],"[0, 1, 0, 0]"
84.6272995472,,5165,,1583006389,479679107,"""Soft Puff""",[-0.1535450518131256],"[0, 1, 0, 0]"
84.6333742142,,5166,,1583006389,485357999,"""Soft Puff""",[-0.16440321505069733],"[0, 1, 0, 0]"
84.6436059475,,5167,,1583006389,494982957,"""Soft Puff""",[-0.1535450518131256],"[0, 1, 0, 0]"
84.701000452,,5168,,1583006389,552993059,"""Soft Puff""",[-0.1426868885755539],"[0, 1, 0, 0]"
84.7066423893,,5169,,1583006389,559052944,"""Soft Puff""",[-0.1535450518131256],"[0, 1, 0, 0]"
84.7126009464,,5170,,1583006389,564687967,"""Soft Puff""",[-0.1426868885755539],"[0, 1, 0, 0]"
84.8046593666,,5171,,1583006389,656878948,"""Soft Puff""",[-0.1535450518131256],"[0, 1, 0, 0]"
84.8117194176,,5172,,1583006389,664844989,"""Soft Puff""",[-0.1426868885755539],"[0, 1, 0, 0]"
84.8172559738,,5173,,1583006389,669717073,"""Soft Puff""",[-0.1535450518131256],"[0, 1, 0, 0]"
84.8630764484,,5174,,1583006389,715025901,"""Soft Puff""",[-0.16440321505069733],"[0, 1, 0, 0]"
84.8679609299,,5175,,1583006389,721090078,"""Soft Puff""",[-0.1535450518131256],"[0, 1, 0, 0]"
84.8724081516,,5176,,1583006389,726003885,"""Soft Puff""",[-0.16440321505069733],"[0, 1, 0, 0]"
84.8797898293,,5177,,1583006389,730844020,"""Soft Puff""",[-0.1535450518131256],"[0, 1, 0, 0]"
84.8854608536,,5178,,1583006389,737829923,"""Soft Puff""",[-0.16440321505069733],"[0, 1, 0, 0]"
84.8903369904,,5179,,1583006389,743536949,"""Soft Puff""",[-0.1535450518131256],"[0, 1, 0, 0]"
84.8977491856,,5180,,1583006389,748404979,"""Soft Puff""",[-0.16440321505069733],"[0, 1, 0, 0]"
84.9046275616,,5181,,1583006389,755841970,"""Soft Puff""",[-0.1535450518131256],"[0, 1, 0, 0]"
84.9526264668,,5182,,1583006389,804960966,"""Soft Puff""",[-0.1426868885755539],"[0, 1, 0, 0]"
84.9587042332,,5183,,1583006389,810785055,"""Soft Puff""",[-0.1535450518131256],"[0, 1, 0, 0]"
84.9744448662,,5184,,1583006389,826972961,"""Soft Puff""",[-0.1426868885755539],"[0, 1, 0, 0]"
84.9799757004,,5185,,1583006389,832576036,"""Soft Puff""",[-0.1535450518131256],"[0, 1, 0, 0]"
84.9929146767,,5186,,1583006389,844912052,"""Soft Puff""",[-0.1426868885755539],"[0, 1, 0, 0]"
84.997875452,,5187,,1583006389,850996971,"""Soft Puff""",[-0.1535450518131256],"[0, 1, 0, 0]"
85.0038380623,,5188,,1583006389,855757951,"""Soft Puff""",[-0.1426868885755539],"[0, 1, 0, 0]"
85.0104675293,,5189,,1583006389,861932992,"""Soft Puff""",[-0.1535450518131256],"[0, 1, 0, 0]"
85.0162043571,,5190,,1583006389,868560075,"""Soft Puff""",[-0.1426868885755539],"[0, 1, 0, 0]"
85.0978918076,,5191,,1583006389,948909997,"""Soft Puff""",[-0.1535450518131256],"[0, 1, 0, 0]"
85.1043539047,,5192,,1583006389,956815958,"""Soft Puff""",[-0.1426868885755539],"[0, 1, 0, 0]"
85.1092777252,,5193,,1583006389,962450981,"""Soft Puff""",[-0.1535450518131256],"[0, 1, 0, 0]"
85.1158277988,,5194,,1583006389,967328071,"""Soft Puff""",[-0.1426868885755539],"[0, 1, 0, 0]"
85.1213181019,,5195,,1583006389,973896980,"""Soft Puff""",[-0.1535450518131256],"[0, 1, 0, 0]"
85.1284577847,,5196,,1583006389,979419946,"""Soft Puff""",[-0.1426868885755539],"[0, 1, 0, 0]"
85.1344537735,,5197,,1583006389,986562967,"""Soft Puff""",[-0.1535450518131256],"[0, 1, 0, 0]"
85.1404349804,,5198,,1583006389,992515087,"""Soft Puff""",[-0.1426868885755539],"[0, 1, 0, 0]"
85.1451413631,,5199,,1583006389,998471975,"""Soft Puff""",[-0.1535450518131256],"[0, 1, 0, 0]"
85.1595041752,,5200,,1583006390,10926961,"""Soft Puff""",[-0.1426868885755539],"[0, 1, 0, 0]"
85.1661427021,,5201,,1583006390,17507076,"""Soft Puff""",[-0.1535450518131256],"[0, 1, 0, 0]"
85.17421031,,5202,,1583006390,24184942,"""Soft Puff""",[-0.1426868885755539],"[0, 1, 0, 0]"
85.17882967,,5203,,1583006390,32208919,"""Soft Puff""",[-0.1535450518131256],"[0, 1, 0, 0]"
85.1844358444,,5204,,1583006390,36968946,"""Soft Puff""",[-0.1426868885755539],"[0, 1, 0, 0]"
85.1915163994,,5205,,1583006390,42409896,"""Soft Puff""",[-0.1535450518131256],"[0, 1, 0, 0]"
85.1971898079,,5206,,1583006390,49410104,"""Soft Puff""",[-0.1426868885755539],"[0, 1, 0, 0]"
85.2029719353,,5207,,1583006390,55053949,"""Soft Puff""",[-0.1535450518131256],"[0, 1, 0, 0]"
85.2093760967,,5208,,1583006390,61234951,"""Soft Puff""",[-0.1426868885755539],"[0, 1, 0, 0]"
85.2145164013,,5209,,1583006390,67405939,"""Soft Puff""",[-0.1535450518131256],"[0, 1, 0, 0]"
85.2623710632,,5210,,1583006390,115045070,"""Soft Puff""",[-0.16440321505069733],"[0, 1, 0, 0]"
85.2704467773,,5211,,1583006390,122845888,"""Soft Puff""",[-0.1535450518131256],"[0, 1, 0, 0]"
85.2806549072,,5212,,1583006390,132986068,"""Soft Puff""",[-0.16440321505069733],"[0, 1, 0, 0]"
85.2871208191,,5213,,1583006390,138823032,"""Soft Puff""",[-0.1535450518131256],"[0, 1, 0, 0]"
85.2945146561,,5214,,1583006390,145164012,"""Soft Puff""",[-0.16440321505069733],"[0, 1, 0, 0]"
85.2990784645,,5215,,1583006390,152587890,"""Soft Puff""",[-0.1535450518131256],"[0, 1, 0, 0]"
85.3058223724,,5216,,1583006390,157149076,"""Soft Puff""",[-0.16440321505069733],"[0, 1, 0, 0]"
85.3575167656,,5217,,1583006390,208950042,"""Soft Puff""",[-0.1535450518131256],"[0, 1, 0, 0]"
85.362613678,,5218,,1583006390,215251922,"""Soft Puff""",[-0.16440321505069733],"[0, 1, 0, 0]"
85.3706052303,,5219,,1583006390,222810029,"""Soft Puff""",[-0.1535450518131256],"[0, 1, 0, 0]"
85.4097590446,,5220,,1583006390,260930061,"""Soft Puff""",[-0.1426868885755539],"[0, 1, 0, 0]"
85.4146938324,,5221,,1583006390,267803907,"""Soft Puff""",[-0.1535450518131256],"[0, 1, 0, 0]"
85.4204535484,,5222,,1583006390,272783994,"""Soft Puff""",[-0.1426868885755539],"[0, 1, 0, 0]"
85.4668126106,,5223,,1583006390,318967103,"""Soft Puff""",[-0.13182871043682098],"[0, 1, 0, 0]"
85.4727938175,,5224,,1583006390,324842929,"""Soft Puff""",[-0.1426868885755539],"[0, 1, 0, 0]"
85.4774346352,,5225,,1583006390,330828905,"""Soft Puff""",[-0.13182871043682098],"[0, 1, 0, 0]"
85.4854929447,,5226,,1583006390,336827993,"""Soft Puff""",[-0.1426868885755539],"[0, 1, 0, 0]"
85.4917426109,,5227,,1583006390,343383073,"""Soft Puff""",[-0.13182871043682098],"[0, 1, 0, 0]"
85.4976100922,,5228,,1583006390,349832057,"""Soft Puff""",[-0.1426868885755539],"[0, 1, 0, 0]"
85.5035276413,,5229,,1583006390,355653047,"""Soft Puff""",[-0.13182871043682098],"[0, 1, 0, 0]"
85.5530605316,,5230,,1583006390,404958009,"""Soft Puff""",[-0.1426868885755539],"[0, 1, 0, 0]"
85.5595672131,,5231,,1583006390,411093950,"""Soft Puff""",[-0.13182871043682098],"[0, 1, 0, 0]"
85.5640561581,,5232,,1583006390,417634010,"""Soft Puff""",[-0.1426868885755539],"[0, 1, 0, 0]"
85.5728590488,,5233,,1583006390,424876928,"""Soft Puff""",[-0.13182871043682098],"[0, 1, 0, 0]"
85.5896151066,,5234,,1583006390,440913915,"""Soft Puff""",[-0.1426868885755539],"[0, 1, 0, 0]"
85.5953791142,,5235,,1583006390,447724103,"""Soft Puff""",[-0.13182871043682098],"[0, 1, 0, 0]"
85.6007218361,,5236,,1583006390,453449010,"""Soft Puff""",[-0.1426868885755539],"[0, 1, 0, 0]"
85.607452631,,5237,,1583006390,458800077,"""Soft Puff""",[-0.13182871043682098],"[0, 1, 0, 0]"
85.6134364605,,5238,,1583006390,465435981,"""Soft Puff""",[-0.1426868885755539],"[0, 1, 0, 0]"
85.6199374199,,5239,,1583006390,471503973,"""Soft Puff""",[-0.13182871043682098],"[0, 1, 0, 0]"
85.6258499622,,5240,,1583006390,477931976,"""Soft Puff""",[-0.1426868885755539],"[0, 1, 0, 0]"
85.6301577091,,5241,,1583006390,483829021,"""Soft Puff""",[-0.13182871043682098],"[0, 1, 0, 0]"
85.6350524426,,5242,,1583006390,488228082,"""Soft Puff""",[-0.1426868885755539],"[0, 1, 0, 0]"
85.6416885853,,5243,,1583006390,492955923,"""Soft Puff""",[-0.13182871043682098],"[0, 1, 0, 0]"
85.647454977,,5244,,1583006390,499682903,"""Soft Puff""",[-0.1426868885755539],"[0, 1, 0, 0]"
85.652128458,,5245,,1583006390,505480051,"""Soft Puff""",[-0.13182871043682098],"[0, 1, 0, 0]"
85.6585867405,,5246,,1583006390,509999990,"""Soft Puff""",[-0.1426868885755539],"[0, 1, 0, 0]"
85.6631281376,,5247,,1583006390,516675949,"""Soft Puff""",[-0.13182871043682098],"[0, 1, 0, 0]"
85.6680150032,,5248,,1583006390,521109104,"""Soft Puff""",[-0.1426868885755539],"[0, 1, 0, 0]"
85.6747732162,,5249,,1583006390,525983095,"""Soft Puff""",[-0.13182871043682098],"[0, 1, 0, 0]"
85.681196928,,5250,,1583006390,532872915,"""Soft Puff""",[-0.1426868885755539],"[0, 1, 0, 0]"
85.6854662895,,5251,,1583006390,539092063,"""Soft Puff""",[-0.13182871043682098],"[0, 1, 0, 0]"
85.6911649704,,5252,,1583006390,543437957,"""Soft Puff""",[-0.1426868885755539],"[0, 1, 0, 0]"
85.6961827278,,5253,,1583006390,549221992,"""Soft Puff""",[-0.13182871043682098],"[0, 1, 0, 0]"
85.7009038925,,5254,,1583006390,554260015,"""Soft Puff""",[-0.1426868885755539],"[0, 1, 0, 0]"
85.706836462,,5255,,1583006390,558913946,"""Soft Puff""",[-0.13182871043682098],"[0, 1, 0, 0]"
85.7120499611,,5256,,1583006390,564801931,"""Soft Puff""",[-0.1426868885755539],"[0, 1, 0, 0]"
85.7167057991,,5257,,1583006390,570025920,"""Soft Puff""",[-0.13182871043682098],"[0, 1, 0, 0]"
85.722168684,,5258,,1583006390,574763059,"""Soft Puff""",[-0.1426868885755539],"[0, 1, 0, 0]"
85.7277138233,,5259,,1583006390,580292940,"""Soft Puff""",[-0.13182871043682098],"[0, 1, 0, 0]"
85.7336723804,,5260,,1583006390,585762023,"""Soft Puff""",[-0.1426868885755539],"[0, 1, 0, 0]"
85.7395923138,,5261,,1583006390,591409921,"""Soft Puff""",[-0.13182871043682098],"[0, 1, 0, 0]"
85.7468004227,,5262,,1583006390,597585916,"""Soft Puff""",[-0.1426868885755539],"[0, 1, 0, 0]"
85.752124548,,5263,,1583006390,604775905,"""Soft Puff""",[-0.13182871043682098],"[0, 1, 0, 0]"
85.7578046322,,5264,,1583006390,610250949,"""Soft Puff""",[-0.1426868885755539],"[0, 1, 0, 0]"
85.7629721165,,5265,,1583006390,615952014,"""Soft Puff""",[-0.13182871043682098],"[0, 1, 0, 0]"
85.7682435513,,5266,,1583006390,620951890,"""Soft Puff""",[-0.1426868885755539],"[0, 1, 0, 0]"
85.8209447861,,5267,,1583006390,672962903,"""Soft Puff""",[-0.13182871043682098],"[0, 1, 0, 0]"
85.8278260231,,5268,,1583006390,679019927,"""Soft Puff""",[-0.1426868885755539],"[0, 1, 0, 0]"
85.8363661766,,5269,,1583006390,688839912,"""Soft Puff""",[-0.13182871043682098],"[0, 1, 0, 0]"
85.8428747654,,5270,,1583006390,694462060,"""Zero Band""",[-0.1426868885755539],"[0, 0, 0, 0]"
85.8489220142,,5271,,1583006390,700965881,"""Zero Band""",[-0.13182871043682098],"[0, 0, 0, 0]"
85.8550543785,,5272,,1583006390,707012891,"""Zero Band""",[-0.1426868885755539],"[0, 0, 0, 0]"
85.8624489307,,5273,,1583006390,713144063,"""Zero Band""",[-0.13182871043682098],"[0, 0, 0, 0]"
85.8693826199,,5274,,1583006390,720508098,"""Zero Band""",[-0.1426868885755539],"[0, 0, 0, 0]"
85.8744156361,,5275,,1583006390,727447032,"""Zero Band""",[-0.13182871043682098],"[0, 0, 0, 0]"
85.8803713322,,5276,,1583006390,732455015,"""Zero Band""",[-0.1426868885755539],"[0, 0, 0, 0]"
86.0257790089,,5277,,1583006390,874958038,"""Zero Band""",[-0.1535450518131256],"[0, 0, 0, 0]"
86.0879364014,,5278,,1583006390,940917968,"""Zero Band""",[-0.1426868885755539],"[0, 0, 0, 0]"
86.1624903679,,5279,,1583006391,15058994,"""Zero Band""",[-0.13182871043682098],"[0, 0, 0, 0]"
86.1770613194,,5280,,1583006391,28887033,"""Zero Band""",[-0.1210026741027832],"[0, 0, 0, 0]"
86.1817667484,,5281,,1583006391,35125970,"""Zero Band""",[-0.13182871043682098],"[0, 0, 0, 0]"
86.1874601841,,5282,,1583006391,39824008,"""Zero Band""",[-0.1210026741027832],"[0, 0, 0, 0]"
86.2003798485,,5283,,1583006391,52927970,"""Zero Band""",[-0.13182871043682098],"[0, 0, 0, 0]"
86.2071790695,,5284,,1583006391,58466911,"""Zero Band""",[-0.1210026741027832],"[0, 0, 0, 0]"
86.2126758099,,5285,,1583006391,65221071,"""Zero Band""",[-0.13182871043682098],"[0, 0, 0, 0]"
86.2173936367,,5286,,1583006391,70755958,"""Zero Band""",[-0.1210026741027832],"[0, 0, 0, 0]"
86.224158287,,5287,,1583006391,75372934,"""Zero Band""",[-0.13182871043682098],"[0, 0, 0, 0]"
86.2301278114,,5288,,1583006391,82221031,"""Zero Band""",[-0.1426868885755539],"[0, 0, 0, 0]"
86.2440364361,,5289,,1583006391,94930887,"""Zero Band""",[-0.1535450518131256],"[0, 0, 0, 0]"
86.2650139332,,5290,,1583006391,117019891,"""Zero Band""",[-0.16440321505069733],"[0, 0, 0, 0]"
86.2701678276,,5291,,1583006391,123073101,"""Zero Band""",[-0.1535450518131256],"[0, 0, 0, 0]"
86.2760884762,,5292,,1583006391,128204107,"""Zero Band""",[-0.16440321505069733],"[0, 0, 0, 0]"
86.3005640507,,5293,,1583006391,152894973,"""Zero Band""",[-0.1535450518131256],"[0, 0, 0, 0]"
86.3146677017,,5294,,1583006391,166954994,"""Zero Band""",[-0.1426868885755539],"[0, 0, 0, 0]"
86.3269910812,,5295,,1583006391,178965091,"""Zero Band""",[-0.13182871043682098],"[0, 0, 0, 0]"
86.3386864662,,5296,,1583006391,190892934,"""Zero Band""",[-0.1210026741027832],"[0, 0, 0, 0]"
86.34821105,,5297,,1583006391,200881958,"""Zero Band""",[-0.11014451086521149],"[0, 0, 0, 0]"
86.3571434021,,5298,,1583006391,208899021,"""Zero Band""",[-0.09928634762763977],"[0, 0, 0, 0]"
86.3641111851,,5299,,1583006391,216859102,"""Zero Band""",[-0.08842818439006805],"[0, 0, 0, 0]"
86.3693127632,,5300,,1583006391,222177982,"""Zero Band""",[-0.07757002115249634],"[0, 0, 0, 0]"
86.3773715496,,5301,,1583006391,228840112,"""Zero Band""",[-0.06671185791492462],"[0, 0, 0, 0]"
86.3842823505,,5302,,1583006391,236825942,"""Zero Band""",[-0.055885814130306244],"[0, 0, 0, 0]"
86.3917193413,,5303,,1583006391,242855072,"""Zero Band""",[-0.04502765089273453],"[0, 0, 0, 0]"
86.3983919621,,5304,,1583006391,249783039,"""Zero Band""",[-0.03416948765516281],"[0, 0, 0, 0]"
86.4044122696,,5305,,1583006391,256470918,"""Zero Band""",[-0.023311322554945946],"[0, 0, 0, 0]"
86.4110786915,,5306,,1583006391,262489080,"""Zero Band""",[-0.012453158386051655],"[0, 0, 0, 0]"
86.4119639397,,5307,,1583006391,269145011,"""Zero Band""",[-0.0016271184431388974],"[0, 0, 0, 0]"
86.4127588272,,5308,,1583006391,270014047,"""Zero Band""",[-0.0],"[0, 0, 0, 0]"
86.413667202,,5309,,1583006391,270831108,"""Zero Band""",[-0.0],"[0, 0, 0, 0]"
86.4199848175,,5310,,1583006391,276927947,"""Zero Band""",[-0.0],"[0, 0, 0, 0]"
86.4242331982,,5311,,1583006391,280906915,"""Zero Band""",[-0.0],"[0, 0, 0, 0]"
86.4298141003,,5312,,1583006391,286906957,"""Zero Band""",[-0.0],"[0, 0, 0, 0]"
86.4732267857,,5313,,1583006391,329879045,"""Zero Band""",[-0.0],"[0, 0, 0, 0]"
86.4733273983,,5314,,1583006391,329879045,"""input stopped""",[-0.0],"[0, 0, 0, 0]"
86.9949581623,,5315,,1583006391,851885080,"""Zero Band""",[-0.0],"[0, 0, 0, 0]"
86.9997575283,,5316,,1583006391,856880903,"""Zero Band""",[-0.0],"[0, 0, 0, 0]"
87.0064566135,,5317,,1583006391,858810901,"""Zero Band""",[0.023343447595834732],"[0, 0, 0, 0]"
87.0123212337,,5318,,1583006391,864563941,"""Zero Band""",[0.05591794103384018],"[0, 0, 0, 0]"
87.0186924934,,5319,,1583006391,870443105,"""Zero Band""",[0.0993184745311737],"[0, 0, 0, 0]"
87.0250856876,,5320,,1583006391,876710891,"""Zero Band""",[0.14271900057792664],"[0, 0, 0, 0]"
87.0309951305,,5321,,1583006391,883063077,"""Zero Band""",[0.18611954152584076],"[0, 0, 0, 0]"
87.0376431942,,5322,,1583006391,889076948,"""Zero Band""",[0.2512364089488983],"[0, 0, 0, 0]"
87.038639307,,5323,,1583006391,895667076,"""Soft-Hard Sip Deadband""",[0.30549511313438416],"[0, 0, 0, 0]"
87.0397462845,,5324,,1583006391,896619081,"""Soft-Hard Sip Deadband""",[0.3597537875175476],"[0, 0, 0, 0]"
87.0407001972,,5325,,1583006391,897762060,"""Soft-Hard Sip Deadband""",[0.4357288181781769],"[0, 0, 0, 0]"
87.0472111702,,5326,,1583006391,898669004,"""Hard Sip""",[0.5008456707000732],"[0, 0, 0, 1]"
87.0530097485,,5327,,1583006391,905193090,"""Hard Sip""",[0.5768207311630249],"[0, 0, 0, 1]"
87.0579946041,,5328,,1583006391,911019086,"""Hard Sip""",[0.6636217832565308],"[0, 0, 0, 1]"
87.0636897087,,5329,,1583006391,916100978,"""Zero Band""",[0.7395967841148376],"[0, 0, 0, 0]"
87.0711467266,,5330,,1583006391,921696901,"""Zero Band""",[0.8155718445777893],"[0, 0, 0, 0]"
87.0765054226,,5331,,1583006391,929122924,"""Zero Band""",[0.9132310748100281],"[0, 0, 0, 0]"
87.0812015533,,5332,,1583006391,934557914,"""Zero Band""",[1.0],"[0, 0, 0, 0]"
87.4186911583,,5333,,1583006392,270884990,"""Zero Band""",[0.9674897789955139],"[0, 0, 0, 0]"
87.4252295494,,5334,,1583006392,276534080,"""Zero Band""",[0.9023728966712952],"[0, 0, 0, 0]"
87.4316561222,,5335,,1583006392,283267974,"""Zero Band""",[0.8481141924858093],"[0, 0, 0, 0]"
87.4376585484,,5336,,1583006392,289757013,"""Zero Band""",[0.8047136664390564],"[0, 0, 0, 0]"
87.4455032349,,5337,,1583006392,295659065,"""Zero Band""",[0.7395967841148376],"[0, 0, 0, 0]"
87.4520568848,,5338,,1583006392,303484916,"""Zero Band""",[0.6961962580680847],"[0, 0, 0, 0]"
87.4583895206,,5339,,1583006392,310039997,"""Zero Band""",[0.6527636051177979],"[0, 0, 0, 0]"
87.4628946781,,5340,,1583006392,316265106,"""Zero Band""",[0.598504900932312],"[0, 0, 0, 0]"
87.4683666229,,5341,,1583006392,321048974,"""Zero Band""",[0.5551043748855591],"[0, 0, 0, 0]"
87.4728739262,,5342,,1583006392,326355934,"""Zero Band""",[0.5225620269775391],"[0, 0, 0, 0]"
87.4736847878,,5343,,1583006392,330862045,"""Soft-Hard Sip Deadband""",[0.4791293442249298],"[0, 0, 0, 0]"
87.4742944241,,5344,,1583006392,331590890,"""Soft-Hard Sip Deadband""",[0.4465869963169098],"[0, 0, 0, 0]"
87.4750347137,,5345,,1583006392,332285881,"""Soft-Hard Sip Deadband""",[0.4031864404678345],"[0, 0, 0, 0]"
87.4758248329,,5346,,1583006392,333018064,"""Soft-Hard Sip Deadband""",[0.3706119656562805],"[0, 0, 0, 0]"
87.4766287804,,5347,,1583006392,333802938,"""Soft-Hard Sip Deadband""",[0.3380695879459381],"[0, 0, 0, 0]"
87.4774940014,,5348,,1583006392,334597110,"""Soft-Hard Sip Deadband""",[0.3163532614707947],"[0, 0, 0, 0]"
87.4833807945,,5349,,1583006392,335390090,"""Soft Sip""",[0.27295273542404175],"[0, 0, 1, 0]"
87.4893624783,,5350,,1583006392,341480016,"""Soft Sip""",[0.2512364089488983],"[0, 0, 1, 0]"
87.495415926,,5351,,1583006392,347332954,"""Soft Sip""",[0.2186940312385559],"[0, 0, 1, 0]"
87.5016777515,,5352,,1583006392,353427886,"""Soft Sip""",[0.19697770476341248],"[0, 0, 1, 0]"
87.5071787834,,5353,,1583006392,359849929,"""Soft Sip""",[0.17529350519180298],"[0, 0, 1, 0]"
87.5155255795,,5354,,1583006392,365173101,"""Soft Sip""",[0.15357716381549835],"[0, 0, 1, 0]"
87.5207545757,,5355,,1583006392,373537063,"""Soft Sip""",[0.12103480100631714],"[0, 0, 1, 0]"
87.5255658627,,5356,,1583006392,378782987,"""Soft Sip""",[0.0993184745311737],"[0, 0, 1, 0]"
87.5302639008,,5357,,1583006392,383536100,"""Soft Sip""",[0.07760214805603027],"[0, 0, 1, 0]"
87.534778595,,5358,,1583006392,388258934,"""Soft Sip""",[0.06674397736787796],"[0, 0, 1, 0]"
87.5404484272,,5359,,1583006392,392752885,"""Soft Sip""",[0.04505977779626846],"[0, 0, 1, 0]"
87.5466415882,,5360,,1583006392,398466110,"""Soft Sip""",[0.023343447595834732],"[0, 0, 1, 0]"
87.5520067215,,5361,,1583006392,404788017,"""Soft Sip""",[0.012485282495617867],"[0, 0, 1, 0]"
87.5528516769,,5362,,1583006392,409985065,"""Zero Band""",[-0.0],"[0, 0, 0, 0]"
87.5536785126,,5363,,1583006392,410849094,"""Zero Band""",[-0.0],"[0, 0, 0, 0]"
87.5543968678,,5364,,1583006392,411624908,"""Zero Band""",[-0.0],"[0, 0, 0, 0]"
87.5551130772,,5365,,1583006392,412386894,"""Zero Band""",[-0.0],"[0, 0, 0, 0]"
87.5560984612,,5366,,1583006392,413108110,"""Zero Band""",[-0.0],"[0, 0, 0, 0]"
87.5561652184,,5367,,1583006392,413108110,"""input stopped""",[-0.0],"[0, 0, 0, 0]"
87.9251012802,,5368,,1583006392,781898975,"""Zero Band""",[-0.0],"[0, 0, 0, 0]"
87.9441797733,,5369,,1583006392,800998926,"""Zero Band""",[-0.0],"[0, 0, 0, 0]"
87.9544143677,,5370,,1583006392,810921907,"""Zero Band""",[-0.0],"[0, 0, 0, 0]"
87.9621152878,,5371,,1583006392,818945884,"""Zero Band""",[-0.0],"[0, 0, 0, 0]"
87.9657857418,,5372,,1583006392,822871923,"""Zero Band""",[-0.0],"[0, 0, 0, 0]"
87.9675159454,,5373,,1583006392,824790000,"""Zero Band""",[-0.0],"[0, 0, 0, 0]"
87.9758713245,,5374,,1583006392,832895994,"""Zero Band""",[-0.0],"[0, 0, 0, 0]"
87.9858939648,,5375,,1583006392,842920064,"""Zero Band""",[-0.0016271184431388974],"[0, 0, 0, 0]"
88.0006594658,,5376,,1583006392,853014945,"""Soft Puff""",[-0.012453158386051655],"[0, 1, 0, 0]"
88.0089161396,,5377,,1583006392,860862016,"""Soft Puff""",[-0.023311322554945946],"[0, 1, 0, 0]"
88.0191791058,,5378,,1583006392,870948076,"""Soft Puff""",[-0.03416948765516281],"[0, 1, 0, 0]"
88.0291249752,,5379,,1583006392,880916118,"""Soft Puff""",[-0.04502765089273453],"[0, 1, 0, 0]"
88.0366933346,,5380,,1583006392,888915061,"""Soft Puff""",[-0.055885814130306244],"[0, 1, 0, 0]"
88.0501573086,,5381,,1583006392,900980949,"""Soft Puff""",[-0.06671185791492462],"[0, 1, 0, 0]"
88.0589177608,,5382,,1583006392,910864114,"""Soft Puff""",[-0.07757002115249634],"[0, 1, 0, 0]"
88.0751745701,,5383,,1583006392,926911115,"""Soft Puff""",[-0.08842818439006805],"[0, 1, 0, 0]"
88.0966510773,,5384,,1583006392,946935892,"""Soft Puff""",[-0.09928634762763977],"[0, 1, 0, 0]"
88.1098799706,,5385,,1583006392,962909936,"""Soft Puff""",[-0.11014451086521149],"[0, 1, 0, 0]"
88.1161367893,,5386,,1583006392,967953920,"""Soft Puff""",[-0.09928634762763977],"[0, 1, 0, 0]"
88.1206650734,,5387,,1583006392,974137067,"""Soft Puff""",[-0.11014451086521149],"[0, 1, 0, 0]"
88.1484043598,,5388,,1583006392,998873949,"""Soft Puff""",[-0.09928634762763977],"[0, 1, 0, 0]"
88.1530268192,,5389,,1583006393,6486892,"""Soft Puff""",[-0.11014451086521149],"[0, 1, 0, 0]"
88.15903759,,5390,,1583006393,11085987,"""Soft Puff""",[-0.09928634762763977],"[0, 1, 0, 0]"
88.2347431183,,5391,,1583006393,86987972,"""Soft Puff""",[-0.08842818439006805],"[0, 1, 0, 0]"
88.2587718964,,5392,,1583006393,111016988,"""Soft Puff""",[-0.07757002115249634],"[0, 1, 0, 0]"
88.2724826336,,5393,,1583006393,124907016,"""Soft Puff""",[-0.06671185791492462],"[0, 1, 0, 0]"
88.2824671268,,5394,,1583006393,134954929,"""Soft Puff""",[-0.055885814130306244],"[0, 1, 0, 0]"
88.2948009968,,5395,,1583006393,146907091,"""Soft Puff""",[-0.04502765089273453],"[0, 1, 0, 0]"
88.3025903702,,5396,,1583006393,154897928,"""Soft Puff""",[-0.03416948765516281],"[0, 1, 0, 0]"
88.3103585243,,5397,,1583006393,162898063,"""Soft Puff""",[-0.023311322554945946],"[0, 1, 0, 0]"
88.31838274,,5398,,1583006393,170881986,"""Soft Puff""",[-0.012453158386051655],"[0, 1, 0, 0]"
88.3218989372,,5399,,1583006393,178809881,"""Zero Band""",[-0.0016271184431388974],"[0, 0, 0, 0]"
88.323527813,,5400,,1583006393,180809020,"""Zero Band""",[-0.0],"[0, 0, 0, 0]"
88.3301758766,,5401,,1583006393,186927080,"""Zero Band""",[-0.0],"[0, 0, 0, 0]"
88.3339114189,,5402,,1583006393,190920114,"""Zero Band""",[-0.0],"[0, 0, 0, 0]"
88.339815855,,5403,,1583006393,196868896,"""Zero Band""",[-0.0],"[0, 0, 0, 0]"
88.3461670876,,5404,,1583006393,202923059,"""Zero Band""",[-0.0],"[0, 0, 0, 0]"
88.3630771637,,5405,,1583006393,219877958,"""Zero Band""",[-0.0],"[0, 0, 0, 0]"
88.3631210327,,5406,,1583006393,219877958,"""input stopped""",[-0.0],"[0, 0, 0, 0]"
88.4148705006,,5407,,1583006393,271796941,"""Zero Band""",[-0.0],"[0, 0, 0, 0]"
88.417766571,,5408,,1583006393,274857044,"""Zero Band""",[-0.0],"[0, 0, 0, 0]"
88.41964674,,5409,,1583006393,276822090,"""Zero Band""",[-0.0],"[0, 0, 0, 0]"
88.4290349483,,5410,,1583006393,280853033,"""Soft Sip""",[0.012485282495617867],"[0, 0, 1, 0]"
88.4347839355,,5411,,1583006393,287097930,"""Soft Sip""",[0.03420161083340645],"[0, 0, 1, 0]"
88.4398779869,,5412,,1583006393,292790889,"""Soft Sip""",[0.05591794103384018],"[0, 0, 1, 0]"
88.4472637177,,5413,,1583006393,297908067,"""Soft Sip""",[0.07760214805603027],"[0, 0, 1, 0]"
88.4525461197,,5414,,1583006393,305238008,"""Soft Sip""",[0.08846031129360199],"[0, 0, 1, 0]"
88.4595611095,,5415,,1583006393,310615062,"""Soft Sip""",[0.11017663776874542],"[0, 0, 1, 0]"
88.4653141499,,5416,,1583006393,317548990,"""Soft Sip""",[0.13186083734035492],"[0, 0, 1, 0]"
88.4699649811,,5417,,1583006393,323411941,"""Soft Sip""",[0.14271900057792664],"[0, 0, 1, 0]"
88.4755101204,,5418,,1583006393,327950954,"""Soft Sip""",[0.16443534195423126],"[0, 0, 1, 0]"
88.4805748463,,5419,,1583006393,333520889,"""Soft Sip""",[0.18611954152584076],"[0, 0, 1, 0]"
88.4850566387,,5420,,1583006393,338578939,"""Soft Sip""",[0.19697770476341248],"[0, 0, 1, 0]"
88.4912183285,,5421,,1583006393,343040943,"""Soft Sip""",[0.2078358680009842],"[0, 0, 1, 0]"
88.4968922138,,5422,,1583006393,349379062,"""Soft Sip""",[0.2186940312385559],"[0, 0, 1, 0]"
88.501313448,,5423,,1583006393,354917049,"""Soft Sip""",[0.2403782308101654],"[0, 0, 1, 0]"
88.5070083141,,5424,,1583006393,359297990,"""Soft Sip""",[0.2512364089488983],"[0, 0, 1, 0]"
88.5121455193,,5425,,1583006393,364989995,"""Soft Sip""",[0.26209455728530884],"[0, 0, 1, 0]"
88.5166339874,,5426,,1583006393,370122909,"""Soft Sip""",[0.27295273542404175],"[0, 0, 1, 0]"
88.5223121643,,5427,,1583006393,374749898,"""Soft Sip""",[0.28381088376045227],"[0, 0, 1, 0]"
88.5291428566,,5428,,1583006393,380095005,"""Soft Sip""",[0.2946690618991852],"[0, 0, 1, 0]"
88.5299372673,,5429,,1583006393,386989116,"""Soft-Hard Sip Deadband""",[0.30549511313438416],"[0, 0, 0, 0]"
88.5307672024,,5430,,1583006393,387917995,"""Soft-Hard Sip Deadband""",[0.3163532614707947],"[0, 0, 0, 0]"
88.5315876007,,5431,,1583006393,388750076,"""Soft-Hard Sip Deadband""",[0.3272114396095276],"[0, 0, 0, 0]"
88.5323061943,,5432,,1583006393,389559984,"""Soft-Hard Sip Deadband""",[0.3380695879459381],"[0, 0, 0, 0]"
88.5331375599,,5433,,1583006393,390372991,"""Soft-Hard Sip Deadband""",[0.348927766084671],"[0, 0, 0, 0]"
88.5338513851,,5434,,1583006393,391114950,"""Soft-Hard Sip Deadband""",[0.3597537875175476],"[0, 0, 0, 0]"
88.534570694,,5435,,1583006393,391829013,"""Soft-Hard Sip Deadband""",[0.3706119656562805],"[0, 0, 0, 0]"
88.5354297161,,5436,,1583006393,392663955,"""Soft-Hard Sip Deadband""",[0.38147011399269104],"[0, 0, 0, 0]"
88.5361647606,,5437,,1583006393,393392086,"""Soft-Hard Sip Deadband""",[0.39232829213142395],"[0, 0, 0, 0]"
88.5369131565,,5438,,1583006393,394146919,"""Soft-Hard Sip Deadband""",[0.4031864404678345],"[0, 0, 0, 0]"
88.537653923,,5439,,1583006393,394892930,"""Soft-Hard Sip Deadband""",[0.4140446186065674],"[0, 0, 0, 0]"
88.5384018421,,5440,,1583006393,395628929,"""Soft-Hard Sip Deadband""",[0.42487066984176636],"[0, 0, 0, 0]"
88.5393264294,,5441,,1583006393,396434068,"""Soft-Hard Sip Deadband""",[0.4357288181781769],"[0, 0, 0, 0]"
88.5438504219,,5442,,1583006393,400860071,"""Soft-Hard Sip Deadband""",[0.4465869963169098],"[0, 0, 0, 0]"
88.5498673916,,5443,,1583006393,406847953,"""Soft-Hard Sip Deadband""",[0.4574451446533203],"[0, 0, 0, 0]"
88.5701262951,,5444,,1583006393,426934003,"""Soft-Hard Sip Deadband""",[0.4683033227920532],"[0, 0, 0, 0]"
88.5839633942,,5445,,1583006393,440954923,"""Soft-Hard Sip Deadband""",[0.4791293442249298],"[0, 0, 0, 0]"
88.5962724686,,5446,,1583006393,452879905,"""Soft-Hard Sip Deadband""",[0.4899875223636627],"[0, 0, 0, 0]"
88.6064703465,,5447,,1583006393,458924055,"""Zero Band""",[0.5008456707000732],"[0, 0, 0, 0]"
88.6141905785,,5448,,1583006393,466878890,"""Zero Band""",[0.5117038488388062],"[0, 0, 0, 0]"
88.626652956,,5449,,1583006393,478931903,"""Zero Band""",[0.5225620269775391],"[0, 0, 0, 0]"
88.6318459511,,5450,,1583006393,484850883,"""Zero Band""",[0.533388078212738],"[0, 0, 0, 0]"
88.6421751976,,5451,,1583006393,492944955,"""Zero Band""",[0.5442461967468262],"[0, 0, 0, 0]"
88.6546955109,,5452,,1583006393,506916046,"""Zero Band""",[0.5551043748855591],"[0, 0, 0, 0]"
88.6616590023,,5453,,1583006393,514859914,"""Zero Band""",[0.565962553024292],"[0, 0, 0, 0]"
88.6739170551,,5454,,1583006393,524924993,"""Zero Band""",[0.5768207311630249],"[0, 0, 0, 0]"
88.6828787327,,5455,,1583006393,534888029,"""Zero Band""",[0.587678849697113],"[0, 0, 0, 0]"
88.6896026134,,5456,,1583006393,540879011,"""Zero Band""",[0.598504900932312],"[0, 0, 0, 0]"
88.6970770359,,5457,,1583006393,548836946,"""Zero Band""",[0.6093630790710449],"[0, 0, 0, 0]"
88.7055127621,,5458,,1583006393,556922912,"""Zero Band""",[0.6202212572097778],"[0, 0, 0, 0]"
88.7110996246,,5459,,1583006393,563527107,"""Zero Band""",[0.6310794353485107],"[0, 0, 0, 0]"
88.7185397148,,5460,,1583006393,570839881,"""Zero Band""",[0.6419375538825989],"[0, 0, 0, 0]"
88.7345950603,,5461,,1583006393,584888935,"""Zero Band""",[0.6527636051177979],"[0, 0, 0, 0]"
88.7441077232,,5462,,1583006393,596898078,"""Zero Band""",[0.6636217832565308],"[0, 0, 0, 0]"
88.7601866722,,5463,,1583006393,612915039,"""Zero Band""",[0.6744799613952637],"[0, 0, 0, 0]"
88.7752120495,,5464,,1583006393,626990079,"""Zero Band""",[0.6853380799293518],"[0, 0, 0, 0]"
88.7870681286,,5465,,1583006393,638870000,"""Zero Band""",[0.6961962580680847],"[0, 0, 0, 0]"
88.8027675152,,5466,,1583006393,655035972,"""Zero Band""",[0.7070544362068176],"[0, 0, 0, 0]"
88.8136878014,,5467,,1583006393,664920091,"""Zero Band""",[0.7178804874420166],"[0, 0, 0, 0]"
88.8279554844,,5468,,1583006393,678951978,"""Zero Band""",[0.7287386655807495],"[0, 0, 0, 0]"
88.8456199169,,5469,,1583006393,696907997,"""Zero Band""",[0.7178804874420166],"[0, 0, 0, 0]"
88.8582470417,,5470,,1583006393,708883047,"""Zero Band""",[0.7070544362068176],"[0, 0, 0, 0]"
88.8757286072,,5471,,1583006393,726979970,"""Zero Band""",[0.7178804874420166],"[0, 0, 0, 0]"
88.8809475899,,5472,,1583006393,733814001,"""Zero Band""",[0.7070544362068176],"[0, 0, 0, 0]"
88.8862099648,,5473,,1583006393,738944053,"""Zero Band""",[0.7178804874420166],"[0, 0, 0, 0]"
88.8990032673,,5474,,1583006393,751104116,"""Zero Band""",[0.7070544362068176],"[0, 0, 0, 0]"
88.9072611332,,5475,,1583006393,758888006,"""Zero Band""",[0.6961962580680847],"[0, 0, 0, 0]"
88.9154047966,,5476,,1583006393,766923904,"""Zero Band""",[0.6853380799293518],"[0, 0, 0, 0]"
88.9204452038,,5477,,1583006393,773441076,"""Zero Band""",[0.6744799613952637],"[0, 0, 0, 0]"
88.9272077084,,5478,,1583006393,778525114,"""Zero Band""",[0.6636217832565308],"[0, 0, 0, 0]"
88.9320952892,,5479,,1583006393,785342931,"""Zero Band""",[0.6527636051177979],"[0, 0, 0, 0]"
88.937949419,,5480,,1583006393,790235042,"""Zero Band""",[0.6419375538825989],"[0, 0, 0, 0]"
88.9439740181,,5481,,1583006393,795902967,"""Zero Band""",[0.6310794353485107],"[0, 0, 0, 0]"
88.9488174915,,5482,,1583006393,801956892,"""Zero Band""",[0.6093630790710449],"[0, 0, 0, 0]"
88.955630064,,5483,,1583006393,806813955,"""Zero Band""",[0.598504900932312],"[0, 0, 0, 0]"
88.9634392262,,5484,,1583006393,813760995,"""Zero Band""",[0.587678849697113],"[0, 0, 0, 0]"
88.9689657688,,5485,,1583006393,821435928,"""Zero Band""",[0.565962553024292],"[0, 0, 0, 0]"
88.9744229317,,5486,,1583006393,826939105,"""Zero Band""",[0.5551043748855591],"[0, 0, 0, 0]"
88.9806995392,,5487,,1583006393,832382917,"""Zero Band""",[0.533388078212738],"[0, 0, 0, 0]"
88.9858293533,,5488,,1583006393,838684082,"""Zero Band""",[0.5117038488388062],"[0, 0, 0, 0]"
88.9916725159,,5489,,1583006393,843805074,"""Zero Band""",[0.5008456707000732],"[0, 0, 0, 0]"
88.9928159714,,5490,,1583006393,849714994,"""Soft-Hard Sip Deadband""",[0.4791293442249298],"[0, 0, 0, 0]"
88.9939413071,,5491,,1583006393,850951910,"""Soft-Hard Sip Deadband""",[0.4683033227920532],"[0, 0, 0, 0]"
88.9947750568,,5492,,1583006393,851944923,"""Soft-Hard Sip Deadband""",[0.4574451446533203],"[0, 0, 0, 0]"
88.9956400394,,5493,,1583006393,852771043,"""Soft-Hard Sip Deadband""",[0.4465869963169098],"[0, 0, 0, 0]"
88.9965982437,,5494,,1583006393,853749990,"""Soft-Hard Sip Deadband""",[0.4357288181781769],"[0, 0, 0, 0]"
88.9974749088,,5495,,1583006393,854589939,"""Soft-Hard Sip Deadband""",[0.4465869963169098],"[0, 0, 0, 0]"
88.9983730316,,5496,,1583006393,855479001,"""Soft-Hard Sip Deadband""",[0.4574451446533203],"[0, 0, 0, 0]"
88.9991805553,,5497,,1583006393,856364011,"""Soft-Hard Sip Deadband""",[0.4683033227920532],"[0, 0, 0, 0]"
89.0001301765,,5498,,1583006393,857244968,"""Soft-Hard Sip Deadband""",[0.4791293442249298],"[0, 0, 0, 0]"
89.0010614395,,5499,,1583006393,858195066,"""Soft-Hard Sip Deadband""",[0.4899875223636627],"[0, 0, 0, 0]"
89.0106766224,,5500,,1583006393,862876892,"""Zero Band""",[0.5008456707000732],"[0, 0, 0, 0]"
89.0204062462,,5501,,1583006393,870831966,"""Zero Band""",[0.5117038488388062],"[0, 0, 0, 0]"
89.0308032036,,5502,,1583006393,882927894,"""Zero Band""",[0.5008456707000732],"[0, 0, 0, 0]"
89.0357983112,,5503,,1583006393,888876914,"""Zero Band""",[0.5117038488388062],"[0, 0, 0, 0]"
89.0427072048,,5504,,1583006393,893910884,"""Zero Band""",[0.5008456707000732],"[0, 0, 0, 0]"
89.0494616032,,5505,,1583006393,900775909,"""Zero Band""",[0.5117038488388062],"[0, 0, 0, 0]"
89.0558586121,,5506,,1583006393,907568931,"""Zero Band""",[0.5225620269775391],"[0, 0, 0, 0]"
89.0608878136,,5507,,1583006393,913850069,"""Zero Band""",[0.533388078212738],"[0, 0, 0, 0]"
89.0654017925,,5508,,1583006393,918787956,"""Zero Band""",[0.5442461967468262],"[0, 0, 0, 0]"
89.0699999332,,5509,,1583006393,923468112,"""Zero Band""",[0.5551043748855591],"[0, 0, 0, 0]"
89.0757954121,,5510,,1583006393,928812026,"""Zero Band""",[0.565962553024292],"[0, 0, 0, 0]"
89.0895917416,,5511,,1583006393,939018964,"""Zero Band""",[0.5768207311630249],"[0, 0, 0, 0]"
89.0979762077,,5512,,1583006393,948843002,"""Zero Band""",[0.587678849697113],"[0, 0, 0, 0]"
89.106316328,,5513,,1583006393,956046104,"""Zero Band""",[0.598504900932312],"[0, 0, 0, 0]"
89.1128561497,,5514,,1583006393,964411020,"""Zero Band""",[0.6093630790710449],"[0, 0, 0, 0]"
89.1187787056,,5515,,1583006393,970946073,"""Zero Band""",[0.6202212572097778],"[0, 0, 0, 0]"
89.1246993542,,5516,,1583006393,976862907,"""Zero Band""",[0.6310794353485107],"[0, 0, 0, 0]"
89.1294803619,,5517,,1583006393,982667922,"""Zero Band""",[0.6419375538825989],"[0, 0, 0, 0]"
89.1357486248,,5518,,1583006393,987550973,"""Zero Band""",[0.6527636051177979],"[0, 0, 0, 0]"
89.1409516335,,5519,,1583006393,993854045,"""Zero Band""",[0.6636217832565308],"[0, 0, 0, 0]"
89.1463336945,,5520,,1583006393,998958110,"""Zero Band""",[0.6744799613952637],"[0, 0, 0, 0]"
89.1535682678,,5521,,1583006394,4307985,"""Zero Band""",[0.6853380799293518],"[0, 0, 0, 0]"
89.1589698792,,5522,,1583006394,11542081,"""Zero Band""",[0.6961962580680847],"[0, 0, 0, 0]"
89.1639025211,,5523,,1583006394,17050027,"""Zero Band""",[0.7070544362068176],"[0, 0, 0, 0]"
89.1700148582,,5524,,1583006394,22022008,"""Zero Band""",[0.7178804874420166],"[0, 0, 0, 0]"
89.1753759384,,5525,,1583006394,28028964,"""Zero Band""",[0.7287386655807495],"[0, 0, 0, 0]"
89.182156086,,5526,,1583006394,33375978,"""Zero Band""",[0.7178804874420166],"[0, 0, 0, 0]"
89.1877129078,,5527,,1583006394,39720058,"""Zero Band""",[0.7287386655807495],"[0, 0, 0, 0]"
89.1942789555,,5528,,1583006394,45770883,"""Zero Band""",[0.7178804874420166],"[0, 0, 0, 0]"
89.2026386261,,5529,,1583006394,52295923,"""Zero Band""",[0.7287386655807495],"[0, 0, 0, 0]"
89.2089476585,,5530,,1583006394,60605049,"""Zero Band""",[0.7395967841148376],"[0, 0, 0, 0]"
89.2141139507,,5531,,1583006394,67051887,"""Zero Band""",[0.7504549622535706],"[0, 0, 0, 0]"
89.2206394672,,5532,,1583006394,72220087,"""Zero Band""",[0.7613131403923035],"[0, 0, 0, 0]"
89.2259473801,,5533,,1583006394,78653097,"""Zero Band""",[0.7721391916275024],"[0, 0, 0, 0]"
89.2325701714,,5534,,1583006394,84039926,"""Zero Band""",[0.7829973101615906],"[0, 0, 0, 0]"
89.2396275997,,5535,,1583006394,90658903,"""Zero Band""",[0.7938554883003235],"[0, 0, 0, 0]"
89.2457528114,,5536,,1583006394,97608089,"""Zero Band""",[0.8047136664390564],"[0, 0, 0, 0]"
89.2521591187,,5537,,1583006394,103805065,"""Zero Band""",[0.8155718445777893],"[0, 0, 0, 0]"
89.2577087879,,5538,,1583006394,110217094,"""Zero Band""",[0.8047136664390564],"[0, 0, 0, 0]"
89.2628853321,,5539,,1583006394,115762948,"""Zero Band""",[0.7938554883003235],"[0, 0, 0, 0]"
89.2691104412,,5540,,1583006394,120893001,"""Zero Band""",[0.7829973101615906],"[0, 0, 0, 0]"
89.2764508724,,5541,,1583006394,127226114,"""Zero Band""",[0.7721391916275024],"[0, 0, 0, 0]"
89.2811532021,,5542,,1583006394,134430885,"""Zero Band""",[0.7613131403923035],"[0, 0, 0, 0]"
89.2870075703,,5543,,1583006394,139133930,"""Zero Band""",[0.7504549622535706],"[0, 0, 0, 0]"
89.2934873104,,5544,,1583006394,145087957,"""Zero Band""",[0.7287386655807495],"[0, 0, 0, 0]"
89.2983832359,,5545,,1583006394,151465892,"""Zero Band""",[0.7178804874420166],"[0, 0, 0, 0]"
89.3038599491,,5546,,1583006394,156362056,"""Zero Band""",[0.7070544362068176],"[0, 0, 0, 0]"
89.3104243279,,5547,,1583006394,161974906,"""Zero Band""",[0.6853380799293518],"[0, 0, 0, 0]"
89.3161070347,,5548,,1583006394,168185949,"""Zero Band""",[0.6744799613952637],"[0, 0, 0, 0]"
89.3213789463,,5549,,1583006394,174065113,"""Zero Band""",[0.6636217832565308],"[0, 0, 0, 0]"
89.3269588947,,5550,,1583006394,179352998,"""Zero Band""",[0.6419375538825989],"[0, 0, 0, 0]"
89.3334815502,,5551,,1583006394,184937953,"""Zero Band""",[0.6310794353485107],"[0, 0, 0, 0]"
89.3387720585,,5552,,1583006394,191463947,"""Zero Band""",[0.6202212572097778],"[0, 0, 0, 0]"
89.3453717232,,5553,,1583006394,196738004,"""Zero Band""",[0.6093630790710449],"[0, 0, 0, 0]"
89.3514060974,,5554,,1583006394,203516006,"""Zero Band""",[0.598504900932312],"[0, 0, 0, 0]"
89.3565504551,,5555,,1583006394,209378957,"""Zero Band""",[0.587678849697113],"[0, 0, 0, 0]"
89.3634872437,,5556,,1583006394,214379072,"""Zero Band""",[0.598504900932312],"[0, 0, 0, 0]"
89.3707842827,,5557,,1583006394,221642971,"""Zero Band""",[0.6093630790710449],"[0, 0, 0, 0]"
89.376666069,,5558,,1583006394,228780984,"""Zero Band""",[0.6202212572097778],"[0, 0, 0, 0]"
89.3817548752,,5559,,1583006394,234635114,"""Zero Band""",[0.6310794353485107],"[0, 0, 0, 0]"
89.3869473934,,5560,,1583006394,239722967,"""Zero Band""",[0.6419375538825989],"[0, 0, 0, 0]"
89.3928003311,,5561,,1583006394,244923114,"""Zero Band""",[0.6527636051177979],"[0, 0, 0, 0]"
89.3986353874,,5562,,1583006394,250803947,"""Zero Band""",[0.6636217832565308],"[0, 0, 0, 0]"
89.4046046734,,5563,,1583006394,256609916,"""Zero Band""",[0.6744799613952637],"[0, 0, 0, 0]"
89.4102711678,,5564,,1583006394,262690067,"""Zero Band""",[0.6853380799293518],"[0, 0, 0, 0]"
89.415848732,,5565,,1583006394,268089056,"""Zero Band""",[0.6961962580680847],"[0, 0, 0, 0]"
89.4207668304,,5566,,1583006394,273916006,"""Zero Band""",[0.7070544362068176],"[0, 0, 0, 0]"
89.427116394,,5567,,1583006394,278737068,"""Zero Band""",[0.7178804874420166],"[0, 0, 0, 0]"
89.4325642586,,5568,,1583006394,285088062,"""Zero Band""",[0.7287386655807495],"[0, 0, 0, 0]"
89.4375228882,,5569,,1583006394,290539979,"""Zero Band""",[0.7178804874420166],"[0, 0, 0, 0]"
89.4429078102,,5570,,1583006394,295491933,"""Zero Band""",[0.7070544362068176],"[0, 0, 0, 0]"
89.4482448101,,5571,,1583006394,300930023,"""Zero Band""",[0.6961962580680847],"[0, 0, 0, 0]"
89.4533979893,,5572,,1583006394,306133985,"""Zero Band""",[0.6853380799293518],"[0, 0, 0, 0]"
89.4602708817,,5573,,1583006394,311508893,"""Zero Band""",[0.6744799613952637],"[0, 0, 0, 0]"
89.4666934013,,5574,,1583006394,317975044,"""Zero Band""",[0.6636217832565308],"[0, 0, 0, 0]"
89.4716672897,,5575,,1583006394,324678897,"""Zero Band""",[0.6527636051177979],"[0, 0, 0, 0]"
89.477694273,,5576,,1583006394,329657077,"""Zero Band""",[0.6310794353485107],"[0, 0, 0, 0]"
89.4822912216,,5577,,1583006394,335835933,"""Zero Band""",[0.6202212572097778],"[0, 0, 0, 0]"
89.4881677628,,5578,,1583006394,340270996,"""Zero Band""",[0.6093630790710449],"[0, 0, 0, 0]"
89.4949951172,,5579,,1583006394,346148967,"""Zero Band""",[0.587678849697113],"[0, 0, 0, 0]"
89.501393795,,5580,,1583006394,352875947,"""Zero Band""",[0.565962553024292],"[0, 0, 0, 0]"
89.5061724186,,5581,,1583006394,359385013,"""Zero Band""",[0.5442461967468262],"[0, 0, 0, 0]"
89.5121939182,,5582,,1583006394,364216089,"""Zero Band""",[0.5008456707000732],"[0, 0, 0, 0]"
89.5129218102,,5583,,1583006394,370047092,"""Soft-Hard Sip Deadband""",[0.4791293442249298],"[0, 0, 0, 0]"
89.5136404037,,5584,,1583006394,370940923,"""Soft-Hard Sip Deadband""",[0.4574451446533203],"[0, 0, 0, 0]"
89.5144355297,,5585,,1583006394,371637105,"""Soft-Hard Sip Deadband""",[0.42487066984176636],"[0, 0, 0, 0]"
89.5151386261,,5586,,1583006394,372411966,"""Soft-Hard Sip Deadband""",[0.4031864404678345],"[0, 0, 0, 0]"
89.5159702301,,5587,,1583006394,373115062,"""Soft-Hard Sip Deadband""",[0.38147011399269104],"[0, 0, 0, 0]"
89.5167860985,,5588,,1583006394,373963117,"""Soft-Hard Sip Deadband""",[0.348927766084671],"[0, 0, 0, 0]"
89.5176661015,,5589,,1583006394,374773979,"""Soft-Hard Sip Deadband""",[0.3272114396095276],"[0, 0, 0, 0]"
89.5233676434,,5590,,1583006394,375803947,"""Soft Sip""",[0.28381088376045227],"[0, 0, 1, 0]"
89.5299539566,,5591,,1583006394,381423950,"""Soft Sip""",[0.26209455728530884],"[0, 0, 1, 0]"
89.535738945,,5592,,1583006394,387980937,"""Soft Sip""",[0.2403782308101654],"[0, 0, 1, 0]"
89.5404090881,,5593,,1583006394,393640041,"""Soft Sip""",[0.2186940312385559],"[0, 0, 1, 0]"
89.5462965965,,5594,,1583006394,398396968,"""Soft Sip""",[0.19697770476341248],"[0, 0, 1, 0]"
89.5510168076,,5595,,1583006394,404300928,"""Soft Sip""",[0.17529350519180298],"[0, 0, 1, 0]"
89.5563702583,,5596,,1583006394,409041881,"""Soft Sip""",[0.15357716381549835],"[0, 0, 1, 0]"
89.563202858,,5597,,1583006394,414352893,"""Soft Sip""",[0.14271900057792664],"[0, 0, 1, 0]"
89.5686144829,,5598,,1583006394,421192884,"""Soft Sip""",[0.13186083734035492],"[0, 0, 1, 0]"
89.5760250092,,5599,,1583006394,426493883,"""Soft Sip""",[0.11017663776874542],"[0, 0, 1, 0]"
89.5829162598,,5600,,1583006394,434050083,"""Soft Sip""",[0.0993184745311737],"[0, 0, 1, 0]"
89.5887656212,,5601,,1583006394,440924882,"""Soft Sip""",[0.07760214805603027],"[0, 0, 1, 0]"
89.596927166,,5602,,1583006394,446790933,"""Soft Sip""",[0.06674397736787796],"[0, 0, 1, 0]"
89.6023499966,,5603,,1583006394,454924106,"""Soft Sip""",[0.05591794103384018],"[0, 0, 1, 0]"
89.6069390774,,5604,,1583006394,460330009,"""Soft Sip""",[0.03420161083340645],"[0, 0, 1, 0]"
89.6124238968,,5605,,1583006394,464915990,"""Soft Sip""",[0.023343447595834732],"[0, 0, 1, 0]"
89.6173067093,,5606,,1583006394,470313072,"""Soft Sip""",[0.012485282495617867],"[0, 0, 1, 0]"
89.6181027889,,5607,,1583006394,475292921,"""Zero Band""",[0.0016592431347817183],"[0, 0, 0, 0]"
89.6187670231,,5608,,1583006394,476083040,"""Zero Band""",[-0.0],"[0, 0, 0, 0]"
89.6194374561,,5609,,1583006394,476756095,"""Zero Band""",[-0.0],"[0, 0, 0, 0]"
89.6203968525,,5610,,1583006394,477411031,"""Zero Band""",[-0.0],"[0, 0, 0, 0]"
89.6211423874,,5611,,1583006394,478312969,"""Zero Band""",[-0.0],"[0, 0, 0, 0]"
89.621950388,,5612,,1583006394,479104042,"""Zero Band""",[-0.0],"[0, 0, 0, 0]"
89.6230416298,,5613,,1583006394,479994058,"""Zero Band""",[-0.0],"[0, 0, 0, 0]"
89.6231808662,,5614,,1583006394,479994058,"""input stopped""",[-0.0],"[0, 0, 0, 0]"
90.1370558739,,5615,,1583006394,993879079,"""Zero Band""",[-0.0],"[0, 0, 0, 0]"
90.1397416592,,5616,,1583006394,996875047,"""Zero Band""",[-0.0],"[0, 0, 0, 0]"
90.1456582546,,5617,,1583006395,2862930,"""Zero Band""",[-0.0],"[0, 0, 0, 0]"
90.1475651264,,5618,,1583006395,4791021,"""Zero Band""",[-0.0],"[0, 0, 0, 0]"
90.1536870003,,5619,,1583006395,10839939,"""Zero Band""",[-0.0],"[0, 0, 0, 0]"
90.1557769775,,5620,,1583006395,12841939,"""Zero Band""",[0.0016592431347817183],"[0, 0, 0, 0]"
90.1623315811,,5621,,1583006395,14831066,"""Soft Sip""",[0.012485282495617867],"[0, 0, 1, 0]"
90.1687939167,,5622,,1583006395,20401954,"""Soft Sip""",[0.023343447595834732],"[0, 0, 1, 0]"
90.1736159325,,5623,,1583006395,26854991,"""Soft Sip""",[0.03420161083340645],"[0, 0, 1, 0]"
90.1798779964,,5624,,1583006395,31625032,"""Soft Sip""",[0.04505977779626846],"[0, 0, 1, 0]"
90.1855857372,,5625,,1583006395,37982940,"""Soft Sip""",[0.05591794103384018],"[0, 0, 1, 0]"
90.1927061081,,5626,,1583006395,43566942,"""Soft Sip""",[0.06674397736787796],"[0, 0, 1, 0]"
90.1982951164,,5627,,1583006395,50744056,"""Soft Sip""",[0.07760214805603027],"[0, 0, 1, 0]"
90.2043955326,,5628,,1583006395,56390047,"""Soft Sip""",[0.08846031129360199],"[0, 0, 1, 0]"
90.2092540264,,5629,,1583006395,62360048,"""Soft Sip""",[0.0993184745311737],"[0, 0, 1, 0]"
90.2157392502,,5630,,1583006395,67238092,"""Soft Sip""",[0.11017663776874542],"[0, 0, 1, 0]"
90.2225043774,,5631,,1583006395,73720932,"""Soft Sip""",[0.12103480100631714],"[0, 0, 1, 0]"
90.2296450138,,5632,,1583006395,80631017,"""Soft Sip""",[0.13186083734035492],"[0, 0, 1, 0]"
90.2345254421,,5633,,1583006395,87667942,"""Soft Sip""",[0.14271900057792664],"[0, 0, 1, 0]"
90.2404592037,,5634,,1583006395,92503070,"""Soft Sip""",[0.15357716381549835],"[0, 0, 1, 0]"
90.2463994026,,5635,,1583006395,98438978,"""Soft Sip""",[0.16443534195423126],"[0, 0, 1, 0]"
90.2518656254,,5636,,1583006395,104475021,"""Soft Sip""",[0.17529350519180298],"[0, 0, 1, 0]"
90.2595553398,,5637,,1583006395,109908103,"""Soft Sip""",[0.18611954152584076],"[0, 0, 1, 0]"
90.2810440063,,5638,,1583006395,132998943,"""Soft Sip""",[0.17529350519180298],"[0, 0, 1, 0]"
90.2871835232,,5639,,1583006395,139117002,"""Soft Sip""",[0.18611954152584076],"[0, 0, 1, 0]"
90.2930619717,,5640,,1583006395,145263910,"""Soft Sip""",[0.17529350519180298],"[0, 0, 1, 0]"
90.3193800449,,5641,,1583006395,170969963,"""Soft Sip""",[0.18611954152584076],"[0, 0, 1, 0]"
90.3427252769,,5642,,1583006395,194899082,"""Soft Sip""",[0.17529350519180298],"[0, 0, 1, 0]"
90.3562560081,,5643,,1583006395,206908941,"""Soft Sip""",[0.16443534195423126],"[0, 0, 1, 0]"
90.3685193062,,5644,,1583006395,220885038,"""Soft Sip""",[0.15357716381549835],"[0, 0, 1, 0]"
90.3871781826,,5645,,1583006395,238964080,"""Soft Sip""",[0.16443534195423126],"[0, 0, 1, 0]"
90.3997514248,,5646,,1583006395,252897024,"""Soft Sip""",[0.17529350519180298],"[0, 0, 1, 0]"
90.4052245617,,5647,,1583006395,257814884,"""Soft Sip""",[0.18611954152584076],"[0, 0, 1, 0]"
90.4111938477,,5648,,1583006395,263269901,"""Soft Sip""",[0.19697770476341248],"[0, 0, 1, 0]"
90.4177820683,,5649,,1583006395,269319057,"""Soft Sip""",[0.2078358680009842],"[0, 0, 1, 0]"
90.4243118763,,5650,,1583006395,275887012,"""Soft Sip""",[0.2186940312385559],"[0, 0, 1, 0]"
90.4297804832,,5651,,1583006395,282407045,"""Soft Sip""",[0.22955219447612762],"[0, 0, 1, 0]"
90.4350986481,,5652,,1583006395,287641048,"""Soft Sip""",[0.2403782308101654],"[0, 0, 1, 0]"
90.4431045055,,5653,,1583006395,293207883,"""Soft Sip""",[0.2512364089488983],"[0, 0, 1, 0]"
90.4501516819,,5654,,1583006395,301090002,"""Soft Sip""",[0.26209455728530884],"[0, 0, 1, 0]"
90.4555621147,,5655,,1583006395,308226108,"""Soft Sip""",[0.27295273542404175],"[0, 0, 1, 0]"
90.4617927074,,5656,,1583006395,313540935,"""Soft Sip""",[0.28381088376045227],"[0, 0, 1, 0]"
90.4664952755,,5657,,1583006395,319772005,"""Soft Sip""",[0.2946690618991852],"[0, 0, 1, 0]"
90.4680407047,,5658,,1583006395,324559926,"""Soft-Hard Sip Deadband""",[0.30549511313438416],"[0, 0, 0, 0]"
90.4685921669,,5659,,1583006395,325826883,"""Soft-Hard Sip Deadband""",[0.3163532614707947],"[0, 0, 0, 0]"
90.4692993164,,5660,,1583006395,326566934,"""Soft-Hard Sip Deadband""",[0.3272114396095276],"[0, 0, 0, 0]"
90.47002244,,5661,,1583006395,327338933,"""Soft-Hard Sip Deadband""",[0.3380695879459381],"[0, 0, 0, 0]"
90.4783322811,,5662,,1583006395,335000991,"""Soft-Hard Sip Deadband""",[0.3272114396095276],"[0, 0, 0, 0]"
90.4797582626,,5663,,1583006395,336870908,"""Soft-Hard Sip Deadband""",[0.3380695879459381],"[0, 0, 0, 0]"
90.4922466278,,5664,,1583006395,348892927,"""Soft-Hard Sip Deadband""",[0.3272114396095276],"[0, 0, 0, 0]"
90.5062220097,,5665,,1583006395,362907886,"""Soft-Hard Sip Deadband""",[0.3163532614707947],"[0, 0, 0, 0]"
90.5142710209,,5666,,1583006395,370943069,"""Soft-Hard Sip Deadband""",[0.30549511313438416],"[0, 0, 0, 0]"
90.5422325134,,5667,,1583006395,394902944,"""Soft Sip""",[0.2946690618991852],"[0, 0, 1, 0]"
90.5519793034,,5668,,1583006395,408914089,"""Soft-Hard Sip Deadband""",[0.30549511313438416],"[0, 0, 0, 0]"
90.5600605011,,5669,,1583006395,416954040,"""Soft-Hard Sip Deadband""",[0.3163532614707947],"[0, 0, 0, 0]"
90.563647747,,5670,,1583006395,420835971,"""Soft-Hard Sip Deadband""",[0.3272114396095276],"[0, 0, 0, 0]"
90.570556879,,5671,,1583006395,427000045,"""Soft-Hard Sip Deadband""",[0.3380695879459381],"[0, 0, 0, 0]"
90.5718586445,,5672,,1583006395,428879976,"""Soft-Hard Sip Deadband""",[0.348927766084671],"[0, 0, 0, 0]"
90.5779566765,,5673,,1583006395,434937000,"""Soft-Hard Sip Deadband""",[0.3597537875175476],"[0, 0, 0, 0]"
90.5858700275,,5674,,1583006395,442902088,"""Soft-Hard Sip Deadband""",[0.3706119656562805],"[0, 0, 0, 0]"
90.5907351971,,5675,,1583006395,447031021,"""Soft-Hard Sip Deadband""",[0.38147011399269104],"[0, 0, 0, 0]"
90.5958731174,,5676,,1583006395,452888011,"""Soft-Hard Sip Deadband""",[0.39232829213142395],"[0, 0, 0, 0]"
90.599694252,,5677,,1583006395,456859111,"""Soft-Hard Sip Deadband""",[0.4031864404678345],"[0, 0, 0, 0]"
90.6263349056,,5678,,1583006395,482927083,"""Soft-Hard Sip Deadband""",[0.39232829213142395],"[0, 0, 0, 0]"
90.6339724064,,5679,,1583006395,490927934,"""Soft-Hard Sip Deadband""",[0.38147011399269104],"[0, 0, 0, 0]"
90.6398906708,,5680,,1583006395,496876955,"""Soft-Hard Sip Deadband""",[0.3706119656562805],"[0, 0, 0, 0]"
90.6478333473,,5681,,1583006395,504908084,"""Soft-Hard Sip Deadband""",[0.3597537875175476],"[0, 0, 0, 0]"
90.6662356853,,5682,,1583006395,522978067,"""Soft-Hard Sip Deadband""",[0.3706119656562805],"[0, 0, 0, 0]"
90.671662569,,5683,,1583006395,528812885,"""Soft-Hard Sip Deadband""",[0.38147011399269104],"[0, 0, 0, 0]"
90.6759769917,,5684,,1583006395,532910108,"""Soft-Hard Sip Deadband""",[0.39232829213142395],"[0, 0, 0, 0]"
90.6818554401,,5685,,1583006395,538853883,"""Soft-Hard Sip Deadband""",[0.4031864404678345],"[0, 0, 0, 0]"
90.6837060452,,5686,,1583006395,540880918,"""Soft-Hard Sip Deadband""",[0.4140446186065674],"[0, 0, 0, 0]"
90.6898243427,,5687,,1583006395,546910047,"""Soft-Hard Sip Deadband""",[0.42487066984176636],"[0, 0, 0, 0]"
90.6980824471,,5688,,1583006395,554985046,"""Soft-Hard Sip Deadband""",[0.4357288181781769],"[0, 0, 0, 0]"
90.7016904354,,5689,,1583006395,558851957,"""Soft-Hard Sip Deadband""",[0.4465869963169098],"[0, 0, 0, 0]"
90.7120509148,,5690,,1583006395,568973064,"""Soft-Hard Sip Deadband""",[0.4574451446533203],"[0, 0, 0, 0]"
90.7239305973,,5691,,1583006395,580899000,"""Soft-Hard Sip Deadband""",[0.4465869963169098],"[0, 0, 0, 0]"
90.7275874615,,5692,,1583006395,584810018,"""Soft-Hard Sip Deadband""",[0.4357288181781769],"[0, 0, 0, 0]"
90.7337999344,,5693,,1583006395,590893983,"""Soft-Hard Sip Deadband""",[0.42487066984176636],"[0, 0, 0, 0]"
90.7377307415,,5694,,1583006395,594846963,"""Soft-Hard Sip Deadband""",[0.4140446186065674],"[0, 0, 0, 0]"
90.7417714596,,5695,,1583006395,598846912,"""Soft-Hard Sip Deadband""",[0.4031864404678345],"[0, 0, 0, 0]"
90.7438743114,,5696,,1583006395,600853919,"""Soft-Hard Sip Deadband""",[0.39232829213142395],"[0, 0, 0, 0]"
90.7501888275,,5697,,1583006395,606894016,"""Soft-Hard Sip Deadband""",[0.38147011399269104],"[0, 0, 0, 0]"
90.7603096962,,5698,,1583006395,616991043,"""Soft-Hard Sip Deadband""",[0.3706119656562805],"[0, 0, 0, 0]"
90.7780389786,,5699,,1583006395,634927988,"""Soft-Hard Sip Deadband""",[0.3597537875175476],"[0, 0, 0, 0]"
90.7879464626,,5700,,1583006395,644886970,"""Soft-Hard Sip Deadband""",[0.3706119656562805],"[0, 0, 0, 0]"
90.8058233261,,5701,,1583006395,662892103,"""Soft-Hard Sip Deadband""",[0.3597537875175476],"[0, 0, 0, 0]"
90.8203094006,,5702,,1583006395,676949024,"""Soft-Hard Sip Deadband""",[0.348927766084671],"[0, 0, 0, 0]"
90.8278162479,,5703,,1583006395,684859991,"""Soft-Hard Sip Deadband""",[0.3380695879459381],"[0, 0, 0, 0]"
90.8360280991,,5704,,1583006395,692934036,"""Soft-Hard Sip Deadband""",[0.3272114396095276],"[0, 0, 0, 0]"
90.8396646976,,5705,,1583006395,696858882,"""Soft-Hard Sip Deadband""",[0.3163532614707947],"[0, 0, 0, 0]"
90.8661730289,,5706,,1583006395,722980976,"""Soft-Hard Sip Deadband""",[0.30549511313438416],"[0, 0, 0, 0]"
90.8808410168,,5707,,1583006395,733007907,"""Soft Sip""",[0.2946690618991852],"[0, 0, 1, 0]"
90.8949561119,,5708,,1583006395,744884014,"""Soft Sip""",[0.28381088376045227],"[0, 0, 1, 0]"
90.900708437,,5709,,1583006395,752984046,"""Soft Sip""",[0.27295273542404175],"[0, 0, 1, 0]"
90.9052097797,,5710,,1583006395,758754968,"""Soft Sip""",[0.26209455728530884],"[0, 0, 1, 0]"
90.9127624035,,5711,,1583006395,763248920,"""Soft Sip""",[0.2512364089488983],"[0, 0, 1, 0]"
90.918974638,,5712,,1583006395,770829916,"""Soft Sip""",[0.2403782308101654],"[0, 0, 1, 0]"
90.9237992764,,5713,,1583006395,777014970,"""Soft Sip""",[0.22955219447612762],"[0, 0, 1, 0]"
90.9304683208,,5714,,1583006395,781799077,"""Soft Sip""",[0.2186940312385559],"[0, 0, 1, 0]"
90.9374248981,,5715,,1583006395,790878057,"""Soft Sip""",[0.22955219447612762],"[0, 0, 1, 0]"
90.9489135742,,5716,,1583006395,800926923,"""Soft Sip""",[0.2403782308101654],"[0, 0, 1, 0]"
90.9550628662,,5717,,1583006395,807014942,"""Soft Sip""",[0.2512364089488983],"[0, 0, 1, 0]"
90.9636616707,,5718,,1583006395,814888000,"""Soft Sip""",[0.26209455728530884],"[0, 0, 1, 0]"
90.9695751667,,5719,,1583006395,822854995,"""Soft Sip""",[0.27295273542404175],"[0, 0, 1, 0]"
90.9766590595,,5720,,1583006395,828846931,"""Soft Sip""",[0.28381088376045227],"[0, 0, 1, 0]"
90.997677803,,5721,,1583006395,848927974,"""Soft Sip""",[0.27295273542404175],"[0, 0, 1, 0]"
91.0121669769,,5722,,1583006395,862963914,"""Soft Sip""",[0.26209455728530884],"[0, 0, 1, 0]"
91.0177032948,,5723,,1583006395,870219945,"""Soft Sip""",[0.27295273542404175],"[0, 0, 1, 0]"
91.0278105736,,5724,,1583006395,880865097,"""Soft Sip""",[0.28381088376045227],"[0, 0, 1, 0]"
91.0358133316,,5725,,1583006395,888833045,"""Soft Sip""",[0.2946690618991852],"[0, 0, 1, 0]"
91.0405611992,,5726,,1583006395,897099018,"""Soft-Hard Sip Deadband""",[0.30549511313438416],"[0, 0, 0, 0]"
91.0527458191,,5727,,1583006395,904860019,"""Soft Sip""",[0.2946690618991852],"[0, 0, 1, 0]"
91.068236351,,5728,,1583006395,918970108,"""Soft Sip""",[0.28381088376045227],"[0, 0, 1, 0]"
91.0742514133,,5729,,1583006395,926469087,"""Soft Sip""",[0.27295273542404175],"[0, 0, 1, 0]"
91.0817625523,,5730,,1583006395,934875965,"""Soft Sip""",[0.26209455728530884],"[0, 0, 1, 0]"
91.0896773338,,5731,,1583006395,939901113,"""Soft Sip""",[0.2512364089488983],"[0, 0, 1, 0]"
91.0968523026,,5732,,1583006395,948878049,"""Soft Sip""",[0.2403782308101654],"[0, 0, 1, 0]"
91.1088733673,,5733,,1583006395,960908889,"""Soft Sip""",[0.22955219447612762],"[0, 0, 1, 0]"
91.1368918419,,5734,,1583006395,988940000,"""Soft Sip""",[0.2403782308101654],"[0, 0, 1, 0]"
91.1533312798,,5735,,1583006396,4987955,"""Soft Sip""",[0.2512364089488983],"[0, 0, 1, 0]"
91.1926188469,,5736,,1583006396,45053005,"""Soft Sip""",[0.26209455728530884],"[0, 0, 1, 0]"
91.2000596523,,5737,,1583006396,52867889,"""Soft Sip""",[0.27295273542404175],"[0, 0, 1, 0]"
91.2171633244,,5738,,1583006396,68949937,"""Soft Sip""",[0.28381088376045227],"[0, 0, 1, 0]"
91.2284524441,,5739,,1583006396,78913927,"""Soft Sip""",[0.2946690618991852],"[0, 0, 1, 0]"
91.2442772388,,5740,,1583006396,101070880,"""Soft-Hard Sip Deadband""",[0.30549511313438416],"[0, 0, 0, 0]"
91.275891304,,5741,,1583006396,126945972,"""Soft Sip""",[0.2946690618991852],"[0, 0, 1, 0]"
91.2961330414,,5742,,1583006396,152945995,"""Soft-Hard Sip Deadband""",[0.30549511313438416],"[0, 0, 0, 0]"
91.3141298294,,5743,,1583006396,170947074,"""Soft-Hard Sip Deadband""",[0.3163532614707947],"[0, 0, 0, 0]"
91.3381581306,,5744,,1583006396,194983005,"""Soft-Hard Sip Deadband""",[0.3272114396095276],"[0, 0, 0, 0]"
91.3396673203,,5745,,1583006396,196825981,"""Soft-Hard Sip Deadband""",[0.3163532614707947],"[0, 0, 0, 0]"
91.3415966034,,5746,,1583006396,198812961,"""Soft-Hard Sip Deadband""",[0.3272114396095276],"[0, 0, 0, 0]"
91.3455209732,,5747,,1583006396,202826976,"""Soft-Hard Sip Deadband""",[0.3163532614707947],"[0, 0, 0, 0]"
91.3476848602,,5748,,1583006396,204806089,"""Soft-Hard Sip Deadband""",[0.3272114396095276],"[0, 0, 0, 0]"
91.3498828411,,5749,,1583006396,206825971,"""Soft-Hard Sip Deadband""",[0.3163532614707947],"[0, 0, 0, 0]"
91.3840787411,,5750,,1583006396,240981101,"""Soft-Hard Sip Deadband""",[0.30549511313438416],"[0, 0, 0, 0]"
91.4026002884,,5751,,1583006396,254954099,"""Soft Sip""",[0.2946690618991852],"[0, 0, 1, 0]"
91.4127407074,,5752,,1583006396,262849092,"""Soft Sip""",[0.28381088376045227],"[0, 0, 1, 0]"
91.4190843105,,5753,,1583006396,270831108,"""Soft Sip""",[0.27295273542404175],"[0, 0, 1, 0]"
91.4240031242,,5754,,1583006396,277168989,"""Soft Sip""",[0.26209455728530884],"[0, 0, 1, 0]"
91.4383878708,,5755,,1583006396,290931940,"""Soft Sip""",[0.2512364089488983],"[0, 0, 1, 0]"
91.4459505081,,5756,,1583006396,296468973,"""Soft Sip""",[0.26209455728530884],"[0, 0, 1, 0]"
91.4552116394,,5757,,1583006396,306880950,"""Soft Sip""",[0.27295273542404175],"[0, 0, 1, 0]"
91.4615004063,,5758,,1583006396,313328981,"""Soft Sip""",[0.26209455728530884],"[0, 0, 1, 0]"
91.467975378,,5759,,1583006396,319621086,"""Soft Sip""",[0.27295273542404175],"[0, 0, 1, 0]"
91.4728348255,,5760,,1583006396,326054096,"""Soft Sip""",[0.28381088376045227],"[0, 0, 1, 0]"
91.4785456657,,5761,,1583006396,330938100,"""Soft Sip""",[0.2946690618991852],"[0, 0, 1, 0]"
91.4796702862,,5762,,1583006396,336633920,"""Soft-Hard Sip Deadband""",[0.30549511313438416],"[0, 0, 0, 0]"
91.4841592312,,5763,,1583006396,340905904,"""Soft-Hard Sip Deadband""",[0.3163532614707947],"[0, 0, 0, 0]"
91.4876823425,,5764,,1583006396,344810962,"""Soft-Hard Sip Deadband""",[0.3272114396095276],"[0, 0, 0, 0]"
91.4943315983,,5765,,1583006396,350935935,"""Soft-Hard Sip Deadband""",[0.3380695879459381],"[0, 0, 0, 0]"
91.4984185696,,5766,,1583006396,354959964,"""Soft-Hard Sip Deadband""",[0.348927766084671],"[0, 0, 0, 0]"
91.5016977787,,5767,,1583006396,358853101,"""Soft-Hard Sip Deadband""",[0.3597537875175476],"[0, 0, 0, 0]"
91.509832859,,5768,,1583006396,366885900,"""Soft-Hard Sip Deadband""",[0.3706119656562805],"[0, 0, 0, 0]"
91.5200309753,,5769,,1583006396,376916885,"""Soft-Hard Sip Deadband""",[0.38147011399269104],"[0, 0, 0, 0]"
91.5359861851,,5770,,1583006396,392961025,"""Soft-Hard Sip Deadband""",[0.39232829213142395],"[0, 0, 0, 0]"
91.5375406742,,5771,,1583006396,394795894,"""Soft-Hard Sip Deadband""",[0.38147011399269104],"[0, 0, 0, 0]"
91.5396080017,,5772,,1583006396,396815061,"""Soft-Hard Sip Deadband""",[0.39232829213142395],"[0, 0, 0, 0]"
91.5416936874,,5773,,1583006396,398807048,"""Soft-Hard Sip Deadband""",[0.38147011399269104],"[0, 0, 0, 0]"
91.5499815941,,5774,,1583006396,406933069,"""Soft-Hard Sip Deadband""",[0.39232829213142395],"[0, 0, 0, 0]"
91.5742616653,,5775,,1583006396,430989980,"""Soft-Hard Sip Deadband""",[0.4031864404678345],"[0, 0, 0, 0]"
91.5963118076,,5776,,1583006396,452996969,"""Soft-Hard Sip Deadband""",[0.39232829213142395],"[0, 0, 0, 0]"
91.5978169441,,5777,,1583006396,454895019,"""Soft-Hard Sip Deadband""",[0.4031864404678345],"[0, 0, 0, 0]"
91.6016256809,,5778,,1583006396,458816051,"""Soft-Hard Sip Deadband""",[0.39232829213142395],"[0, 0, 0, 0]"
91.6361336708,,5779,,1583006396,492949008,"""Soft-Hard Sip Deadband""",[0.38147011399269104],"[0, 0, 0, 0]"
91.6481335163,,5780,,1583006396,504940032,"""Soft-Hard Sip Deadband""",[0.3706119656562805],"[0, 0, 0, 0]"
91.6621944904,,5781,,1583006396,519002914,"""Soft-Hard Sip Deadband""",[0.3597537875175476],"[0, 0, 0, 0]"
91.6738071442,,5782,,1583006396,530893087,"""Soft-Hard Sip Deadband""",[0.3706119656562805],"[0, 0, 0, 0]"
91.6757528782,,5783,,1583006396,532839059,"""Soft-Hard Sip Deadband""",[0.3597537875175476],"[0, 0, 0, 0]"
91.695971489,,5784,,1583006396,552947998,"""Soft-Hard Sip Deadband""",[0.3706119656562805],"[0, 0, 0, 0]"
91.6997511387,,5785,,1583006396,556849956,"""Soft-Hard Sip Deadband""",[0.3597537875175476],"[0, 0, 0, 0]"
91.7283143997,,5786,,1583006396,585086107,"""Soft-Hard Sip Deadband""",[0.348927766084671],"[0, 0, 0, 0]"
91.7459738255,,5787,,1583006396,602965116,"""Soft-Hard Sip Deadband""",[0.3380695879459381],"[0, 0, 0, 0]"
91.7559132576,,5788,,1583006396,612888097,"""Soft-Hard Sip Deadband""",[0.3272114396095276],"[0, 0, 0, 0]"
91.7660717964,,5789,,1583006396,622941970,"""Soft-Hard Sip Deadband""",[0.3163532614707947],"[0, 0, 0, 0]"
91.7822225094,,5790,,1583006396,638983964,"""Soft-Hard Sip Deadband""",[0.30549511313438416],"[0, 0, 0, 0]"
91.8002259731,,5791,,1583006396,652894020,"""Soft Sip""",[0.2946690618991852],"[0, 0, 1, 0]"
91.8162491322,,5792,,1583006396,673005104,"""Soft-Hard Sip Deadband""",[0.30549511313438416],"[0, 0, 0, 0]"
91.830517292,,5793,,1583006396,687041997,"""Soft-Hard Sip Deadband""",[0.3163532614707947],"[0, 0, 0, 0]"
91.8399794102,,5794,,1583006396,696937084,"""Soft-Hard Sip Deadband""",[0.3272114396095276],"[0, 0, 0, 0]"
91.8439822197,,5795,,1583006396,700861930,"""Soft-Hard Sip Deadband""",[0.3380695879459381],"[0, 0, 0, 0]"
91.8559248447,,5796,,1583006396,712877988,"""Soft-Hard Sip Deadband""",[0.348927766084671],"[0, 0, 0, 0]"
91.859970808,,5797,,1583006396,716934919,"""Soft-Hard Sip Deadband""",[0.3597537875175476],"[0, 0, 0, 0]"
91.8681516647,,5798,,1583006396,724939107,"""Soft-Hard Sip Deadband""",[0.3706119656562805],"[0, 0, 0, 0]"
91.8697266579,,5799,,1583006396,726865053,"""Soft-Hard Sip Deadband""",[0.38147011399269104],"[0, 0, 0, 0]"
91.8758842945,,5800,,1583006396,732857942,"""Soft-Hard Sip Deadband""",[0.39232829213142395],"[0, 0, 0, 0]"
91.8840920925,,5801,,1583006396,740905046,"""Soft-Hard Sip Deadband""",[0.4031864404678345],"[0, 0, 0, 0]"
91.962282896,,5802,,1583006396,819008111,"""Soft-Hard Sip Deadband""",[0.39232829213142395],"[0, 0, 0, 0]"
91.9720492363,,5803,,1583006396,828967094,"""Soft-Hard Sip Deadband""",[0.38147011399269104],"[0, 0, 0, 0]"
91.9801566601,,5804,,1583006396,836975097,"""Soft-Hard Sip Deadband""",[0.3706119656562805],"[0, 0, 0, 0]"
91.9858934879,,5805,,1583006396,842896938,"""Soft-Hard Sip Deadband""",[0.3597537875175476],"[0, 0, 0, 0]"
91.9898934364,,5806,,1583006396,846939086,"""Soft-Hard Sip Deadband""",[0.348927766084671],"[0, 0, 0, 0]"
91.9978168011,,5807,,1583006396,854887962,"""Soft-Hard Sip Deadband""",[0.3380695879459381],"[0, 0, 0, 0]"
92.0204341412,,5808,,1583006396,877012968,"""Soft-Hard Sip Deadband""",[0.348927766084671],"[0, 0, 0, 0]"
92.0242819786,,5809,,1583006396,880939006,"""Soft-Hard Sip Deadband""",[0.3597537875175476],"[0, 0, 0, 0]"
92.0304167271,,5810,,1583006396,887011051,"""Soft-Hard Sip Deadband""",[0.3706119656562805],"[0, 0, 0, 0]"
92.0319449902,,5811,,1583006396,888863086,"""Soft-Hard Sip Deadband""",[0.38147011399269104],"[0, 0, 0, 0]"
92.0339565277,,5812,,1583006396,890907049,"""Soft-Hard Sip Deadband""",[0.39232829213142395],"[0, 0, 0, 0]"
92.0381000042,,5813,,1583006396,894891977,"""Soft-Hard Sip Deadband""",[0.4031864404678345],"[0, 0, 0, 0]"
92.0396680832,,5814,,1583006396,896867990,"""Soft-Hard Sip Deadband""",[0.4140446186065674],"[0, 0, 0, 0]"
92.045797348,,5815,,1583006396,902853012,"""Soft-Hard Sip Deadband""",[0.4357288181781769],"[0, 0, 0, 0]"
92.0478487015,,5816,,1583006396,904823064,"""Soft-Hard Sip Deadband""",[0.4465869963169098],"[0, 0, 0, 0]"
92.0497994423,,5817,,1583006396,906883001,"""Soft-Hard Sip Deadband""",[0.4574451446533203],"[0, 0, 0, 0]"
92.0557391644,,5818,,1583006396,912863016,"""Soft-Hard Sip Deadband""",[0.4791293442249298],"[0, 0, 0, 0]"
92.0648012161,,5819,,1583006396,916881084,"""Zero Band""",[0.5008456707000732],"[0, 0, 0, 0]"
92.070109129,,5820,,1583006396,922851085,"""Zero Band""",[0.5117038488388062],"[0, 0, 0, 0]"
92.0747177601,,5821,,1583006396,928155899,"""Zero Band""",[0.533388078212738],"[0, 0, 0, 0]"
92.0806779861,,5822,,1583006396,932755947,"""Zero Band""",[0.5442461967468262],"[0, 0, 0, 0]"
92.0861084461,,5823,,1583006396,938740015,"""Zero Band""",[0.5551043748855591],"[0, 0, 0, 0]"
92.0926303864,,5824,,1583006396,944159030,"""Zero Band""",[0.565962553024292],"[0, 0, 0, 0]"
92.0983870029,,5825,,1583006396,950805902,"""Zero Band""",[0.5768207311630249],"[0, 0, 0, 0]"
92.1036634445,,5826,,1583006396,956896066,"""Zero Band""",[0.587678849697113],"[0, 0, 0, 0]"
92.1161427498,,5827,,1583006396,968940973,"""Zero Band""",[0.5768207311630249],"[0, 0, 0, 0]"
92.1248848438,,5828,,1583006396,976866960,"""Zero Band""",[0.565962553024292],"[0, 0, 0, 0]"
92.1304166317,,5829,,1583006396,983066082,"""Zero Band""",[0.5551043748855591],"[0, 0, 0, 0]"
92.1353535652,,5830,,1583006396,988841056,"""Zero Band""",[0.5442461967468262],"[0, 0, 0, 0]"
92.1397583485,,5831,,1583006396,993412971,"""Zero Band""",[0.533388078212738],"[0, 0, 0, 0]"
92.1453173161,,5832,,1583006396,997809886,"""Zero Band""",[0.5225620269775391],"[0, 0, 0, 0]"
92.1510162354,,5833,,1583006397,3392934,"""Zero Band""",[0.5117038488388062],"[0, 0, 0, 0]"
92.1577763557,,5834,,1583006397,9090900,"""Zero Band""",[0.5008456707000732],"[0, 0, 0, 0]"
92.1590127945,,5835,,1583006397,15774965,"""Soft-Hard Sip Deadband""",[0.4899875223636627],"[0, 0, 0, 0]"
92.1603572369,,5836,,1583006397,17144918,"""Soft-Hard Sip Deadband""",[0.4791293442249298],"[0, 0, 0, 0]"
92.1617472172,,5837,,1583006397,18368005,"""Soft-Hard Sip Deadband""",[0.4683033227920532],"[0, 0, 0, 0]"
92.1628656387,,5838,,1583006397,19819021,"""Soft-Hard Sip Deadband""",[0.4465869963169098],"[0, 0, 0, 0]"
92.1636362076,,5839,,1583006397,20713090,"""Soft-Hard Sip Deadband""",[0.4357288181781769],"[0, 0, 0, 0]"
92.1645410061,,5840,,1583006397,21614074,"""Soft-Hard Sip Deadband""",[0.42487066984176636],"[0, 0, 0, 0]"
92.1655213833,,5841,,1583006397,22629022,"""Soft-Hard Sip Deadband""",[0.4140446186065674],"[0, 0, 0, 0]"
92.1666722298,,5842,,1583006397,23580074,"""Soft-Hard Sip Deadband""",[0.4031864404678345],"[0, 0, 0, 0]"
92.1677193642,,5843,,1583006397,24827957,"""Soft-Hard Sip Deadband""",[0.39232829213142395],"[0, 0, 0, 0]"
92.1696724892,,5844,,1583006397,26834011,"""Soft-Hard Sip Deadband""",[0.38147011399269104],"[0, 0, 0, 0]"
92.1717836857,,5845,,1583006397,28848886,"""Soft-Hard Sip Deadband""",[0.3597537875175476],"[0, 0, 0, 0]"
92.1766040325,,5846,,1583006397,32938957,"""Soft-Hard Sip Deadband""",[0.348927766084671],"[0, 0, 0, 0]"
92.1777179241,,5847,,1583006397,34883975,"""Soft-Hard Sip Deadband""",[0.3380695879459381],"[0, 0, 0, 0]"
92.1797816753,,5848,,1583006397,36829948,"""Soft-Hard Sip Deadband""",[0.3163532614707947],"[0, 0, 0, 0]"
92.1836459637,,5849,,1583006397,40815114,"""Soft-Hard Sip Deadband""",[0.30549511313438416],"[0, 0, 0, 0]"
92.1911764145,,5850,,1583006397,42848110,"""Soft Sip""",[0.28381088376045227],"[0, 0, 1, 0]"
92.1971330643,,5851,,1583006397,49243927,"""Soft Sip""",[0.26209455728530884],"[0, 0, 1, 0]"
92.2016117573,,5852,,1583006397,55139064,"""Soft Sip""",[0.2512364089488983],"[0, 0, 1, 0]"
92.2063832283,,5853,,1583006397,59654951,"""Soft Sip""",[0.22955219447612762],"[0, 0, 1, 0]"
92.2115151882,,5854,,1583006397,64358949,"""Soft Sip""",[0.19697770476341248],"[0, 0, 1, 0]"
92.2174861431,,5855,,1583006397,69581985,"""Soft Sip""",[0.16443534195423126],"[0, 0, 1, 0]"
92.2231833935,,5856,,1583006397,75565099,"""Soft Sip""",[0.14271900057792664],"[0, 0, 1, 0]"
92.2297606468,,5857,,1583006397,81162929,"""Soft Sip""",[0.0993184745311737],"[0, 0, 1, 0]"
92.2344343662,,5858,,1583006397,87843894,"""Soft Sip""",[0.08846031129360199],"[0, 0, 1, 0]"
92.2406070232,,5859,,1583006397,92418909,"""Soft Sip""",[0.06674397736787796],"[0, 0, 1, 0]"
92.2459864616,,5860,,1583006397,98702907,"""Soft Sip""",[0.04505977779626846],"[0, 0, 1, 0]"
92.250970602,,5861,,1583006397,103976011,"""Soft Sip""",[0.03420161083340645],"[0, 0, 1, 0]"
92.2564644814,,5862,,1583006397,108975887,"""Soft Sip""",[0.023343447595834732],"[0, 0, 1, 0]"
92.2575018406,,5863,,1583006397,114437103,"""Zero Band""",[0.0016592431347817183],"[0, 0, 0, 0]"
92.2583966255,,5864,,1583006397,115364074,"""Zero Band""",[-0.0],"[0, 0, 0, 0]"
92.2594516277,,5865,,1583006397,116494894,"""Zero Band""",[-0.0],"[0, 0, 0, 0]"
92.2603182793,,5866,,1583006397,117454051,"""Zero Band""",[-0.0],"[0, 0, 0, 0]"
92.261121273,,5867,,1583006397,118275880,"""Zero Band""",[-0.0],"[0, 0, 0, 0]"
92.2618365288,,5868,,1583006397,119159936,"""Zero Band""",[-0.0],"[0, 0, 0, 0]"
92.2619233131,,5869,,1583006397,119159936,"""input stopped""",[-0.0],"[0, 0, 0, 0]"
92.4454038143,,5870,,1583006397,301961898,"""Zero Band""",[-0.0],"[0, 0, 0, 0]"
92.4544277191,,5871,,1583006397,311022043,"""Zero Band""",[-0.0],"[0, 0, 0, 0]"
92.4576022625,,5872,,1583006397,314812898,"""Zero Band""",[-0.0],"[0, 0, 0, 0]"
92.468020916,,5873,,1583006397,324986934,"""Zero Band""",[-0.0],"[0, 0, 0, 0]"
92.4803185463,,5874,,1583006397,336940050,"""Zero Band""",[-0.0],"[0, 0, 0, 0]"
92.4817535877,,5875,,1583006397,338849067,"""Zero Band""",[-0.0],"[0, 0, 0, 0]"
92.4838421345,,5876,,1583006397,340837001,"""Zero Band""",[-0.0],"[0, 0, 0, 0]"
92.5003926754,,5877,,1583006397,356945991,"""Zero Band""",[0.0016592431347817183],"[0, 0, 0, 0]"
92.5421624184,,5878,,1583006397,398972034,"""Zero Band""",[-0.0],"[0, 0, 0, 0]"
92.5579743385,,5879,,1583006397,414901971,"""Zero Band""",[0.0016592431347817183],"[0, 0, 0, 0]"
92.5757391453,,5880,,1583006397,426964044,"""Soft Sip""",[0.012485282495617867],"[0, 0, 1, 0]"
92.583974123,,5881,,1583006397,436841011,"""Soft Sip""",[0.023343447595834732],"[0, 0, 1, 0]"
92.6097762585,,5882,,1583006397,460967063,"""Soft Sip""",[0.03420161083340645],"[0, 0, 1, 0]"
92.6321394444,,5883,,1583006397,484998941,"""Soft Sip""",[0.04505977779626846],"[0, 0, 1, 0]"
92.6387038231,,5884,,1583006397,490220069,"""Soft Sip""",[0.03420161083340645],"[0, 0, 1, 0]"
92.6449437141,,5885,,1583006397,496767997,"""Soft Sip""",[0.04505977779626846],"[0, 0, 1, 0]"
92.6505088806,,5886,,1583006397,503005981,"""Soft Sip""",[0.05591794103384018],"[0, 0, 1, 0]"
92.6589136124,,5887,,1583006397,510848999,"""Soft Sip""",[0.06674397736787796],"[0, 0, 1, 0]"
92.6666975021,,5888,,1583006397,517008066,"""Soft Sip""",[0.07760214805603027],"[0, 0, 1, 0]"
92.6734902859,,5889,,1583006397,524849891,"""Soft Sip""",[0.08846031129360199],"[0, 0, 1, 0]"
92.6807358265,,5890,,1583006397,531563997,"""Soft Sip""",[0.0993184745311737],"[0, 0, 1, 0]"
92.6869361401,,5891,,1583006397,538796901,"""Soft Sip""",[0.11017663776874542],"[0, 0, 1, 0]"
92.694258213,,5892,,1583006397,545025110,"""Soft Sip""",[0.12103480100631714],"[0, 0, 1, 0]"
92.6996777058,,5893,,1583006397,552020072,"""Soft Sip""",[0.13186083734035492],"[0, 0, 1, 0]"
92.7076573372,,5894,,1583006397,557765960,"""Soft Sip""",[0.14271900057792664],"[0, 0, 1, 0]"
92.712719202,,5895,,1583006397,565685033,"""Soft Sip""",[0.15357716381549835],"[0, 0, 1, 0]"
92.7225425243,,5896,,1583006397,574903964,"""Soft Sip""",[0.14271900057792664],"[0, 0, 1, 0]"
92.7371869087,,5897,,1583006397,589078903,"""Soft Sip""",[0.13186083734035492],"[0, 0, 1, 0]"
92.7419102192,,5898,,1583006397,595223903,"""Soft Sip""",[0.12103480100631714],"[0, 0, 1, 0]"
92.7491488457,,5899,,1583006397,600856065,"""Soft Sip""",[0.11017663776874542],"[0, 0, 1, 0]"
92.7600493431,,5900,,1583006397,612884044,"""Soft Sip""",[0.0993184745311737],"[0, 0, 1, 0]"
92.7669467926,,5901,,1583006397,618921995,"""Soft Sip""",[0.08846031129360199],"[0, 0, 1, 0]"
92.7721011639,,5902,,1583006397,624989986,"""Soft Sip""",[0.07760214805603027],"[0, 0, 1, 0]"
92.7822532654,,5903,,1583006397,632859945,"""Soft Sip""",[0.06674397736787796],"[0, 0, 1, 0]"
92.7875435352,,5904,,1583006397,640302896,"""Soft Sip""",[0.05591794103384018],"[0, 0, 1, 0]"
92.7937650681,,5905,,1583006397,645606994,"""Soft Sip""",[0.04505977779626846],"[0, 0, 1, 0]"
92.8011863232,,5906,,1583006397,651808977,"""Soft Sip""",[0.03420161083340645],"[0, 0, 1, 0]"
92.8058743477,,5907,,1583006397,659255981,"""Soft Sip""",[0.023343447595834732],"[0, 0, 1, 0]"
92.8112487793,,5908,,1583006397,663918972,"""Soft Sip""",[0.012485282495617867],"[0, 0, 1, 0]"
92.8121552467,,5909,,1583006397,669331073,"""Zero Band""",[0.0016592431347817183],"[0, 0, 0, 0]"
92.8129498959,,5910,,1583006397,670181035,"""Zero Band""",[-0.0],"[0, 0, 0, 0]"
92.8177340031,,5911,,1583006397,674848079,"""Zero Band""",[-0.0],"[0, 0, 0, 0]"
92.8217387199,,5912,,1583006397,678844928,"""Zero Band""",[-0.0],"[0, 0, 0, 0]"
92.8303804398,,5913,,1583006397,686961889,"""Zero Band""",[-0.0],"[0, 0, 0, 0]"
92.8377149105,,5914,,1583006397,694885969,"""Zero Band""",[-0.0],"[0, 0, 0, 0]"
92.9741559029,,5915,,1583006397,830970048,"""Zero Band""",[-0.0],"[0, 0, 0, 0]"
92.9922780991,,5916,,1583006397,848969936,"""Zero Band""",[-0.0],"[0, 0, 0, 0]"
93.0042021275,,5917,,1583006397,860991954,"""Zero Band""",[-0.0],"[0, 0, 0, 0]"
93.0281732082,,5918,,1583006397,884978055,"""Zero Band""",[-0.0],"[0, 0, 0, 0]"
93.0358719826,,5919,,1583006397,892906904,"""Zero Band""",[0.0016592431347817183],"[0, 0, 0, 0]"
93.0505056381,,5920,,1583006397,903081893,"""Soft Sip""",[0.012485282495617867],"[0, 0, 1, 0]"
93.0579476357,,5921,,1583006397,910851001,"""Soft Sip""",[0.023343447595834732],"[0, 0, 1, 0]"
93.0728445053,,5922,,1583006397,924948930,"""Soft Sip""",[0.03420161083340645],"[0, 0, 1, 0]"
93.0851874352,,5923,,1583006397,936913013,"""Soft Sip""",[0.04505977779626846],"[0, 0, 1, 0]"
93.1017487049,,5924,,1583006397,952904939,"""Soft Sip""",[0.05591794103384018],"[0, 0, 1, 0]"
93.1107950211,,5925,,1583006397,962874889,"""Soft Sip""",[0.06674397736787796],"[0, 0, 1, 0]"
93.1186842918,,5926,,1583006397,970930099,"""Soft Sip""",[0.07760214805603027],"[0, 0, 1, 0]"
93.1256942749,,5927,,1583006397,978832960,"""Soft Sip""",[0.08846031129360199],"[0, 0, 1, 0]"
93.1688942909,,5928,,1583006398,21002054,"""Soft Sip""",[0.0993184745311737],"[0, 0, 1, 0]"
93.1761822701,,5929,,1583006398,28834104,"""Soft Sip""",[0.11017663776874542],"[0, 0, 1, 0]"
93.1866695881,,5930,,1583006398,38988113,"""Soft Sip""",[0.12103480100631714],"[0, 0, 1, 0]"
93.1977009773,,5931,,1583006398,48898935,"""Soft Sip""",[0.13186083734035492],"[0, 0, 1, 0]"
93.2038984299,,5932,,1583006398,56893110,"""Soft Sip""",[0.14271900057792664],"[0, 0, 1, 0]"
93.2140986919,,5933,,1583006398,66911935,"""Soft Sip""",[0.15357716381549835],"[0, 0, 1, 0]"
93.2281479836,,5934,,1583006398,80921888,"""Soft Sip""",[0.16443534195423126],"[0, 0, 1, 0]"
93.2422788143,,5935,,1583006398,92932939,"""Soft Sip""",[0.17529350519180298],"[0, 0, 1, 0]"
93.2499220371,,5936,,1583006398,102936983,"""Soft Sip""",[0.18611954152584076],"[0, 0, 1, 0]"
93.2806372643,,5937,,1583006398,132978916,"""Soft Sip""",[0.17529350519180298],"[0, 0, 1, 0]"
93.2862668037,,5938,,1583006398,138663053,"""Soft Sip""",[0.18611954152584076],"[0, 0, 1, 0]"
93.2940695286,,5939,,1583006398,144304990,"""Soft Sip""",[0.17529350519180298],"[0, 0, 1, 0]"
93.3078248501,,5940,,1583006398,158979892,"""Soft Sip""",[0.16443534195423126],"[0, 0, 1, 0]"
93.3144569397,,5941,,1583006398,166918992,"""Soft Sip""",[0.15357716381549835],"[0, 0, 1, 0]"
93.3237390518,,5942,,1583006398,172875881,"""Soft Sip""",[0.14271900057792664],"[0, 0, 1, 0]"
93.3329560757,,5943,,1583006398,184868097,"""Soft Sip""",[0.13186083734035492],"[0, 0, 1, 0]"
93.3435544968,,5944,,1583006398,194905996,"""Soft Sip""",[0.12103480100631714],"[0, 0, 1, 0]"
93.3521947861,,5945,,1583006398,204865932,"""Soft Sip""",[0.11017663776874542],"[0, 0, 1, 0]"
93.3637902737,,5946,,1583006398,215038061,"""Soft Sip""",[0.0993184745311737],"[0, 0, 1, 0]"
93.374714613,,5947,,1583006398,226917982,"""Soft Sip""",[0.08846031129360199],"[0, 0, 1, 0]"
93.3807621002,,5948,,1583006398,232863903,"""Soft Sip""",[0.07760214805603027],"[0, 0, 1, 0]"
93.3963093758,,5949,,1583006398,248953104,"""Soft Sip""",[0.06674397736787796],"[0, 0, 1, 0]"
93.4271538258,,5950,,1583006398,279181957,"""Soft Sip""",[0.07760214805603027],"[0, 0, 1, 0]"
93.4325573444,,5951,,1583006398,285212039,"""Soft Sip""",[0.06674397736787796],"[0, 0, 1, 0]"
93.4371218681,,5952,,1583006398,290570974,"""Soft Sip""",[0.07760214805603027],"[0, 0, 1, 0]"
93.4466953278,,5953,,1583006398,298877954,"""Soft Sip""",[0.08846031129360199],"[0, 0, 1, 0]"
93.4577498436,,5954,,1583006398,310887098,"""Soft Sip""",[0.0993184745311737],"[0, 0, 1, 0]"
93.4746377468,,5955,,1583006398,326996088,"""Soft Sip""",[0.11017663776874542],"[0, 0, 1, 0]"
93.5064818859,,5956,,1583006398,358999013,"""Soft Sip""",[0.0993184745311737],"[0, 0, 1, 0]"
93.5660920143,,5957,,1583006398,418920993,"""Soft Sip""",[0.08846031129360199],"[0, 0, 1, 0]"
93.5740277767,,5958,,1583006398,426925897,"""Soft Sip""",[0.0993184745311737],"[0, 0, 1, 0]"
93.5801386833,,5959,,1583006398,432106971,"""Soft Sip""",[0.08846031129360199],"[0, 0, 1, 0]"
93.6029977798,,5960,,1583006398,455013990,"""Soft Sip""",[0.07760214805603027],"[0, 0, 1, 0]"
93.6080656052,,5961,,1583006398,461069107,"""Soft Sip""",[0.08846031129360199],"[0, 0, 1, 0]"
93.6135015488,,5962,,1583006398,465959072,"""Soft Sip""",[0.07760214805603027],"[0, 0, 1, 0]"
93.7165067196,,5963,,1583006398,568911075,"""Soft Sip""",[0.08846031129360199],"[0, 0, 1, 0]"
93.7211191654,,5964,,1583006398,574559926,"""Soft Sip""",[0.07760214805603027],"[0, 0, 1, 0]"
93.8168976307,,5965,,1583006398,668975114,"""Soft Sip""",[0.06674397736787796],"[0, 0, 1, 0]"
93.8232257366,,5966,,1583006398,674966096,"""Soft Sip""",[0.07760214805603027],"[0, 0, 1, 0]"
93.8289365768,,5967,,1583006398,681322097,"""Soft Sip""",[0.06674397736787796],"[0, 0, 1, 0]"
93.8354065418,,5968,,1583006398,687002897,"""Soft Sip""",[0.07760214805603027],"[0, 0, 1, 0]"
93.840775013,,5969,,1583006398,693331956,"""Soft Sip""",[0.06674397736787796],"[0, 0, 1, 0]"
93.9155468941,,5970,,1583006398,766946077,"""Soft Sip""",[0.07760214805603027],"[0, 0, 1, 0]"
93.9676530361,,5971,,1583006398,818958997,"""Soft Sip""",[0.06674397736787796],"[0, 0, 1, 0]"
93.9730117321,,5972,,1583006398,825674057,"""Soft Sip""",[0.07760214805603027],"[0, 0, 1, 0]"
93.9797148705,,5973,,1583006398,831075906,"""Soft Sip""",[0.06674397736787796],"[0, 0, 1, 0]"
94.0951209068,,5974,,1583006398,946911096,"""Soft Sip""",[0.05591794103384018],"[0, 0, 1, 0]"
94.1086623669,,5975,,1583006398,960954904,"""Soft Sip""",[0.06674397736787796],"[0, 0, 1, 0]"
94.1146605015,,5976,,1583006398,966749906,"""Soft Sip""",[0.05591794103384018],"[0, 0, 1, 0]"
94.1466600895,,5977,,1583006398,998924970,"""Soft Sip""",[0.04505977779626846],"[0, 0, 1, 0]"
94.1514601707,,5978,,1583006399,4713058,"""Soft Sip""",[0.05591794103384018],"[0, 0, 1, 0]"
94.1582510471,,5979,,1583006399,9596109,"""Soft Sip""",[0.04505977779626846],"[0, 0, 1, 0]"
94.2091116905,,5980,,1583006399,61049938,"""Soft Sip""",[0.03420161083340645],"[0, 0, 1, 0]"
94.2146470547,,5981,,1583006399,67182064,"""Soft Sip""",[0.04505977779626846],"[0, 0, 1, 0]"
94.2206144333,,5982,,1583006399,72742938,"""Soft Sip""",[0.03420161083340645],"[0, 0, 1, 0]"
94.2356567383,,5983,,1583006399,86929082,"""Soft Sip""",[0.023343447595834732],"[0, 0, 1, 0]"
94.3423659801,,5984,,1583006399,194936990,"""Soft Sip""",[0.03420161083340645],"[0, 0, 1, 0]"
94.3796322346,,5985,,1583006399,230950117,"""Soft Sip""",[0.04505977779626846],"[0, 0, 1, 0]"
94.3851613998,,5986,,1583006399,237643957,"""Soft Sip""",[0.03420161083340645],"[0, 0, 1, 0]"
94.3911831379,,5987,,1583006399,243216037,"""Soft Sip""",[0.04505977779626846],"[0, 0, 1, 0]"
94.4110431671,,5988,,1583006399,262973070,"""Soft Sip""",[0.03420161083340645],"[0, 0, 1, 0]"
94.4159767628,,5989,,1583006399,269103050,"""Soft Sip""",[0.04505977779626846],"[0, 0, 1, 0]"
94.4223704338,,5990,,1583006399,273979902,"""Soft Sip""",[0.03420161083340645],"[0, 0, 1, 0]"
94.4297246933,,5991,,1583006399,282859086,"""Soft Sip""",[0.04505977779626846],"[0, 0, 1, 0]"
94.4361531734,,5992,,1583006399,287771940,"""Soft Sip""",[0.03420161083340645],"[0, 0, 1, 0]"
94.4425225258,,5993,,1583006399,294218063,"""Soft Sip""",[0.04505977779626846],"[0, 0, 1, 0]"
94.4480135441,,5994,,1583006399,300568103,"""Soft Sip""",[0.03420161083340645],"[0, 0, 1, 0]"
94.4525690079,,5995,,1583006399,305891990,"""Soft Sip""",[0.04505977779626846],"[0, 0, 1, 0]"
94.4576230049,,5996,,1583006399,310543060,"""Soft Sip""",[0.03420161083340645],"[0, 0, 1, 0]"
94.4629728794,,5997,,1583006399,315654993,"""Soft Sip""",[0.04505977779626846],"[0, 0, 1, 0]"
94.4707431793,,5998,,1583006399,320945024,"""Soft Sip""",[0.03420161083340645],"[0, 0, 1, 0]"
94.4769697189,,5999,,1583006399,328828096,"""Soft Sip""",[0.04505977779626846],"[0, 0, 1, 0]"
94.4825191498,,6000,,1583006399,334944009,"""Soft Sip""",[0.03420161083340645],"[0, 0, 1, 0]"
94.4887964725,,6001,,1583006399,340601921,"""Soft Sip""",[0.04505977779626846],"[0, 0, 1, 0]"
94.4958388805,,6002,,1583006399,346880912,"""Soft Sip""",[0.03420161083340645],"[0, 0, 1, 0]"
94.5472159386,,6003,,1583006399,398998022,"""Soft Sip""",[0.023343447595834732],"[0, 0, 1, 0]"
94.5539126396,,6004,,1583006399,405260086,"""Soft Sip""",[0.03420161083340645],"[0, 0, 1, 0]"
94.5872507095,,6005,,1583006399,438900947,"""Soft Sip""",[0.023343447595834732],"[0, 0, 1, 0]"
94.593726635,,6006,,1583006399,445347070,"""Soft Sip""",[0.03420161083340645],"[0, 0, 1, 0]"
94.6038239002,,6007,,1583006399,454933881,"""Soft Sip""",[0.023343447595834732],"[0, 0, 1, 0]"
94.6086587906,,6008,,1583006399,461864948,"""Soft Sip""",[0.03420161083340645],"[0, 0, 1, 0]"
94.6187422276,,6009,,1583006399,471014022,"""Soft Sip""",[0.023343447595834732],"[0, 0, 1, 0]"
94.6239728928,,6010,,1583006399,476797103,"""Soft Sip""",[0.03420161083340645],"[0, 0, 1, 0]"
94.6303603649,,6011,,1583006399,481980085,"""Soft Sip""",[0.023343447595834732],"[0, 0, 1, 0]"
94.6362535954,,6012,,1583006399,488415002,"""Soft Sip""",[0.03420161083340645],"[0, 0, 1, 0]"
94.6412234306,,6013,,1583006399,494338035,"""Soft Sip""",[0.023343447595834732],"[0, 0, 1, 0]"
94.6473062038,,6014,,1583006399,499258041,"""Soft Sip""",[0.03420161083340645],"[0, 0, 1, 0]"
94.65229249,,6015,,1583006399,505424022,"""Soft Sip""",[0.023343447595834732],"[0, 0, 1, 0]"
94.6591615677,,6016,,1583006399,510343074,"""Soft Sip""",[0.03420161083340645],"[0, 0, 1, 0]"
94.6681990623,,6017,,1583006399,518981933,"""Soft Sip""",[0.04505977779626846],"[0, 0, 1, 0]"
94.7015013695,,6018,,1583006399,553030014,"""Soft Sip""",[0.05591794103384018],"[0, 0, 1, 0]"
94.7078502178,,6019,,1583006399,559542894,"""Soft Sip""",[0.04505977779626846],"[0, 0, 1, 0]"
94.7130253315,,6020,,1583006399,565857887,"""Soft Sip""",[0.05591794103384018],"[0, 0, 1, 0]"
94.723439455,,6021,,1583006399,574887037,"""Soft Sip""",[0.04505977779626846],"[0, 0, 1, 0]"
94.7294530869,,6022,,1583006399,581505060,"""Soft Sip""",[0.05591794103384018],"[0, 0, 1, 0]"
94.7342448235,,6023,,1583006399,587539911,"""Soft Sip""",[0.04505977779626846],"[0, 0, 1, 0]"
94.7409949303,,6024,,1583006399,592403888,"""Soft Sip""",[0.05591794103384018],"[0, 0, 1, 0]"
94.7468538284,,6025,,1583006399,599035024,"""Soft Sip""",[0.04505977779626846],"[0, 0, 1, 0]"
94.7521567345,,6026,,1583006399,604969024,"""Soft Sip""",[0.05591794103384018],"[0, 0, 1, 0]"
94.75781703,,6027,,1583006399,610135078,"""Soft Sip""",[0.04505977779626846],"[0, 0, 1, 0]"
94.7635543346,,6028,,1583006399,615911006,"""Soft Sip""",[0.05591794103384018],"[0, 0, 1, 0]"
94.7706067562,,6029,,1583006399,621535062,"""Soft Sip""",[0.04505977779626846],"[0, 0, 1, 0]"
94.7751750946,,6030,,1583006399,628670930,"""Soft Sip""",[0.05591794103384018],"[0, 0, 1, 0]"
94.7802381516,,6031,,1583006399,633152008,"""Soft Sip""",[0.04505977779626846],"[0, 0, 1, 0]"
94.7957510948,,6032,,1583006399,646948099,"""Soft Sip""",[0.03420161083340645],"[0, 0, 1, 0]"
94.8219389915,,6033,,1583006399,672964096,"""Soft Sip""",[0.023343447595834732],"[0, 0, 1, 0]"
94.8314437866,,6034,,1583006399,682876110,"""Soft Sip""",[0.03420161083340645],"[0, 0, 1, 0]"
94.8379719257,,6035,,1583006399,689516067,"""Soft Sip""",[0.023343447595834732],"[0, 0, 1, 0]"
94.8688821793,,6036,,1583006399,721065044,"""Soft Sip""",[0.012485282495617867],"[0, 0, 1, 0]"
94.9020698071,,6037,,1583006399,758930921,"""Zero Band""",[0.0016592431347817183],"[0, 0, 0, 0]"
94.9077160358,,6038,,1583006399,760849952,"""Soft Sip""",[0.012485282495617867],"[0, 0, 1, 0]"
94.9733159542,,6039,,1583006399,824928998,"""Soft Sip""",[0.023343447595834732],"[0, 0, 1, 0]"
94.9779272079,,6040,,1583006399,831363916,"""Soft Sip""",[0.012485282495617867],"[0, 0, 1, 0]"
94.9839885235,,6041,,1583006399,835989952,"""Soft Sip""",[0.023343447595834732],"[0, 0, 1, 0]"
94.9952101707,,6042,,1583006399,846966981,"""Soft Sip""",[0.03420161083340645],"[0, 0, 1, 0]"
95.003828764,,6043,,1583006399,854871034,"""Soft Sip""",[0.023343447595834732],"[0, 0, 1, 0]"
95.0102880001,,6044,,1583006399,861907958,"""Soft Sip""",[0.03420161083340645],"[0, 0, 1, 0]"
95.0346479416,,6045,,1583006399,884989023,"""Soft Sip""",[0.04505977779626846],"[0, 0, 1, 0]"
95.0805559158,,6046,,1583006399,932965993,"""Soft Sip""",[0.05591794103384018],"[0, 0, 1, 0]"
95.1065855026,,6047,,1583006399,957005023,"""Soft Sip""",[0.06674397736787796],"[0, 0, 1, 0]"
95.1122424603,,6048,,1583006399,964673042,"""Soft Sip""",[0.05591794103384018],"[0, 0, 1, 0]"
95.1185762882,,6049,,1583006399,970299005,"""Soft Sip""",[0.06674397736787796],"[0, 0, 1, 0]"
95.1472549438,,6050,,1583006399,998975992,"""Soft Sip""",[0.07760214805603027],"[0, 0, 1, 0]"
95.1519958973,,6051,,1583006400,5217075,"""Soft Sip""",[0.06674397736787796],"[0, 0, 1, 0]"
95.1571683884,,6052,,1583006400,10061979,"""Soft Sip""",[0.07760214805603027],"[0, 0, 1, 0]"
95.1658005714,,6053,,1583006400,16869068,"""Soft Sip""",[0.06674397736787796],"[0, 0, 1, 0]"
95.1706893444,,6054,,1583006400,23843050,"""Soft Sip""",[0.07760214805603027],"[0, 0, 1, 0]"
95.1759541035,,6055,,1583006400,28738021,"""Soft Sip""",[0.06674397736787796],"[0, 0, 1, 0]"
95.1899487972,,6056,,1583006400,42956113,"""Soft Sip""",[0.05591794103384018],"[0, 0, 1, 0]"
95.1964333057,,6057,,1583006400,47988891,"""Soft Sip""",[0.06674397736787796],"[0, 0, 1, 0]"
95.202224493,,6058,,1583006400,54538011,"""Soft Sip""",[0.05591794103384018],"[0, 0, 1, 0]"
95.218934536,,6059,,1583006400,71177005,"""Soft Sip""",[0.04505977779626846],"[0, 0, 1, 0]"
95.2763602734,,6060,,1583006400,128985881,"""Soft Sip""",[0.03420161083340645],"[0, 0, 1, 0]"
95.3567583561,,6061,,1583006400,208981990,"""Soft Sip""",[0.04505977779626846],"[0, 0, 1, 0]"
95.4491434097,,6062,,1583006400,300951004,"""Soft Sip""",[0.05591794103384018],"[0, 0, 1, 0]"
95.4930443764,,6063,,1583006400,344959974,"""Soft Sip""",[0.06674397736787796],"[0, 0, 1, 0]"
95.4989557266,,6064,,1583006400,351085901,"""Soft Sip""",[0.05591794103384018],"[0, 0, 1, 0]"
95.5271959305,,6065,,1583006400,378976106,"""Zero Band""",[0.04505977779626846],"[0, 0, 0, 0]"
95.5320153236,,6066,,1583006400,385250091,"""Zero Band""",[0.05591794103384018],"[0, 0, 0, 0]"
95.5371754169,,6067,,1583006400,390050888,"""Zero Band""",[0.04505977779626846],"[0, 0, 0, 0]"
95.5426564217,,6068,,1583006400,395232915,"""Zero Band""",[0.05591794103384018],"[0, 0, 0, 0]"
95.551025629,,6069,,1583006400,403007030,"""Zero Band""",[0.04505977779626846],"[0, 0, 0, 0]"
95.5566802025,,6070,,1583006400,409095048,"""Zero Band""",[0.05591794103384018],"[0, 0, 0, 0]"
95.563929081,,6071,,1583006400,414854049,"""Zero Band""",[0.04505977779626846],"[0, 0, 0, 0]"
95.5687398911,,6072,,1583006400,422005891,"""Zero Band""",[0.05591794103384018],"[0, 0, 0, 0]"
95.5752751827,,6073,,1583006400,426794052,"""Zero Band""",[0.04505977779626846],"[0, 0, 0, 0]"
95.5817058086,,6074,,1583006400,433520078,"""Zero Band""",[0.05591794103384018],"[0, 0, 0, 0]"
95.5879113674,,6075,,1583006400,439799070,"""Zero Band""",[0.04505977779626846],"[0, 0, 0, 0]"
95.5928835869,,6076,,1583006400,445950031,"""Zero Band""",[0.03420161083340645],"[0, 0, 0, 0]"
95.6165235043,,6077,,1583006400,468977928,"""Zero Band""",[0.023343447595834732],"[0, 0, 0, 0]"
95.6496036053,,6078,,1583006400,500961065,"""Zero Band""",[0.012485282495617867],"[0, 0, 0, 0]"
95.6622862816,,6079,,1583006400,519018888,"""Zero Band""",[0.0016592431347817183],"[0, 0, 0, 0]"
95.6703801155,,6080,,1583006400,526972055,"""Zero Band""",[-0.0],"[0, 0, 0, 0]"
95.6784069538,,6081,,1583006400,534950017,"""Zero Band""",[-0.0],"[0, 0, 0, 0]"
95.6819934845,,6082,,1583006400,538891077,"""Zero Band""",[-0.0],"[0, 0, 0, 0]"
95.6878306866,,6083,,1583006400,544866085,"""Zero Band""",[-0.0],"[0, 0, 0, 0]"
95.6940276623,,6084,,1583006400,550900936,"""Zero Band""",[-0.0],"[0, 0, 0, 0]"
95.715079546,,6086,,1583006400,571923971,"""input stopped""",[-0.0],"[0, 0, 0, 0]"
95.9749615192,,6087,,1583006400,831881999,"""Zero Band""",[-0.0],"[0, 0, 0, 0]"
95.9816966057,,6088,,1583006400,838877916,"""Zero Band""",[-0.0],"[0, 0, 0, 0]"
95.9837360382,,6089,,1583006400,840868949,"""Zero Band""",[-0.0],"[0, 0, 0, 0]"
95.9878332615,,6090,,1583006400,844893932,"""Zero Band""",[-0.0],"[0, 0, 0, 0]"
95.9897141457,,6091,,1583006400,846901893,"""Zero Band""",[0.0016592431347817183],"[0, 0, 0, 0]"
95.9960048199,,6092,,1583006400,848822116,"""Zero Band""",[0.023343447595834732],"[0, 0, 0, 0]"
96.0018799305,,6093,,1583006400,854058027,"""Zero Band""",[0.03420161083340645],"[0, 0, 0, 0]"
96.0067510605,,6094,,1583006400,859958887,"""Zero Band""",[0.05591794103384018],"[0, 0, 0, 0]"
96.0123231411,,6095,,1583006400,864732027,"""Zero Band""",[0.08846031129360199],"[0, 0, 0, 0]"
96.0191018581,,6096,,1583006400,870431900,"""Zero Band""",[0.11017663776874542],"[0, 0, 0, 0]"
96.0254335403,,6097,,1583006400,877089023,"""Zero Band""",[0.14271900057792664],"[0, 0, 0, 0]"
96.0315022469,,6098,,1583006400,883414030,"""Zero Band""",[0.16443534195423126],"[0, 0, 0, 0]"
96.037197113,,6099,,1583006400,889512062,"""Zero Band""",[0.19697770476341248],"[0, 0, 0, 0]"
96.0429699421,,6100,,1583006400,895255088,"""Zero Band""",[0.2403782308101654],"[0, 0, 0, 0]"
96.0502340794,,6101,,1583006400,900959968,"""Zero Band""",[0.27295273542404175],"[0, 0, 0, 0]"
96.0512144566,,6102,,1583006400,908220052,"""Soft-Hard Sip Deadband""",[0.3163532614707947],"[0, 0, 0, 0]"
96.0520524979,,6103,,1583006400,909188985,"""Soft-Hard Sip Deadband""",[0.3597537875175476],"[0, 0, 0, 0]"
96.052947998,,6104,,1583006400,910135030,"""Soft-Hard Sip Deadband""",[0.4031864404678345],"[0, 0, 0, 0]"
96.053935051,,6105,,1583006400,910916090,"""Soft-Hard Sip Deadband""",[0.4465869963169098],"[0, 0, 0, 0]"
96.0598731041,,6106,,1583006400,911890983,"""Hard Sip""",[0.5117038488388062],"[0, 0, 0, 1]"
96.0679380894,,6107,,1583006400,917853116,"""Hard Sip""",[0.565962553024292],"[0, 0, 0, 1]"
96.0728671551,,6108,,1583006400,925904035,"""Hard Sip""",[0.6202212572097778],"[0, 0, 0, 1]"
96.0775802135,,6109,,1583006400,930860042,"""Hard Sip""",[0.6853380799293518],"[0, 0, 0, 1]"
96.0838975906,,6110,,1583006400,935705900,"""Zero Band""",[0.7504549622535706],"[0, 0, 0, 0]"
96.0892727375,,6111,,1583006400,941873073,"""Zero Band""",[0.8155718445777893],"[0, 0, 0, 0]"
96.094922781,,6112,,1583006400,947238922,"""Zero Band""",[0.8806886672973633],"[0, 0, 0, 0]"
96.1005716324,,6113,,1583006400,952904939,"""Zero Band""",[0.9674897789955139],"[0, 0, 0, 0]"
96.1056125164,,6114,,1583006400,958548069,"""Zero Band""",[1.0],"[0, 0, 0, 0]"
96.3479177952,,6115,,1583006401,198998928,"""Zero Band""",[0.9674897789955139],"[0, 0, 0, 0]"
96.353770256,,6116,,1583006401,205974102,"""Zero Band""",[0.9132310748100281],"[0, 0, 0, 0]"
96.3583219051,,6117,,1583006401,211750984,"""Zero Band""",[0.8481141924858093],"[0, 0, 0, 0]"
96.364449501,,6118,,1583006401,216296911,"""Zero Band""",[0.7938554883003235],"[0, 0, 0, 0]"
96.3698701859,,6119,,1583006401,222558021,"""Zero Band""",[0.7395967841148376],"[0, 0, 0, 0]"
96.3754062653,,6120,,1583006401,227852106,"""Zero Band""",[0.6744799613952637],"[0, 0, 0, 0]"
96.3810651302,,6121,,1583006401,233386039,"""Zero Band""",[0.6202212572097778],"[0, 0, 0, 0]"
96.3871273994,,6122,,1583006401,239044904,"""Zero Band""",[0.565962553024292],"[0, 0, 0, 0]"
96.3918545246,,6123,,1583006401,245107889,"""Zero Band""",[0.5225620269775391],"[0, 0, 0, 0]"
96.3927516937,,6124,,1583006401,249829053,"""Soft-Hard Sip Deadband""",[0.4683033227920532],"[0, 0, 0, 0]"
96.3936998844,,6125,,1583006401,250906944,"""Soft-Hard Sip Deadband""",[0.42487066984176636],"[0, 0, 0, 0]"
96.3944730759,,6126,,1583006401,251673936,"""Soft-Hard Sip Deadband""",[0.38147011399269104],"[0, 0, 0, 0]"
96.3952279091,,6127,,1583006401,252460002,"""Soft-Hard Sip Deadband""",[0.3272114396095276],"[0, 0, 0, 0]"
96.4006855488,,6128,,1583006401,253213882,"""Zero Band""",[0.2946690618991852],"[0, 0, 0, 0]"
96.406465292,,6129,,1583006401,258658885,"""Zero Band""",[0.26209455728530884],"[0, 0, 0, 0]"
96.4121816158,,6130,,1583006401,264451026,"""Zero Band""",[0.2186940312385559],"[0, 0, 0, 0]"
96.4188659191,,6131,,1583006401,270154953,"""Zero Band""",[0.18611954152584076],"[0, 0, 0, 0]"
96.4234039783,,6132,,1583006401,276938915,"""Zero Band""",[0.15357716381549835],"[0, 0, 0, 0]"
96.427908659,,6133,,1583006401,281368017,"""Zero Band""",[0.12103480100631714],"[0, 0, 0, 0]"
96.4353506565,,6134,,1583006401,285912036,"""Zero Band""",[0.0993184745311737],"[0, 0, 0, 0]"
96.4427363873,,6135,,1583006401,293514013,"""Zero Band""",[0.06674397736787796],"[0, 0, 0, 0]"
96.4496104717,,6136,,1583006401,300704956,"""Zero Band""",[0.04505977779626846],"[0, 0, 0, 0]"
96.4548723698,,6137,,1583006401,307591915,"""Zero Band""",[0.023343447595834732],"[0, 0, 0, 0]"
96.4556941986,,6138,,1583006401,312870979,"""Zero Band""",[0.0016592431347817183],"[0, 0, 0, 0]"
96.4564013481,,6139,,1583006401,313673019,"""Zero Band""",[-0.0],"[0, 0, 0, 0]"
96.4571568966,,6140,,1583006401,314392089,"""Zero Band""",[-0.0],"[0, 0, 0, 0]"
96.4578340054,,6141,,1583006401,315152883,"""Zero Band""",[-0.0],"[0, 0, 0, 0]"
96.4585323334,,6142,,1583006401,315829038,"""Zero Band""",[-0.0],"[0, 0, 0, 0]"
96.4586327076,,6143,,1583006401,315829038,"""input stopped""",[-0.0],"[0, 0, 0, 0]"
97.431157589,,6144,,1583006402,287880897,"""Zero Band""",[-0.0],"[0, 0, 0, 0]"
97.4680652618,,6145,,1583006402,324982881,"""Zero Band""",[-0.0],"[0, 0, 0, 0]"
97.4697682858,,6146,,1583006402,326868057,"""Zero Band""",[-0.0],"[0, 0, 0, 0]"
97.4717829227,,6147,,1583006402,328876972,"""Zero Band""",[-0.0],"[0, 0, 0, 0]"
97.5042016506,,6148,,1583006402,360961914,"""Zero Band""",[-0.0],"[0, 0, 0, 0]"
97.5380570889,,6149,,1583006402,394994974,"""Zero Band""",[-0.0],"[0, 0, 0, 0]"
97.5395526886,,6150,,1583006402,396853923,"""Zero Band""",[-0.0],"[0, 0, 0, 0]"
97.5436558723,,6151,,1583006402,400861978,"""Zero Band""",[-0.0],"[0, 0, 0, 0]"
97.5703833103,,6152,,1583006402,426980972,"""Zero Band""",[-0.0],"[0, 0, 0, 0]"
97.5961794853,,6153,,1583006402,452903985,"""Zero Band""",[-0.0016271184431388974],"[0, 0, 0, 0]"
97.6276390553,,6154,,1583006402,478972911,"""Soft Puff""",[-0.012453158386051655],"[0, 1, 0, 0]"
97.65295434,,6155,,1583006402,504916906,"""Soft Puff""",[-0.023311322554945946],"[0, 1, 0, 0]"
97.6707878113,,6156,,1583006402,522924900,"""Soft Puff""",[-0.03416948765516281],"[0, 1, 0, 0]"
97.6891336441,,6157,,1583006402,540961027,"""Soft Puff""",[-0.04502765089273453],"[0, 1, 0, 0]"
97.7393488884,,6158,,1583006402,590951919,"""Soft Puff""",[-0.055885814130306244],"[0, 1, 0, 0]"
97.7461702824,,6159,,1583006402,597388982,"""Soft Puff""",[-0.04502765089273453],"[0, 1, 0, 0]"
97.7520627975,,6160,,1583006402,604231119,"""Soft Puff""",[-0.055885814130306244],"[0, 1, 0, 0]"
97.7614665031,,6161,,1583006402,612900018,"""Soft Puff""",[-0.06671185791492462],"[0, 1, 0, 0]"
97.7668840885,,6162,,1583006402,619499921,"""Soft Puff""",[-0.055885814130306244],"[0, 1, 0, 0]"
97.7718567848,,6163,,1583006402,624938964,"""Soft Puff""",[-0.06671185791492462],"[0, 1, 0, 0]"
97.7766396999,,6164,,1583006402,629906892,"""Soft Puff""",[-0.07757002115249634],"[0, 1, 0, 0]"
97.7914409637,,6165,,1583006402,643018007,"""Soft Puff""",[-0.08842818439006805],"[0, 1, 0, 0]"
97.8123006821,,6166,,1583006402,664923906,"""Soft Puff""",[-0.09928634762763977],"[0, 1, 0, 0]"
97.8316059113,,6167,,1583006402,682976007,"""Soft Puff""",[-0.11014451086521149],"[0, 1, 0, 0]"
97.8562021255,,6168,,1583006402,707098007,"""Soft Puff""",[-0.1210026741027832],"[0, 1, 0, 0]"
97.9948089123,,6169,,1583006402,847011089,"""Soft Puff""",[-0.13182871043682098],"[0, 1, 0, 0]"
98.0001206398,,6170,,1583006402,852859020,"""Soft Puff""",[-0.1210026741027832],"[0, 1, 0, 0]"
98.0045702457,,6171,,1583006402,858182907,"""Soft Puff""",[-0.13182871043682098],"[0, 1, 0, 0]"
98.0110945702,,6172,,1583006402,862611055,"""Soft Puff""",[-0.1210026741027832],"[0, 1, 0, 0]"
98.0184369087,,6173,,1583006402,869184970,"""Soft Puff""",[-0.13182871043682098],"[0, 1, 0, 0]"
98.0297317505,,6174,,1583006402,880960941,"""Soft Puff""",[-0.1210026741027832],"[0, 1, 0, 0]"
98.0355086327,,6175,,1583006402,887828111,"""Soft Puff""",[-0.13182871043682098],"[0, 1, 0, 0]"
98.1846964359,,6176,,1583006403,35003900,"""Soft Puff""",[-0.1210026741027832],"[0, 1, 0, 0]"
98.1905782223,,6177,,1583006403,42785882,"""Soft Puff""",[-0.13182871043682098],"[0, 1, 0, 0]"
98.1956036091,,6178,,1583006403,48681974,"""Soft Puff""",[-0.1210026741027832],"[0, 1, 0, 0]"
98.2744820118,,6179,,1583006403,127007007,"""Soft Puff""",[-0.11014451086521149],"[0, 1, 0, 0]"
98.2805235386,,6180,,1583006403,132843017,"""Soft Puff""",[-0.1210026741027832],"[0, 1, 0, 0]"
98.2859551907,,6181,,1583006403,138428926,"""Soft Puff""",[-0.11014451086521149],"[0, 1, 0, 0]"
98.2967078686,,6182,,1583006403,148916006,"""Soft Puff""",[-0.1210026741027832],"[0, 1, 0, 0]"
98.3708157539,,6183,,1583006403,222961902,"""Soft Puff""",[-0.13182871043682098],"[0, 1, 0, 0]"
98.5601029396,,6184,,1583006403,412995100,"""Soft Puff""",[-0.1210026741027832],"[0, 1, 0, 0]"
98.566519022,,6185,,1583006403,418188095,"""Soft Puff""",[-0.13182871043682098],"[0, 1, 0, 0]"
98.6061878204,,6186,,1583006403,458975076,"""Soft Puff""",[-0.1210026741027832],"[0, 1, 0, 0]"
98.6122412682,,6187,,1583006403,464250087,"""Soft Puff""",[-0.13182871043682098],"[0, 1, 0, 0]"
98.6185832024,,6188,,1583006403,470262050,"""Soft Puff""",[-0.1210026741027832],"[0, 1, 0, 0]"
98.7042078972,,6189,,1583006403,554968118,"""Soft Puff""",[-0.11014451086521149],"[0, 1, 0, 0]"
98.7102501392,,6190,,1583006403,562308073,"""Soft Puff""",[-0.1210026741027832],"[0, 1, 0, 0]"
98.7821736336,,6191,,1583006403,632971048,"""Soft Puff""",[-0.13182871043682098],"[0, 1, 0, 0]"
98.78809762,,6192,,1583006403,640275955,"""Soft Puff""",[-0.1210026741027832],"[0, 1, 0, 0]"
98.7934262753,,6193,,1583006403,646150112,"""Soft Puff""",[-0.13182871043682098],"[0, 1, 0, 0]"
98.7992744446,,6194,,1583006403,651506900,"""Soft Puff""",[-0.1210026741027832],"[0, 1, 0, 0]"
98.8047816753,,6195,,1583006403,657409906,"""Soft Puff""",[-0.13182871043682098],"[0, 1, 0, 0]"
98.8657197952,,6196,,1583006403,716979026,"""Soft Puff""",[-0.1426868885755539],"[0, 1, 0, 0]"
98.8720271587,,6197,,1583006403,723783016,"""Soft Puff""",[-0.13182871043682098],"[0, 1, 0, 0]"
98.8771572113,,6198,,1583006403,730084896,"""Soft Puff""",[-0.1426868885755539],"[0, 1, 0, 0]"
98.883197546,,6199,,1583006403,735238075,"""Soft Puff""",[-0.13182871043682098],"[0, 1, 0, 0]"
98.8892362118,,6200,,1583006403,741214990,"""Soft Puff""",[-0.1426868885755539],"[0, 1, 0, 0]"
98.9285833836,,6201,,1583006403,780988931,"""Soft Puff""",[-0.13182871043682098],"[0, 1, 0, 0]"
98.9665424824,,6202,,1583006403,819056034,"""Soft Puff""",[-0.1426868885755539],"[0, 1, 0, 0]"
98.9713587761,,6203,,1583006403,824611902,"""Soft Puff""",[-0.13182871043682098],"[0, 1, 0, 0]"
98.9784226418,,6204,,1583006403,830837965,"""Soft Puff""",[-0.1426868885755539],"[0, 1, 0, 0]"
98.9843058586,,6205,,1583006403,836498022,"""Soft Puff""",[-0.13182871043682098],"[0, 1, 0, 0]"
98.9905290604,,6206,,1583006403,842375993,"""Soft Puff""",[-0.1426868885755539],"[0, 1, 0, 0]"
98.9963178635,,6207,,1583006403,848575115,"""Soft Puff""",[-0.13182871043682098],"[0, 1, 0, 0]"
99.0016622543,,6208,,1583006403,854406118,"""Soft Puff""",[-0.1426868885755539],"[0, 1, 0, 0]"
99.0065128803,,6209,,1583006403,859725952,"""Soft Puff""",[-0.13182871043682098],"[0, 1, 0, 0]"
99.0111918449,,6210,,1583006403,864593029,"""Soft Puff""",[-0.1426868885755539],"[0, 1, 0, 0]"
99.017565012,,6211,,1583006403,869183063,"""Soft Puff""",[-0.13182871043682098],"[0, 1, 0, 0]"
99.023168087,,6212,,1583006403,875547885,"""Soft Puff""",[-0.1426868885755539],"[0, 1, 0, 0]"
99.028324604,,6213,,1583006403,881258010,"""Soft Puff""",[-0.13182871043682098],"[0, 1, 0, 0]"
99.0347852707,,6214,,1583006403,886430978,"""Soft Puff""",[-0.1426868885755539],"[0, 1, 0, 0]"
99.0403130054,,6215,,1583006403,892756938,"""Soft Puff""",[-0.13182871043682098],"[0, 1, 0, 0]"
99.0454881191,,6216,,1583006403,898298978,"""Soft Puff""",[-0.1426868885755539],"[0, 1, 0, 0]"
99.0534553528,,6217,,1583006403,903453111,"""Soft Puff""",[-0.13182871043682098],"[0, 1, 0, 0]"
99.0590658188,,6218,,1583006403,911151885,"""Soft Puff""",[-0.1426868885755539],"[0, 1, 0, 0]"
99.0663704872,,6219,,1583006403,917253971,"""Soft Puff""",[-0.13182871043682098],"[0, 1, 0, 0]"
99.0720808506,,6220,,1583006403,924505949,"""Soft Puff""",[-0.1426868885755539],"[0, 1, 0, 0]"
99.0774240494,,6221,,1583006403,930057048,"""Soft Puff""",[-0.13182871043682098],"[0, 1, 0, 0]"
99.0838236809,,6222,,1583006403,935154914,"""Soft Puff""",[-0.1426868885755539],"[0, 1, 0, 0]"
99.089066267,,6223,,1583006403,941852092,"""Soft Puff""",[-0.13182871043682098],"[0, 1, 0, 0]"
99.0939691067,,6224,,1583006403,947113990,"""Soft Puff""",[-0.1426868885755539],"[0, 1, 0, 0]"
99.0988078117,,6225,,1583006403,952069997,"""Soft Puff""",[-0.13182871043682098],"[0, 1, 0, 0]"
99.1039779186,,6226,,1583006403,956784963,"""Soft Puff""",[-0.1426868885755539],"[0, 1, 0, 0]"
99.1084880829,,6227,,1583006403,961945056,"""Soft Puff""",[-0.13182871043682098],"[0, 1, 0, 0]"
99.1138308048,,6228,,1583006403,966480016,"""Soft Puff""",[-0.1426868885755539],"[0, 1, 0, 0]"
99.1205658913,,6229,,1583006403,971746921,"""Soft Puff""",[-0.13182871043682098],"[0, 1, 0, 0]"
99.1259098053,,6230,,1583006403,978539943,"""Soft Puff""",[-0.1426868885755539],"[0, 1, 0, 0]"
99.1315517426,,6231,,1583006403,983980894,"""Soft Puff""",[-0.13182871043682098],"[0, 1, 0, 0]"
99.2105247974,,6232,,1583006404,62984943,"""Soft Puff""",[-0.1426868885755539],"[0, 1, 0, 0]"
99.2149970531,,6233,,1583006404,68598985,"""Soft Puff""",[-0.13182871043682098],"[0, 1, 0, 0]"
99.22072649,,6234,,1583006404,73052883,"""Soft Puff""",[-0.1426868885755539],"[0, 1, 0, 0]"
99.2312514782,,6235,,1583006404,82899093,"""Soft Puff""",[-0.13182871043682098],"[0, 1, 0, 0]"
99.238039732,,6236,,1583006404,89329004,"""Soft Puff""",[-0.1426868885755539],"[0, 1, 0, 0]"
99.2948889732,,6237,,1583006404,146919965,"""Soft Puff""",[-0.13182871043682098],"[0, 1, 0, 0]"
99.3014934063,,6238,,1583006404,152925014,"""Soft Puff""",[-0.1426868885755539],"[0, 1, 0, 0]"
99.3075642586,,6239,,1583006404,159517049,"""Soft Puff""",[-0.13182871043682098],"[0, 1, 0, 0]"
99.3123621941,,6240,,1583006404,165539026,"""Soft Puff""",[-0.1426868885755539],"[0, 1, 0, 0]"
99.3177080154,,6241,,1583006404,170496940,"""Soft Puff""",[-0.13182871043682098],"[0, 1, 0, 0]"
99.3234686852,,6242,,1583006404,175750017,"""Soft Puff""",[-0.1426868885755539],"[0, 1, 0, 0]"
99.3297376633,,6243,,1583006404,181529998,"""Soft Puff""",[-0.13182871043682098],"[0, 1, 0, 0]"
99.3382971287,,6244,,1583006404,187813997,"""Soft Puff""",[-0.1426868885755539],"[0, 1, 0, 0]"
99.3436434269,,6245,,1583006404,196357965,"""Soft Puff""",[-0.13182871043682098],"[0, 1, 0, 0]"
99.3620712757,,6246,,1583006404,213104009,"""Soft Puff""",[-0.1426868885755539],"[0, 1, 0, 0]"
99.3696038723,,6247,,1583006404,220093011,"""Soft Puff""",[-0.13182871043682098],"[0, 1, 0, 0]"
99.532343626,,6248,,1583006404,384921073,"""Soft Puff""",[-0.1210026741027832],"[0, 1, 0, 0]"
99.5383653641,,6249,,1583006404,390901088,"""Soft Puff""",[-0.13182871043682098],"[0, 1, 0, 0]"
99.5465185642,,6250,,1583006404,398891925,"""Soft Puff""",[-0.1210026741027832],"[0, 1, 0, 0]"
99.5913023949,,6251,,1583006404,443007946,"""Soft Puff""",[-0.13182871043682098],"[0, 1, 0, 0]"
99.5959565639,,6252,,1583006404,449379920,"""Soft Puff""",[-0.1210026741027832],"[0, 1, 0, 0]"
99.6085262299,,6253,,1583006404,460984945,"""Soft Puff""",[-0.13182871043682098],"[0, 1, 0, 0]"
99.6350340843,,6254,,1583006404,486948013,"""Soft Puff""",[-0.1426868885755539],"[0, 1, 0, 0]"
99.6848900318,,6255,,1583006404,536972045,"""Soft Puff""",[-0.1535450518131256],"[0, 1, 0, 0]"
99.7193467617,,6256,,1583006404,571098089,"""Soft Puff""",[-0.1426868885755539],"[0, 1, 0, 0]"
99.7244520187,,6257,,1583006404,577347993,"""Soft Puff""",[-0.1535450518131256],"[0, 1, 0, 0]"
99.7651045322,,6258,,1583006404,617003917,"""Soft Puff""",[-0.16440321505069733],"[0, 1, 0, 0]"
99.7804875374,,6259,,1583006404,630916118,"""Soft Puff""",[-0.1535450518131256],"[0, 1, 0, 0]"
99.7859585285,,6260,,1583006404,638407945,"""Soft Puff""",[-0.16440321505069733],"[0, 1, 0, 0]"
99.7904262543,,6261,,1583006404,644020080,"""Soft Puff""",[-0.1535450518131256],"[0, 1, 0, 0]"
99.7964830399,,6262,,1583006404,648403882,"""Soft Puff""",[-0.16440321505069733],"[0, 1, 0, 0]"
99.9211831093,,6263,,1583006404,772967100,"""Soft Puff""",[-0.17526137828826904],"[0, 1, 0, 0]"
99.9268388748,,6264,,1583006404,779280900,"""Soft Puff""",[-0.16440321505069733],"[0, 1, 0, 0]"
99.9323494434,,6265,,1583006404,784908056,"""Soft Puff""",[-0.17526137828826904],"[0, 1, 0, 0]"
100.004481554,,6266,,1583006404,856961965,"""Soft Puff""",[-0.18608741462230682],"[0, 1, 0, 0]"
100.009971619,,6267,,1583006404,862565994,"""Soft Puff""",[-0.17526137828826904],"[0, 1, 0, 0]"
100.015826941,,6268,,1583006404,868010997,"""Soft Puff""",[-0.18608741462230682],"[0, 1, 0, 0]"
100.072764397,,6269,,1583006404,923002958,"""Soft Puff""",[-0.19694557785987854],"[0, 1, 0, 0]"
100.07776022,,6270,,1583006404,930809974,"""Soft Puff""",[-0.18608741462230682],"[0, 1, 0, 0]"
100.085216522,,6271,,1583006404,935842037,"""Soft Puff""",[-0.19694557785987854],"[0, 1, 0, 0]"
100.090719223,,6272,,1583006404,943334102,"""Soft Puff""",[-0.18608741462230682],"[0, 1, 0, 0]"
100.096606731,,6273,,1583006404,948782920,"""Soft Puff""",[-0.19694557785987854],"[0, 1, 0, 0]"
100.156538963,,6274,,1583006405,7000923,"""Soft Puff""",[-0.20780374109745026],"[0, 1, 0, 0]"
100.160867691,,6275,,1583006405,14552116,"""Soft Puff""",[-0.19694557785987854],"[0, 1, 0, 0]"
100.166460276,,6276,,1583006405,18924951,"""Soft Puff""",[-0.20780374109745026],"[0, 1, 0, 0]"
100.172630072,,6277,,1583006405,24463891,"""Soft Puff""",[-0.19694557785987854],"[0, 1, 0, 0]"
100.258982182,,6278,,1583006405,111035108,"""Soft Puff""",[-0.20780374109745026],"[0, 1, 0, 0]"
100.263325214,,6279,,1583006405,117064952,"""Soft Puff""",[-0.19694557785987854],"[0, 1, 0, 0]"
100.337839842,,6280,,1583006405,188954114,"""Soft Puff""",[-0.18608741462230682],"[0, 1, 0, 0]"
100.392124653,,6281,,1583006405,244987964,"""Soft Puff""",[-0.19694557785987854],"[0, 1, 0, 0]"
100.678604364,,6282,,1583006405,530956029,"""Soft Puff""",[-0.20780374109745026],"[0, 1, 0, 0]"
100.719102621,,6283,,1583006405,571003913,"""Soft Puff""",[-0.21866190433502197],"[0, 1, 0, 0]"
100.768595695,,6284,,1583006405,620959043,"""Soft Puff""",[-0.2295200675725937],"[0, 1, 0, 0]"
100.773284197,,6285,,1583006405,626862049,"""Soft Puff""",[-0.21866190433502197],"[0, 1, 0, 0]"
100.778291702,,6286,,1583006405,631359100,"""Soft Puff""",[-0.2295200675725937],"[0, 1, 0, 0]"
100.784874439,,6287,,1583006405,636267900,"""Soft Puff""",[-0.21866190433502197],"[0, 1, 0, 0]"
100.789687634,,6288,,1583006405,642949104,"""Soft Puff""",[-0.2295200675725937],"[0, 1, 0, 0]"
100.812412739,,6289,,1583006405,664935111,"""Soft Puff""",[-0.24034611880779266],"[0, 1, 0, 0]"
100.824865103,,6290,,1583006405,677021980,"""Soft Puff""",[-0.2512042820453644],"[0, 1, 0, 0]"
100.83890295,,6291,,1583006405,690980911,"""Soft Puff""",[-0.2620624303817749],"[0, 1, 0, 0]"
100.853850126,,6292,,1583006405,704899072,"""Soft Puff""",[-0.2729206085205078],"[0, 1, 0, 0]"
100.876602173,,6293,,1583006405,728980064,"""Soft Puff""",[-0.28377875685691833],"[0, 1, 0, 0]"
100.929930687,,6294,,1583006405,782946109,"""Soft Puff""",[-0.29463693499565125],"[0, 1, 0, 0]"
100.93641901,,6295,,1583006405,787925958,"""Soft Puff""",[-0.28377875685691833],"[0, 1, 0, 0]"
100.941846371,,6296,,1583006405,794878005,"""Soft Puff""",[-0.29463693499565125],"[0, 1, 0, 0]"
100.946859121,,6297,,1583006405,799916982,"""Soft Puff""",[-0.28377875685691833],"[0, 1, 0, 0]"
100.95883584,,6298,,1583006405,810964107,"""Soft Puff""",[-0.29463693499565125],"[0, 1, 0, 0]"
100.965051413,,6299,,1583006405,816940069,"""Soft Puff""",[-0.28377875685691833],"[0, 1, 0, 0]"
100.970534563,,6300,,1583006405,823136091,"""Soft Puff""",[-0.29463693499565125],"[0, 1, 0, 0]"
100.975226164,,6301,,1583006405,828578948,"""Soft Puff""",[-0.28377875685691833],"[0, 1, 0, 0]"
101.032241344,,6302,,1583006405,884974002,"""Soft Puff""",[-0.2729206085205078],"[0, 1, 0, 0]"
101.037080765,,6303,,1583006405,890361070,"""Soft Puff""",[-0.28377875685691833],"[0, 1, 0, 0]"
101.04242754,,6304,,1583006405,895123958,"""Soft Puff""",[-0.2729206085205078],"[0, 1, 0, 0]"
101.14427495,,6305,,1583006405,996967077,"""Soft Puff""",[-0.2620624303817749],"[0, 1, 0, 0]"
101.231532574,,6306,,1583006406,83000898,"""Soft Puff""",[-0.2729206085205078],"[0, 1, 0, 0]"
101.236148357,,6307,,1583006406,89591026,"""Soft Puff""",[-0.2620624303817749],"[0, 1, 0, 0]"
101.261443138,,6308,,1583006406,113013029,"""Soft Puff""",[-0.2512042820453644],"[0, 1, 0, 0]"
101.268452168,,6309,,1583006406,119520902,"""Soft Puff""",[-0.2620624303817749],"[0, 1, 0, 0]"
101.273429632,,6310,,1583006406,126468896,"""Soft Puff""",[-0.2512042820453644],"[0, 1, 0, 0]"
101.294180393,,6311,,1583006406,145010948,"""Soft Puff""",[-0.24034611880779266],"[0, 1, 0, 0]"
101.299505472,,6312,,1583006406,152251958,"""Soft Puff""",[-0.2512042820453644],"[0, 1, 0, 0]"
101.304918051,,6313,,1583006406,157576084,"""Soft Puff""",[-0.24034611880779266],"[0, 1, 0, 0]"
101.382458448,,6314,,1583006406,234978914,"""Soft Puff""",[-0.2295200675725937],"[0, 1, 0, 0]"
101.416138172,,6315,,1583006406,267054080,"""Soft Puff""",[-0.21866190433502197],"[0, 1, 0, 0]"
101.506504059,,6316,,1583006406,359154939,"""Soft Puff""",[-0.2295200675725937],"[0, 1, 0, 0]"
101.516077757,,6317,,1583006406,368891954,"""Soft Puff""",[-0.21866190433502197],"[0, 1, 0, 0]"
101.524616957,,6318,,1583006406,376918077,"""Soft Puff""",[-0.2295200675725937],"[0, 1, 0, 0]"
101.529660463,,6319,,1583006406,382674932,"""Soft Puff""",[-0.21866190433502197],"[0, 1, 0, 0]"
101.565523148,,6320,,1583006406,416990041,"""Soft Puff""",[-0.20780374109745026],"[0, 1, 0, 0]"
101.590382814,,6321,,1583006406,442991018,"""Soft Puff""",[-0.19694557785987854],"[0, 1, 0, 0]"
101.664132595,,6322,,1583006406,517005920,"""Soft Puff""",[-0.18608741462230682],"[0, 1, 0, 0]"
101.760587931,,6323,,1583006406,612946033,"""Soft Puff""",[-0.19694557785987854],"[0, 1, 0, 0]"
101.768546104,,6324,,1583006406,618675947,"""Soft Puff""",[-0.18608741462230682],"[0, 1, 0, 0]"
101.78468585,,6325,,1583006406,636924028,"""Soft Puff""",[-0.19694557785987854],"[0, 1, 0, 0]"
101.791843176,,6326,,1583006406,642779111,"""Soft Puff""",[-0.18608741462230682],"[0, 1, 0, 0]"
101.796764135,,6327,,1583006406,649616956,"""Soft Puff""",[-0.19694557785987854],"[0, 1, 0, 0]"
101.801954269,,6328,,1583006406,654830932,"""Soft Puff""",[-0.18608741462230682],"[0, 1, 0, 0]"
101.808783531,,6329,,1583006406,659813880,"""Soft Puff""",[-0.19694557785987854],"[0, 1, 0, 0]"
101.840549946,,6330,,1583006406,693114042,"""Soft Puff""",[-0.18608741462230682],"[0, 1, 0, 0]"
101.84506917,,6331,,1583006406,698590040,"""Soft Puff""",[-0.19694557785987854],"[0, 1, 0, 0]"
101.853984356,,6332,,1583006406,703134059,"""Soft Puff""",[-0.18608741462230682],"[0, 1, 0, 0]"
101.878656387,,6333,,1583006406,731002092,"""Soft Puff""",[-0.17526137828826904],"[0, 1, 0, 0]"
101.886018515,,6334,,1583006406,736738920,"""Soft Puff""",[-0.18608741462230682],"[0, 1, 0, 0]"
101.892294884,,6335,,1583006406,744102954,"""Soft Puff""",[-0.17526137828826904],"[0, 1, 0, 0]"
101.95924139,,6336,,1583006406,811038017,"""Soft Puff""",[-0.18608741462230682],"[0, 1, 0, 0]"
101.963739872,,6337,,1583006406,817322969,"""Soft Puff""",[-0.17526137828826904],"[0, 1, 0, 0]"
102.005384922,,6338,,1583006406,856995105,"""Soft Puff""",[-0.18608741462230682],"[0, 1, 0, 0]"
102.011015415,,6339,,1583006406,863460063,"""Soft Puff""",[-0.17526137828826904],"[0, 1, 0, 0]"
102.046340466,,6340,,1583006406,898972988,"""Soft Puff""",[-0.16440321505069733],"[0, 1, 0, 0]"
102.051886559,,6341,,1583006406,904362916,"""Soft Puff""",[-0.17526137828826904],"[0, 1, 0, 0]"
102.058619261,,6342,,1583006406,909980058,"""Soft Puff""",[-0.16440321505069733],"[0, 1, 0, 0]"
102.063794851,,6343,,1583006406,916718006,"""Soft Puff""",[-0.17526137828826904],"[0, 1, 0, 0]"
102.069952726,,6344,,1583006406,921842098,"""Soft Puff""",[-0.16440321505069733],"[0, 1, 0, 0]"
102.076038599,,6345,,1583006406,927944898,"""Soft Puff""",[-0.17526137828826904],"[0, 1, 0, 0]"
102.082264423,,6346,,1583006406,934117078,"""Soft Puff""",[-0.16440321505069733],"[0, 1, 0, 0]"
102.089504957,,6347,,1583006406,940246105,"""Soft Puff""",[-0.17526137828826904],"[0, 1, 0, 0]"
102.094483852,,6348,,1583006406,947571039,"""Soft Puff""",[-0.16440321505069733],"[0, 1, 0, 0]"
102.099657059,,6349,,1583006406,952379941,"""Soft Puff""",[-0.17526137828826904],"[0, 1, 0, 0]"
102.10537982,,6350,,1583006406,957772016,"""Soft Puff""",[-0.16440321505069733],"[0, 1, 0, 0]"
102.110709906,,6351,,1583006406,963361978,"""Soft Puff""",[-0.17526137828826904],"[0, 1, 0, 0]"
102.116785288,,6352,,1583006406,968693017,"""Soft Puff""",[-0.16440321505069733],"[0, 1, 0, 0]"
102.122251034,,6353,,1583006406,974765062,"""Soft Puff""",[-0.17526137828826904],"[0, 1, 0, 0]"
102.128154993,,6354,,1583006406,980227947,"""Soft Puff""",[-0.16440321505069733],"[0, 1, 0, 0]"
102.134237766,,6355,,1583006406,986253023,"""Soft Puff""",[-0.17526137828826904],"[0, 1, 0, 0]"
102.13979578,,6356,,1583006406,992213964,"""Soft Puff""",[-0.16440321505069733],"[0, 1, 0, 0]"
102.145899296,,6357,,1583006406,997869014,"""Soft Puff""",[-0.17526137828826904],"[0, 1, 0, 0]"
102.152760267,,6358,,1583006407,3752946,"""Soft Puff""",[-0.16440321505069733],"[0, 1, 0, 0]"
102.166730404,,6359,,1583006407,18949985,"""Soft Puff""",[-0.1535450518131256],"[0, 1, 0, 0]"
102.17241168,,6360,,1583006407,24790048,"""Soft Puff""",[-0.16440321505069733],"[0, 1, 0, 0]"
102.207251787,,6361,,1583006407,58927059,"""Soft Puff""",[-0.17526137828826904],"[0, 1, 0, 0]"
102.213945866,,6362,,1583006407,65359115,"""Soft Puff""",[-0.16440321505069733],"[0, 1, 0, 0]"
102.218762159,,6363,,1583006407,72016954,"""Soft Puff""",[-0.17526137828826904],"[0, 1, 0, 0]"
102.224392176,,6364,,1583006407,76845884,"""Soft Puff""",[-0.16440321505069733],"[0, 1, 0, 0]"
102.230951071,,6365,,1583006407,82370996,"""Soft Puff""",[-0.17526137828826904],"[0, 1, 0, 0]"
102.272189617,,6366,,1583006407,123025894,"""Soft Puff""",[-0.18608741462230682],"[0, 1, 0, 0]"
102.339479446,,6367,,1583006407,190928936,"""Soft Puff""",[-0.19694557785987854],"[0, 1, 0, 0]"
102.344344616,,6368,,1583006407,197530031,"""Soft Puff""",[-0.18608741462230682],"[0, 1, 0, 0]"
102.349498034,,6369,,1583006407,202498912,"""Soft Puff""",[-0.19694557785987854],"[0, 1, 0, 0]"
102.436239243,,6370,,1583006407,289000988,"""Soft Puff""",[-0.20780374109745026],"[0, 1, 0, 0]"
102.441142797,,6371,,1583006407,294300079,"""Soft Puff""",[-0.19694557785987854],"[0, 1, 0, 0]"
102.450193167,,6372,,1583006407,300874948,"""Soft Puff""",[-0.20780374109745026],"[0, 1, 0, 0]"
102.480587244,,6373,,1583006407,332993030,"""Soft Puff""",[-0.21866190433502197],"[0, 1, 0, 0]"
102.614973783,,6374,,1583006407,466990947,"""Soft Puff""",[-0.2295200675725937],"[0, 1, 0, 0]"
102.668713808,,6375,,1583006407,521121978,"""Soft Puff""",[-0.24034611880779266],"[0, 1, 0, 0]"
102.674149036,,6376,,1583006407,526730060,"""Soft Puff""",[-0.2295200675725937],"[0, 1, 0, 0]"
102.681638002,,6377,,1583006407,532212018,"""Soft Puff""",[-0.24034611880779266],"[0, 1, 0, 0]"
102.754113913,,6378,,1583006407,605006933,"""Soft Puff""",[-0.2512042820453644],"[0, 1, 0, 0]"
102.760014772,,6379,,1583006407,612149953,"""Soft Puff""",[-0.24034611880779266],"[0, 1, 0, 0]"
102.766049623,,6380,,1583006407,618072986,"""Soft Puff""",[-0.2512042820453644],"[0, 1, 0, 0]"
102.771791458,,6381,,1583006407,624140977,"""Soft Puff""",[-0.24034611880779266],"[0, 1, 0, 0]"
102.776839733,,6382,,1583006407,629766941,"""Soft Puff""",[-0.2512042820453644],"[0, 1, 0, 0]"
102.781763315,,6383,,1583006407,634890079,"""Soft Puff""",[-0.24034611880779266],"[0, 1, 0, 0]"
102.788214445,,6384,,1583006407,639756917,"""Soft Puff""",[-0.2512042820453644],"[0, 1, 0, 0]"
102.830101013,,6385,,1583006407,682987928,"""Soft Puff""",[-0.2620624303817749],"[0, 1, 0, 0]"
102.83554101,,6386,,1583006407,688160896,"""Soft Puff""",[-0.2512042820453644],"[0, 1, 0, 0]"
102.840222836,,6387,,1583006407,693623065,"""Soft Puff""",[-0.2620624303817749],"[0, 1, 0, 0]"
102.845659971,,6388,,1583006407,698287963,"""Soft Puff""",[-0.2512042820453644],"[0, 1, 0, 0]"
102.852848291,,6389,,1583006407,703731060,"""Soft Puff""",[-0.2620624303817749],"[0, 1, 0, 0]"
102.867115974,,6390,,1583006407,718926906,"""Soft Puff""",[-0.2512042820453644],"[0, 1, 0, 0]"
102.874507666,,6391,,1583006407,726892948,"""Soft Puff""",[-0.2620624303817749],"[0, 1, 0, 0]"
102.881204128,,6392,,1583006407,732583999,"""Soft Puff""",[-0.2512042820453644],"[0, 1, 0, 0]"
102.921805382,,6393,,1583006407,773049116,"""Soft Puff""",[-0.2620624303817749],"[0, 1, 0, 0]"
102.92673254,,6394,,1583006407,779844999,"""Soft Puff""",[-0.2512042820453644],"[0, 1, 0, 0]"
102.932046413,,6395,,1583006407,784756898,"""Soft Puff""",[-0.2620624303817749],"[0, 1, 0, 0]"
102.961776018,,6396,,1583006407,814953088,"""Zero Band""",[-0.2729206085205078],"[0, 0, 0, 0]"
102.965307236,,6397,,1583006407,819833993,"""Zero Band""",[-0.2620624303817749],"[0, 0, 0, 0]"
103.049191952,,6398,,1583006407,899183034,"""Zero Band""",[-0.2512042820453644],"[0, 0, 0, 0]"
103.057340145,,6399,,1583006407,907290935,"""Zero Band""",[-0.2620624303817749],"[0, 0, 0, 0]"
103.062990904,,6400,,1583006407,915319919,"""Zero Band""",[-0.2512042820453644],"[0, 0, 0, 0]"
103.068562746,,6401,,1583006407,920991897,"""Zero Band""",[-0.2620624303817749],"[0, 0, 0, 0]"
103.073775291,,6402,,1583006407,926683902,"""Zero Band""",[-0.2512042820453644],"[0, 0, 0, 0]"
103.112593174,,6403,,1583006407,959403991,"""Zero Band""",[-0.2620624303817749],"[0, 0, 0, 0]"
103.138875961,,6404,,1583006407,989212989,"""Zero Band""",[-0.2729206085205078],"[0, 0, 0, 0]"
103.183385134,,6405,,1583006408,29463052,"""Zero Band""",[-0.2620624303817749],"[0, 0, 0, 0]"
103.19687891,,6406,,1583006408,47034978,"""Zero Band""",[-0.2729206085205078],"[0, 0, 0, 0]"
103.203698158,,6407,,1583006408,54888963,"""Zero Band""",[-0.2620624303817749],"[0, 0, 0, 0]"
103.209997177,,6408,,1583006408,61855077,"""Zero Band""",[-0.2729206085205078],"[0, 0, 0, 0]"
103.2415452,,6409,,1583006408,89314937,"""Zero Band""",[-0.28377875685691833],"[0, 0, 0, 0]"
103.24821496,,6410,,1583006408,99509954,"""Zero Band""",[-0.2729206085205078],"[0, 0, 0, 0]"
103.274639368,,6411,,1583006408,123241901,"""Zero Band""",[-0.2620624303817749],"[0, 0, 0, 0]"
103.283737421,,6412,,1583006408,135025978,"""Zero Band""",[-0.2512042820453644],"[0, 0, 0, 0]"
103.29382062,,6413,,1583006408,144973039,"""Zero Band""",[-0.24034611880779266],"[0, 0, 0, 0]"
103.307322025,,6414,,1583006408,157002925,"""Zero Band""",[-0.2295200675725937],"[0, 0, 0, 0]"
103.31724906,,6415,,1583006408,167031049,"""Zero Band""",[-0.21866190433502197],"[0, 0, 0, 0]"
103.326907873,,6416,,1583006408,177037954,"""Zero Band""",[-0.20780374109745026],"[0, 0, 0, 0]"
103.334020376,,6417,,1583006408,185009002,"""Zero Band""",[-0.19694557785987854],"[0, 0, 0, 0]"
103.34323287,,6418,,1583006408,192962884,"""Zero Band""",[-0.18608741462230682],"[0, 0, 0, 0]"
103.350509405,,6419,,1583006408,201334953,"""Zero Band""",[-0.17526137828826904],"[0, 0, 0, 0]"
103.357263088,,6420,,1583006408,208528041,"""Zero Band""",[-0.16440321505069733],"[0, 0, 0, 0]"
103.365291357,,6421,,1583006408,215382099,"""Zero Band""",[-0.1535450518131256],"[0, 0, 0, 0]"
103.373326063,,6422,,1583006408,223344087,"""Zero Band""",[-0.1426868885755539],"[0, 0, 0, 0]"
103.379733801,,6423,,1583006408,231394052,"""Zero Band""",[-0.13182871043682098],"[0, 0, 0, 0]"
103.385294914,,6424,,1583006408,237560033,"""Zero Band""",[-0.1210026741027832],"[0, 0, 0, 0]"
103.390921116,,6425,,1583006408,243324041,"""Zero Band""",[-0.11014451086521149],"[0, 0, 0, 0]"
103.397772789,,6426,,1583006408,248950004,"""Zero Band""",[-0.09928634762763977],"[0, 0, 0, 0]"
103.404523373,,6427,,1583006408,255837917,"""Zero Band""",[-0.08842818439006805],"[0, 0, 0, 0]"
103.411360025,,6428,,1583006408,262264966,"""Zero Band""",[-0.07757002115249634],"[0, 0, 0, 0]"
103.418349743,,6429,,1583006408,269364118,"""Zero Band""",[-0.06671185791492462],"[0, 0, 0, 0]"
103.425515652,,6430,,1583006408,276513099,"""Zero Band""",[-0.055885814130306244],"[0, 0, 0, 0]"
103.431586742,,6431,,1583006408,283474922,"""Zero Band""",[-0.04502765089273453],"[0, 0, 0, 0]"
103.438636541,,6432,,1583006408,289504051,"""Zero Band""",[-0.03416948765516281],"[0, 0, 0, 0]"
103.445446014,,6433,,1583006408,296473979,"""Zero Band""",[-0.023311322554945946],"[0, 0, 0, 0]"
103.451343298,,6434,,1583006408,303540945,"""Zero Band""",[-0.012453158386051655],"[0, 0, 0, 0]"
103.452666283,,6435,,1583006408,309345006,"""Zero Band""",[-0.0016271184431388974],"[0, 0, 0, 0]"
103.454027414,,6436,,1583006408,310640096,"""Zero Band""",[-0.0],"[0, 0, 0, 0]"
103.455083132,,6437,,1583006408,311852931,"""Zero Band""",[-0.0],"[0, 0, 0, 0]"
103.456289053,,6438,,1583006408,313055992,"""Zero Band""",[-0.0],"[0, 0, 0, 0]"
103.457496405,,6439,,1583006408,314254045,"""Zero Band""",[-0.0],"[0, 0, 0, 0]"
103.458760738,,6440,,1583006408,315570116,"""Zero Band""",[-0.0],"[0, 0, 0, 0]"
103.460027218,,6441,,1583006408,316677093,"""Zero Band""",[-0.0],"[0, 0, 0, 0]"
103.460123539,,6442,,1583006408,316677093,"""input stopped""",[-0.0],"[0, 0, 0, 0]"
109.635111094,,6443,,1583006414,491976022,"""Zero Band""",[-0.0],"[0, 0, 0, 0]"
109.638104677,,6444,,1583006414,494976997,"""Zero Band""",[-0.0],"[0, 0, 0, 0]"
109.642251253,,6445,,1583006414,498971939,"""Zero Band""",[-0.0],"[0, 0, 0, 0]"
109.643845081,,6446,,1583006414,500925064,"""Zero Band""",[0.0016592431347817183],"[0, 0, 0, 0]"
109.650225878,,6447,,1583006414,502870082,"""Zero Band""",[0.023343447595834732],"[0, 0, 0, 0]"
109.655261517,,6448,,1583006414,508307933,"""Zero Band""",[0.04505977779626846],"[0, 0, 0, 0]"
109.661783695,,6449,,1583006414,513376951,"""Zero Band""",[0.07760214805603027],"[0, 0, 0, 0]"
109.667901278,,6450,,1583006414,519767999,"""Zero Band""",[0.0993184745311737],"[0, 0, 0, 0]"
109.672741413,,6451,,1583006414,526010036,"""Zero Band""",[0.12103480100631714],"[0, 0, 0, 0]"
109.67834115,,6452,,1583006414,530745029,"""Zero Band""",[0.16443534195423126],"[0, 0, 0, 0]"
109.684851646,,6453,,1583006414,536360979,"""Zero Band""",[0.19697770476341248],"[0, 0, 0, 0]"
109.691385269,,6454,,1583006414,542848110,"""Zero Band""",[0.22955219447612762],"[0, 0, 0, 0]"
109.697383642,,6455,,1583006414,549359083,"""Zero Band""",[0.27295273542404175],"[0, 0, 0, 0]"
109.698402643,,6456,,1583006414,555480003,"""Soft-Hard Sip Deadband""",[0.3163532614707947],"[0, 0, 0, 0]"
109.699304581,,6457,,1583006414,556392908,"""Soft-Hard Sip Deadband""",[0.3597537875175476],"[0, 0, 0, 0]"
109.700239182,,6458,,1583006414,557271003,"""Soft-Hard Sip Deadband""",[0.4031864404678345],"[0, 0, 0, 0]"
109.701218843,,6459,,1583006414,558201074,"""Soft-Hard Sip Deadband""",[0.4465869963169098],"[0, 0, 0, 0]"
109.702218533,,6460,,1583006414,559346914,"""Soft-Hard Sip Deadband""",[0.4899875223636627],"[0, 0, 0, 0]"
109.708127022,,6461,,1583006414,560189962,"""Zero Band""",[0.5442461967468262],"[0, 0, 0, 0]"
109.71511054,,6462,,1583006414,566097974,"""Zero Band""",[0.598504900932312],"[0, 0, 0, 0]"
109.720977306,,6463,,1583006414,573080062,"""Zero Band""",[0.6419375538825989],"[0, 0, 0, 0]"
109.727006674,,6464,,1583006414,578969001,"""Zero Band""",[0.7070544362068176],"[0, 0, 0, 0]"
109.733531952,,6465,,1583006414,585006952,"""Zero Band""",[0.7613131403923035],"[0, 0, 0, 0]"
109.739376545,,6466,,1583006414,591377973,"""Zero Band""",[0.8155718445777893],"[0, 0, 0, 0]"
109.744836807,,6467,,1583006414,597357988,"""Zero Band""",[0.8806886672973633],"[0, 0, 0, 0]"
109.750228405,,6468,,1583006414,602951049,"""Zero Band""",[0.956631600856781],"[0, 0, 0, 0]"
109.756324768,,6469,,1583006414,608237981,"""Zero Band""",[1.0],"[0, 0, 0, 0]"
110.153180122,,6470,,1583006415,5013942,"""Zero Band""",[0.989206075668335],"[0, 0, 0, 0]"
110.157967329,,6471,,1583006415,11253118,"""Zero Band""",[0.924089252948761],"[0, 0, 0, 0]"
110.162348747,,6472,,1583006415,15968084,"""Zero Band""",[0.8589723706245422],"[0, 0, 0, 0]"
110.16829586,,6473,,1583006415,20467996,"""Zero Band""",[0.8047136664390564],"[0, 0, 0, 0]"
110.174967051,,6474,,1583006415,26278972,"""Zero Band""",[0.7504549622535706],"[0, 0, 0, 0]"
110.18100214,,6475,,1583006415,32980918,"""Zero Band""",[0.6853380799293518],"[0, 0, 0, 0]"
110.189204931,,6476,,1583006415,39227008,"""Zero Band""",[0.6419375538825989],"[0, 0, 0, 0]"
110.195479631,,6477,,1583006415,47207117,"""Zero Band""",[0.598504900932312],"[0, 0, 0, 0]"
110.20203352,,6478,,1583006415,53484916,"""Zero Band""",[0.5442461967468262],"[0, 0, 0, 0]"
110.206535101,,6479,,1583006415,59940099,"""Zero Band""",[0.5008456707000732],"[0, 0, 0, 0]"
110.207422256,,6480,,1583006415,64521074,"""Soft-Hard Sip Deadband""",[0.4574451446533203],"[0, 0, 0, 0]"
110.208299398,,6481,,1583006415,65506935,"""Soft-Hard Sip Deadband""",[0.4140446186065674],"[0, 0, 0, 0]"
110.209112883,,6482,,1583006415,66287994,"""Soft-Hard Sip Deadband""",[0.3706119656562805],"[0, 0, 0, 0]"
110.209755182,,6483,,1583006415,67024946,"""Soft-Hard Sip Deadband""",[0.3380695879459381],"[0, 0, 0, 0]"
110.210512161,,6484,,1583006415,67816019,"""Soft-Hard Sip Deadband""",[0.30549511313438416],"[0, 0, 0, 0]"
110.218508005,,6485,,1583006415,68490982,"""Zero Band""",[0.27295273542404175],"[0, 0, 0, 0]"
110.223595381,,6486,,1583006415,76497077,"""Zero Band""",[0.2403782308101654],"[0, 0, 0, 0]"
110.228366137,,6487,,1583006415,81691980,"""Zero Band""",[0.2186940312385559],"[0, 0, 0, 0]"
110.234186888,,6488,,1583006415,86333036,"""Zero Band""",[0.18611954152584076],"[0, 0, 0, 0]"
110.238848925,,6489,,1583006415,92156887,"""Zero Band""",[0.16443534195423126],"[0, 0, 0, 0]"
110.24484396,,6490,,1583006415,96822977,"""Zero Band""",[0.14271900057792664],"[0, 0, 0, 0]"
110.251549959,,6491,,1583006415,102834939,"""Zero Band""",[0.12103480100631714],"[0, 0, 0, 0]"
110.256036758,,6492,,1583006415,109365940,"""Zero Band""",[0.0993184745311737],"[0, 0, 0, 0]"
110.261714697,,6493,,1583006415,113929033,"""Zero Band""",[0.07760214805603027],"[0, 0, 0, 0]"
110.268369913,,6494,,1583006415,119781970,"""Zero Band""",[0.04505977779626846],"[0, 0, 0, 0]"
110.273085833,,6495,,1583006415,126353025,"""Zero Band""",[0.03420161083340645],"[0, 0, 0, 0]"
110.279122591,,6496,,1583006415,131073951,"""Zero Band""",[0.012485282495617867],"[0, 0, 0, 0]"
110.280033588,,6497,,1583006415,137013912,"""Zero Band""",[-0.0],"[0, 0, 0, 0]"
110.280820847,,6498,,1583006415,137995958,"""Zero Band""",[-0.0],"[0, 0, 0, 0]"
110.282729387,,6499,,1583006415,138853073,"""Zero Band""",[-0.0],"[0, 0, 0, 0]"
110.283680201,,6500,,1583006415,140604972,"""Zero Band""",[-0.0],"[0, 0, 0, 0]"
110.284491062,,6501,,1583006415,141644954,"""Zero Band""",[-0.0],"[0, 0, 0, 0]"
110.284574032,,6502,,1583006415,141644954,"""input stopped""",[-0.0],"[0, 0, 0, 0]"
110.288746595,,6503,,1583006415,145925998,"""Zero Band""",[-0.0],"[0, 0, 0, 0]"
110.291712999,,6504,,1583006415,148900032,"""Zero Band""",[-0.0],"[0, 0, 0, 0]"
110.298368692,,6505,,1583006415,150902032,"""Zero Band""",[-0.012453158386051655],"[0, 0, 0, 0]"
110.303630352,,6506,,1583006415,156436920,"""Zero Band""",[-0.03416948765516281],"[0, 0, 0, 0]"
110.309202909,,6507,,1583006415,161638021,"""Zero Band""",[-0.06671185791492462],"[0, 0, 0, 0]"
110.315203667,,6508,,1583006415,167283058,"""Zero Band""",[-0.11014451086521149],"[0, 0, 0, 0]"
110.3210783,,6509,,1583006415,173207998,"""Zero Band""",[-0.1426868885755539],"[0, 0, 0, 0]"
110.326710224,,6510,,1583006415,179173946,"""Zero Band""",[-0.17526137828826904],"[0, 0, 0, 0]"
110.332653046,,6511,,1583006415,184703111,"""Zero Band""",[-0.2295200675725937],"[0, 0, 0, 0]"
110.338196039,,6512,,1583006415,190783977,"""Zero Band""",[-0.2620624303817749],"[0, 0, 0, 0]"
110.339196682,,6513,,1583006415,196223974,"""Soft-Hard Puff Deadband""",[-0.3054629862308502],"[0, 0, 0, 0]"
110.340167761,,6514,,1583006415,197155952,"""Soft-Hard Puff Deadband""",[-0.3488956391811371],"[0, 0, 0, 0]"
110.340948105,,6515,,1583006415,198132991,"""Soft-Hard Puff Deadband""",[-0.39229616522789],"[0, 0, 0, 0]"
110.341851711,,6516,,1583006415,198916912,"""Soft-Hard Puff Deadband""",[-0.43569669127464294],"[0, 0, 0, 0]"
110.342894554,,6517,,1583006415,199903964,"""Soft-Hard Puff Deadband""",[-0.4790972173213959],"[0, 0, 0, 0]"
110.350511551,,6518,,1583006415,200906038,"""Hard Puff""",[-0.5225299000740051],"[1, 0, 0, 0]"
110.357242346,,6519,,1583006415,208491086,"""Hard Puff""",[-0.5659304261207581],"[1, 0, 0, 0]"
110.362433672,,6520,,1583006415,215327978,"""Hard Puff""",[-0.6201891303062439],"[1, 0, 0, 0]"
110.368331432,,6521,,1583006415,220329999,"""Hard Puff""",[-0.6635896563529968],"[1, 0, 0, 0]"
110.373640776,,6522,,1583006415,226324081,"""Hard Puff""",[-0.7070223093032837],"[1, 0, 0, 0]"
110.378887177,,6523,,1583006415,231617927,"""Hard Puff""",[-0.7612810134887695],"[1, 0, 0, 0]"
110.385235071,,6524,,1583006415,236953020,"""Zero Band""",[-0.7938233613967896],"[0, 0, 0, 0]"
110.390152693,,6525,,1583006415,243213891,"""Zero Band""",[-0.8372238874435425],"[0, 0, 0, 0]"
110.396140337,,6526,,1583006415,248155117,"""Zero Band""",[-0.8914825916290283],"[0, 0, 0, 0]"
110.40220499,,6527,,1583006415,254110097,"""Zero Band""",[-0.9349152445793152],"[0, 0, 0, 0]"
110.409135103,,6528,,1583006415,260185003,"""Zero Band""",[-0.96745765209198],"[0, 0, 0, 0]"
110.413801432,,6529,,1583006415,267163991,"""Zero Band""",[-1.0],"[0, 0, 0, 0]"
110.638006926,,6530,,1583006415,489079952,"""Zero Band""",[-0.9565994739532471],"[0, 0, 0, 0]"
110.644082069,,6531,,1583006415,496090888,"""Zero Band""",[-0.924057126045227],"[0, 0, 0, 0]"
110.648889065,,6532,,1583006415,502074003,"""Zero Band""",[-0.8914825916290283],"[0, 0, 0, 0]"
110.656519651,,6533,,1583006415,506978034,"""Zero Band""",[-0.8480820655822754],"[0, 0, 0, 0]"
110.661915779,,6534,,1583006415,514504909,"""Zero Band""",[-0.8046815395355225],"[0, 0, 0, 0]"
110.667631626,,6535,,1583006415,519906044,"""Zero Band""",[-0.7721070647239685],"[0, 0, 0, 0]"
110.67340064,,6536,,1583006415,525619029,"""Zero Band""",[-0.7287065386772156],"[0, 0, 0, 0]"
110.679129362,,6537,,1583006415,531240940,"""Zero Band""",[-0.6961641311645508],"[0, 0, 0, 0]"
110.684318304,,6538,,1583006415,537247896,"""Zero Band""",[-0.6527314782142639],"[0, 0, 0, 0]"
110.691000938,,6539,,1583006415,542300939,"""Zero Band""",[-0.609330952167511],"[0, 0, 0, 0]"
110.695793152,,6540,,1583006415,548980951,"""Zero Band""",[-0.576788604259491],"[0, 0, 0, 0]"
110.702083826,,6541,,1583006415,553781032,"""Zero Band""",[-0.5442140698432922],"[0, 0, 0, 0]"
110.707794905,,6542,,1583006415,560095071,"""Zero Band""",[-0.5008135437965393],"[0, 0, 0, 0]"
110.708646297,,6543,,1583006415,565687894,"""Soft-Hard Puff Deadband""",[-0.4682711958885193],"[0, 0, 0, 0]"
110.709427834,,6544,,1583006415,566637039,"""Soft-Hard Puff Deadband""",[-0.43569669127464294],"[0, 0, 0, 0]"
110.710217476,,6545,,1583006415,567408084,"""Soft-Hard Puff Deadband""",[-0.4031543433666229],"[0, 0, 0, 0]"
110.710980654,,6546,,1583006415,568217039,"""Soft-Hard Puff Deadband""",[-0.3705798387527466],"[0, 0, 0, 0]"
110.711962461,,6547,,1583006415,569044113,"""Soft-Hard Puff Deadband""",[-0.3488956391811371],"[0, 0, 0, 0]"
110.712767124,,6548,,1583006415,569936990,"""Soft-Hard Puff Deadband""",[-0.31632113456726074],"[0, 0, 0, 0]"
110.718595982,,6549,,1583006415,570903062,"""Soft Puff""",[-0.29463693499565125],"[0, 1, 0, 0]"
110.724266291,,6550,,1583006415,576577901,"""Soft Puff""",[-0.2620624303817749],"[0, 1, 0, 0]"
110.729065657,,6551,,1583006415,582247972,"""Soft Puff""",[-0.24034611880779266],"[0, 1, 0, 0]"
110.735495567,,6552,,1583006415,587040901,"""Soft Puff""",[-0.21866190433502197],"[0, 1, 0, 0]"
110.740921259,,6553,,1583006415,593502044,"""Soft Puff""",[-0.18608741462230682],"[0, 1, 0, 0]"
110.745861769,,6554,,1583006415,598898887,"""Soft Puff""",[-0.16440321505069733],"[0, 1, 0, 0]"
110.751843691,,6555,,1583006415,603831052,"""Soft Puff""",[-0.1426868885755539],"[0, 1, 0, 0]"
110.757433176,,6556,,1583006415,609834909,"""Soft Puff""",[-0.1210026741027832],"[0, 1, 0, 0]"
110.762995243,,6557,,1583006415,615411043,"""Soft Puff""",[-0.09928634762763977],"[0, 1, 0, 0]"
110.769401789,,6558,,1583006415,621005058,"""Soft Puff""",[-0.07757002115249634],"[0, 1, 0, 0]"
110.774108648,,6559,,1583006415,627387046,"""Soft Puff""",[-0.06671185791492462],"[0, 1, 0, 0]"
110.779774904,,6560,,1583006415,632086038,"""Soft Puff""",[-0.04502765089273453],"[0, 1, 0, 0]"
110.785809755,,6561,,1583006415,637525081,"""Soft Puff""",[-0.023311322554945946],"[0, 1, 0, 0]"
110.792797327,,6562,,1583006415,643852949,"""Soft Puff""",[-0.012453158386051655],"[0, 1, 0, 0]"
110.794296741,,6563,,1583006415,650834083,"""Zero Band""",[-0.0],"[0, 0, 0, 0]"
110.795253277,,6564,,1583006415,652272939,"""Zero Band""",[-0.0],"[0, 0, 0, 0]"
110.796180964,,6565,,1583006415,653244972,"""Zero Band""",[-0.0],"[0, 0, 0, 0]"
110.796885967,,6566,,1583006415,654133081,"""Zero Band""",[-0.0],"[0, 0, 0, 0]"
110.797622919,,6567,,1583006415,654860973,"""Zero Band""",[-0.0],"[0, 0, 0, 0]"
110.797700167,,6568,,1583006415,654860973,"""input stopped""",[-0.0],"[0, 0, 0, 0]"
111.753128529,,6569,,1583006416,609930038,"""Zero Band""",[-0.0],"[0, 0, 0, 0]"
111.767945051,,6570,,1583006416,624927997,"""Zero Band""",[-0.0],"[0, 0, 0, 0]"
111.778204203,,6571,,1583006416,635015010,"""Zero Band""",[-0.0],"[0, 0, 0, 0]"
111.804325104,,6572,,1583006416,661037921,"""Zero Band""",[-0.0],"[0, 0, 0, 0]"
111.80999136,,6573,,1583006416,666970968,"""Zero Band""",[-0.0],"[0, 0, 0, 0]"
111.811879635,,6574,,1583006416,668943881,"""Zero Band""",[-0.0],"[0, 0, 0, 0]"
111.868518114,,6575,,1583006416,725053071,"""Zero Band""",[-0.0],"[0, 0, 0, 0]"
111.872114658,,6576,,1583006416,728981018,"""Zero Band""",[-0.0],"[0, 0, 0, 0]"
111.873959541,,6577,,1583006416,730910062,"""Zero Band""",[-0.0],"[0, 0, 0, 0]"
111.906204224,,6578,,1583006416,762991905,"""Zero Band""",[-0.0016271184431388974],"[0, 0, 0, 0]"
111.938823938,,6579,,1583006416,791065931,"""Soft Puff""",[-0.012453158386051655],"[0, 1, 0, 0]"
111.954369783,,6580,,1583006416,806998014,"""Soft Puff""",[-0.023311322554945946],"[0, 1, 0, 0]"
111.980663061,,6581,,1583006416,831001996,"""Soft Puff""",[-0.03416948765516281],"[0, 1, 0, 0]"
111.985718012,,6582,,1583006416,838726043,"""Soft Puff""",[-0.023311322554945946],"[0, 1, 0, 0]"
111.990561724,,6583,,1583006416,843708038,"""Soft Puff""",[-0.03416948765516281],"[0, 1, 0, 0]"
111.995656729,,6584,,1583006416,848911046,"""Soft Puff""",[-0.04502765089273453],"[0, 1, 0, 0]"
112.016873121,,6585,,1583006416,868952989,"""Soft Puff""",[-0.055885814130306244],"[0, 1, 0, 0]"
112.022186279,,6586,,1583006416,874972105,"""Soft Puff""",[-0.04502765089273453],"[0, 1, 0, 0]"
112.027058125,,6587,,1583006416,880239963,"""Soft Puff""",[-0.055885814130306244],"[0, 1, 0, 0]"
112.056545496,,6588,,1583006416,909044981,"""Soft Puff""",[-0.06671185791492462],"[0, 1, 0, 0]"
112.07205987,,6589,,1583006416,922966957,"""Soft Puff""",[-0.07757002115249634],"[0, 1, 0, 0]"
112.084679842,,6590,,1583006416,936939001,"""Soft Puff""",[-0.08842818439006805],"[0, 1, 0, 0]"
112.097759962,,6591,,1583006416,948951005,"""Soft Puff""",[-0.09928634762763977],"[0, 1, 0, 0]"
112.118260145,,6592,,1583006416,970932006,"""Soft Puff""",[-0.11014451086521149],"[0, 1, 0, 0]"
112.128141403,,6593,,1583006416,978899002,"""Soft Puff""",[-0.09928634762763977],"[0, 1, 0, 0]"
112.133952856,,6594,,1583006416,986248016,"""Soft Puff""",[-0.11014451086521149],"[0, 1, 0, 0]"
112.168306351,,6595,,1583006417,21033048,"""Soft Puff""",[-0.09928634762763977],"[0, 1, 0, 0]"
112.174135685,,6596,,1583006417,26360988,"""Soft Puff""",[-0.11014451086521149],"[0, 1, 0, 0]"
112.180804491,,6597,,1583006417,32215118,"""Soft Puff""",[-0.09928634762763977],"[0, 1, 0, 0]"
112.22028327,,6598,,1583006417,72999000,"""Soft Puff""",[-0.11014451086521149],"[0, 1, 0, 0]"
112.22695303,,6599,,1583006417,78380107,"""Soft Puff""",[-0.09928634762763977],"[0, 1, 0, 0]"
112.233261585,,6600,,1583006417,85037946,"""Soft Puff""",[-0.11014451086521149],"[0, 1, 0, 0]"
112.238321066,,6601,,1583006417,91326951,"""Soft Puff""",[-0.09928634762763977],"[0, 1, 0, 0]"
112.245257139,,6602,,1583006417,96362113,"""Soft Puff""",[-0.11014451086521149],"[0, 1, 0, 0]"
112.253156662,,6603,,1583006417,103316068,"""Soft Puff""",[-0.09928634762763977],"[0, 1, 0, 0]"
112.265205383,,6604,,1583006417,117008924,"""Soft Puff""",[-0.11014451086521149],"[0, 1, 0, 0]"
112.27104187,,6605,,1583006417,123272895,"""Soft Puff""",[-0.09928634762763977],"[0, 1, 0, 0]"
112.276315689,,6606,,1583006417,129098892,"""Soft Puff""",[-0.11014451086521149],"[0, 1, 0, 0]"
112.302028418,,6607,,1583006417,154989004,"""Soft Puff""",[-0.1210026741027832],"[0, 1, 0, 0]"
112.306456566,,6608,,1583006417,159890890,"""Soft Puff""",[-0.11014451086521149],"[0, 1, 0, 0]"
112.31248498,,6609,,1583006417,164515018,"""Soft Puff""",[-0.1210026741027832],"[0, 1, 0, 0]"
112.338466406,,6610,,1583006417,189013957,"""Soft Puff""",[-0.13182871043682098],"[0, 1, 0, 0]"
112.344685316,,6611,,1583006417,196527957,"""Soft Puff""",[-0.1210026741027832],"[0, 1, 0, 0]"
112.350067139,,6612,,1583006417,202733039,"""Soft Puff""",[-0.13182871043682098],"[0, 1, 0, 0]"
112.38052392,,6613,,1583006417,231049060,"""Soft Puff""",[-0.1426868885755539],"[0, 1, 0, 0]"
112.386321783,,6614,,1583006417,238634109,"""Soft Puff""",[-0.13182871043682098],"[0, 1, 0, 0]"
112.392077446,,6615,,1583006417,244390010,"""Soft Puff""",[-0.1426868885755539],"[0, 1, 0, 0]"
112.440502644,,6616,,1583006417,293011903,"""Soft Puff""",[-0.1535450518131256],"[0, 1, 0, 0]"
112.44686389,,6617,,1583006417,298886060,"""Soft Puff""",[-0.1426868885755539],"[0, 1, 0, 0]"
112.451864243,,6618,,1583006417,304919958,"""Soft Puff""",[-0.1535450518131256],"[0, 1, 0, 0]"
112.462372065,,6619,,1583006417,314974069,"""Soft Puff""",[-0.1426868885755539],"[0, 1, 0, 0]"
112.467921734,,6620,,1583006417,320427894,"""Soft Puff""",[-0.1535450518131256],"[0, 1, 0, 0]"
112.48281908,,6621,,1583006417,334964990,"""Soft Puff""",[-0.1426868885755539],"[0, 1, 0, 0]"
112.488051414,,6622,,1583006417,340884923,"""Soft Puff""",[-0.1535450518131256],"[0, 1, 0, 0]"
112.50133276,,6623,,1583006417,353004932,"""Soft Puff""",[-0.1426868885755539],"[0, 1, 0, 0]"
112.507609367,,6624,,1583006417,359400987,"""Soft Puff""",[-0.1535450518131256],"[0, 1, 0, 0]"
112.513433695,,6625,,1583006417,365643024,"""Soft Puff""",[-0.1426868885755539],"[0, 1, 0, 0]"
112.51921916,,6626,,1583006417,371509075,"""Soft Puff""",[-0.1535450518131256],"[0, 1, 0, 0]"
112.525153875,,6627,,1583006417,377306938,"""Soft Puff""",[-0.1426868885755539],"[0, 1, 0, 0]"
112.620111465,,6628,,1583006417,472984075,"""Soft Puff""",[-0.13182871043682098],"[0, 1, 0, 0]"
112.624975443,,6629,,1583006417,478029966,"""Soft Puff""",[-0.1426868885755539],"[0, 1, 0, 0]"
112.630831003,,6630,,1583006417,483020067,"""Soft Puff""",[-0.13182871043682098],"[0, 1, 0, 0]"
112.635488033,,6631,,1583006417,488912105,"""Soft Puff""",[-0.1426868885755539],"[0, 1, 0, 0]"
112.641223907,,6632,,1583006417,493387937,"""Soft Puff""",[-0.13182871043682098],"[0, 1, 0, 0]"
112.648036718,,6633,,1583006417,499316930,"""Soft Puff""",[-0.1426868885755539],"[0, 1, 0, 0]"
112.65323782,,6634,,1583006417,505891084,"""Soft Puff""",[-0.13182871043682098],"[0, 1, 0, 0]"
112.658651114,,6635,,1583006417,511276960,"""Soft Puff""",[-0.1426868885755539],"[0, 1, 0, 0]"
112.664814472,,6636,,1583006417,516721963,"""Soft Puff""",[-0.13182871043682098],"[0, 1, 0, 0]"
112.669653654,,6637,,1583006417,522877931,"""Soft Puff""",[-0.1426868885755539],"[0, 1, 0, 0]"
112.696936607,,6638,,1583006417,549042940,"""Soft Puff""",[-0.1535450518131256],"[0, 1, 0, 0]"
112.71764183,,6639,,1583006417,567030906,"""Soft Puff""",[-0.1426868885755539],"[0, 1, 0, 0]"
112.722149611,,6640,,1583006417,575671911,"""Soft Puff""",[-0.1535450518131256],"[0, 1, 0, 0]"
112.779584169,,6641,,1583006417,631086111,"""Soft Puff""",[-0.16440321505069733],"[0, 1, 0, 0]"
112.906314373,,6642,,1583006417,758975028,"""Soft Puff""",[-0.17526137828826904],"[0, 1, 0, 0]"
112.913756847,,6643,,1583006417,766889095,"""Soft Puff""",[-0.16440321505069733],"[0, 1, 0, 0]"
112.920615196,,6644,,1583006417,771876096,"""Soft Puff""",[-0.17526137828826904],"[0, 1, 0, 0]"
112.943344831,,6645,,1583006417,795228958,"""Soft Puff""",[-0.18608741462230682],"[0, 1, 0, 0]"
112.974528551,,6646,,1583006417,827001094,"""Soft Puff""",[-0.17526137828826904],"[0, 1, 0, 0]"
112.980802059,,6647,,1583006417,832567930,"""Soft Puff""",[-0.18608741462230682],"[0, 1, 0, 0]"
112.987036705,,6648,,1583006417,838877916,"""Soft Puff""",[-0.17526137828826904],"[0, 1, 0, 0]"
112.991568089,,6649,,1583006417,845099925,"""Soft Puff""",[-0.18608741462230682],"[0, 1, 0, 0]"
112.996621847,,6650,,1583006417,849651098,"""Soft Puff""",[-0.17526137828826904],"[0, 1, 0, 0]"
113.004952908,,6651,,1583006417,854681968,"""Soft Puff""",[-0.18608741462230682],"[0, 1, 0, 0]"
113.011745691,,6652,,1583006417,863004922,"""Soft Puff""",[-0.17526137828826904],"[0, 1, 0, 0]"
113.017166376,,6653,,1583006417,869822025,"""Soft Puff""",[-0.18608741462230682],"[0, 1, 0, 0]"
113.023050785,,6654,,1583006417,875144958,"""Soft Puff""",[-0.17526137828826904],"[0, 1, 0, 0]"
113.027743101,,6655,,1583006417,880925893,"""Soft Puff""",[-0.18608741462230682],"[0, 1, 0, 0]"
113.033859015,,6656,,1583006417,885797977,"""Soft Puff""",[-0.17526137828826904],"[0, 1, 0, 0]"
113.039517879,,6657,,1583006417,891872882,"""Soft Puff""",[-0.18608741462230682],"[0, 1, 0, 0]"
113.118765354,,6658,,1583006417,970990896,"""Soft Puff""",[-0.17526137828826904],"[0, 1, 0, 0]"
113.124346733,,6659,,1583006417,976850032,"""Soft Puff""",[-0.18608741462230682],"[0, 1, 0, 0]"
113.130760431,,6660,,1583006417,982377052,"""Soft Puff""",[-0.17526137828826904],"[0, 1, 0, 0]"
113.136131287,,6661,,1583006417,988817930,"""Soft Puff""",[-0.18608741462230682],"[0, 1, 0, 0]"
113.140747547,,6662,,1583006417,994215011,"""Soft Puff""",[-0.17526137828826904],"[0, 1, 0, 0]"
113.145826817,,6663,,1583006417,998810052,"""Soft Puff""",[-0.18608741462230682],"[0, 1, 0, 0]"
113.152378798,,6664,,1583006418,3813982,"""Soft Puff""",[-0.17526137828826904],"[0, 1, 0, 0]"
113.158481598,,6665,,1583006418,10399103,"""Soft Puff""",[-0.18608741462230682],"[0, 1, 0, 0]"
113.164689064,,6666,,1583006418,16572952,"""Soft Puff""",[-0.17526137828826904],"[0, 1, 0, 0]"
113.16960144,,6667,,1583006418,22752046,"""Soft Puff""",[-0.18608741462230682],"[0, 1, 0, 0]"
113.175447941,,6668,,1583006418,27607917,"""Soft Puff""",[-0.17526137828826904],"[0, 1, 0, 0]"
113.181760311,,6669,,1583006418,33577919,"""Soft Puff""",[-0.18608741462230682],"[0, 1, 0, 0]"
113.187244415,,6670,,1583006418,39726018,"""Soft Puff""",[-0.17526137828826904],"[0, 1, 0, 0]"
113.199141502,,6671,,1583006418,51039934,"""Soft Puff""",[-0.18608741462230682],"[0, 1, 0, 0]"
113.204080582,,6672,,1583006418,57060003,"""Soft Puff""",[-0.17526137828826904],"[0, 1, 0, 0]"
113.211032629,,6673,,1583006418,62120914,"""Soft Puff""",[-0.18608741462230682],"[0, 1, 0, 0]"
113.216783524,,6674,,1583006418,69144964,"""Soft Puff""",[-0.17526137828826904],"[0, 1, 0, 0]"
113.222132921,,6675,,1583006418,74886083,"""Soft Puff""",[-0.18608741462230682],"[0, 1, 0, 0]"
113.257028818,,6676,,1583006418,109024047,"""Soft Puff""",[-0.19694557785987854],"[0, 1, 0, 0]"
113.434247732,,6677,,1583006418,287000894,"""Soft Puff""",[-0.20780374109745026],"[0, 1, 0, 0]"
113.439772367,,6678,,1583006418,292303085,"""Soft Puff""",[-0.19694557785987854],"[0, 1, 0, 0]"
113.444539785,,6679,,1583006418,297828912,"""Soft Puff""",[-0.20780374109745026],"[0, 1, 0, 0]"
113.450282097,,6680,,1583006418,302593946,"""Soft Puff""",[-0.19694557785987854],"[0, 1, 0, 0]"
113.455957651,,6681,,1583006418,308332920,"""Soft Puff""",[-0.20780374109745026],"[0, 1, 0, 0]"
113.504977465,,6682,,1583006418,357057094,"""Soft Puff""",[-0.21866190433502197],"[0, 1, 0, 0]"
113.519681454,,6683,,1583006418,371007919,"""Soft Puff""",[-0.20780374109745026],"[0, 1, 0, 0]"
113.525262594,,6684,,1583006418,377752065,"""Soft Puff""",[-0.21866190433502197],"[0, 1, 0, 0]"
113.531224012,,6685,,1583006418,383315086,"""Soft Puff""",[-0.20780374109745026],"[0, 1, 0, 0]"
113.538031101,,6686,,1583006418,389326095,"""Soft Puff""",[-0.21866190433502197],"[0, 1, 0, 0]"
113.557388544,,6687,,1583006418,408957958,"""Soft Puff""",[-0.20780374109745026],"[0, 1, 0, 0]"
113.562182903,,6688,,1583006418,415474891,"""Soft Puff""",[-0.21866190433502197],"[0, 1, 0, 0]"
113.658232689,,6689,,1583006418,511044025,"""Soft Puff""",[-0.2295200675725937],"[0, 1, 0, 0]"
113.663885593,,6690,,1583006418,516908884,"""Soft Puff""",[-0.21866190433502197],"[0, 1, 0, 0]"
113.669391394,,6691,,1583006418,521933078,"""Soft Puff""",[-0.2295200675725937],"[0, 1, 0, 0]"
113.6754179,,6692,,1583006418,527456045,"""Soft Puff""",[-0.21866190433502197],"[0, 1, 0, 0]"
113.68038559,,6693,,1583006418,533466100,"""Soft Puff""",[-0.2295200675725937],"[0, 1, 0, 0]"
113.686743736,,6694,,1583006418,538899898,"""Soft Puff""",[-0.21866190433502197],"[0, 1, 0, 0]"
113.694295406,,6695,,1583006418,544780969,"""Soft Puff""",[-0.2295200675725937],"[0, 1, 0, 0]"
113.700304985,,6696,,1583006418,552340984,"""Soft Puff""",[-0.21866190433502197],"[0, 1, 0, 0]"
113.708022594,,6697,,1583006418,558384895,"""Soft Puff""",[-0.2295200675725937],"[0, 1, 0, 0]"
113.854358435,,6698,,1583006418,707088947,"""Soft Puff""",[-0.24034611880779266],"[0, 1, 0, 0]"
113.859000206,,6699,,1583006418,712424993,"""Soft Puff""",[-0.2295200675725937],"[0, 1, 0, 0]"
113.884567976,,6700,,1583006418,734975099,"""Soft Puff""",[-0.24034611880779266],"[0, 1, 0, 0]"
113.89005208,,6701,,1583006418,742639064,"""Soft Puff""",[-0.2295200675725937],"[0, 1, 0, 0]"
113.895609379,,6702,,1583006418,748097896,"""Soft Puff""",[-0.24034611880779266],"[0, 1, 0, 0]"
113.902298927,,6703,,1583006418,754914045,"""Soft Puff""",[-0.2295200675725937],"[0, 1, 0, 0]"
113.908578634,,6704,,1583006418,760958909,"""Soft Puff""",[-0.24034611880779266],"[0, 1, 0, 0]"
114.023043633,,6705,,1583006418,875034093,"""Soft Puff""",[-0.2295200675725937],"[0, 1, 0, 0]"
114.028774977,,6706,,1583006418,881074905,"""Soft Puff""",[-0.24034611880779266],"[0, 1, 0, 0]"
114.034157276,,6707,,1583006418,886823892,"""Soft Puff""",[-0.2295200675725937],"[0, 1, 0, 0]"
114.039700985,,6708,,1583006418,892225027,"""Soft Puff""",[-0.24034611880779266],"[0, 1, 0, 0]"
114.046869516,,6709,,1583006418,897799968,"""Soft Puff""",[-0.2295200675725937],"[0, 1, 0, 0]"
114.052974939,,6710,,1583006418,904923915,"""Soft Puff""",[-0.24034611880779266],"[0, 1, 0, 0]"
114.064636469,,6711,,1583006418,916973114,"""Soft Puff""",[-0.2295200675725937],"[0, 1, 0, 0]"
114.157948017,,6712,,1583006419,1066923,"""Soft Puff""",[-0.24034611880779266],"[0, 1, 0, 0]"
114.164059401,,6713,,1583006419,16036033,"""Soft Puff""",[-0.2295200675725937],"[0, 1, 0, 0]"
114.170221329,,6714,,1583006419,22149085,"""Soft Puff""",[-0.24034611880779266],"[0, 1, 0, 0]"
114.180382729,,6715,,1583006419,28336048,"""Soft Puff""",[-0.2295200675725937],"[0, 1, 0, 0]"
114.188567877,,6716,,1583006419,38471937,"""Soft Puff""",[-0.24034611880779266],"[0, 1, 0, 0]"
114.194112778,,6717,,1583006419,46550989,"""Soft Puff""",[-0.2295200675725937],"[0, 1, 0, 0]"
114.198925018,,6718,,1583006419,52186012,"""Soft Puff""",[-0.24034611880779266],"[0, 1, 0, 0]"
114.20559001,,6719,,1583006419,56907892,"""Soft Puff""",[-0.2295200675725937],"[0, 1, 0, 0]"
114.21164012,,6720,,1583006419,63671112,"""Soft Puff""",[-0.24034611880779266],"[0, 1, 0, 0]"
114.222945929,,6721,,1583006419,69643974,"""Soft Puff""",[-0.2295200675725937],"[0, 1, 0, 0]"
114.230635405,,6722,,1583006419,81039905,"""Soft Puff""",[-0.24034611880779266],"[0, 1, 0, 0]"
114.238427639,,6723,,1583006419,88612079,"""Soft Puff""",[-0.2295200675725937],"[0, 1, 0, 0]"
114.245929956,,6724,,1583006419,96699953,"""Soft Puff""",[-0.24034611880779266],"[0, 1, 0, 0]"
114.256331921,,6725,,1583006419,103609085,"""Soft Puff""",[-0.2295200675725937],"[0, 1, 0, 0]"
114.265660286,,6726,,1583006419,114325046,"""Soft Puff""",[-0.24034611880779266],"[0, 1, 0, 0]"
114.272591591,,6727,,1583006419,123687028,"""Soft Puff""",[-0.2512042820453644],"[0, 1, 0, 0]"
114.307933092,,6728,,1583006419,159080982,"""Soft Puff""",[-0.2620624303817749],"[0, 1, 0, 0]"
114.315426111,,6729,,1583006419,165517091,"""Soft Puff""",[-0.2512042820453644],"[0, 1, 0, 0]"
114.321196795,,6730,,1583006419,173505067,"""Soft Puff""",[-0.2620624303817749],"[0, 1, 0, 0]"
114.388505936,,6731,,1583006419,237323999,"""Soft Puff""",[-0.2729206085205078],"[0, 1, 0, 0]"
114.459996223,,6732,,1583006419,311026096,"""Soft Puff""",[-0.28377875685691833],"[0, 1, 0, 0]"
114.467027426,,6733,,1583006419,318109989,"""Soft Puff""",[-0.2729206085205078],"[0, 1, 0, 0]"
114.473973989,,6734,,1583006419,325141906,"""Soft Puff""",[-0.28377875685691833],"[0, 1, 0, 0]"
114.479849815,,6735,,1583006419,331955909,"""Soft Puff""",[-0.2729206085205078],"[0, 1, 0, 0]"
114.486211538,,6736,,1583006419,337939977,"""Soft Puff""",[-0.28377875685691833],"[0, 1, 0, 0]"
114.498114347,,6737,,1583006419,346982955,"""Soft Puff""",[-0.29463693499565125],"[0, 1, 0, 0]"
114.546760082,,6738,,1583006419,391017913,"""Soft Puff""",[-0.28377875685691833],"[0, 1, 0, 0]"
114.564947844,,6739,,1583006419,417007923,"""Soft Puff""",[-0.2729206085205078],"[0, 1, 0, 0]"
114.56959939,,6740,,1583006419,423042058,"""Soft Puff""",[-0.28377875685691833],"[0, 1, 0, 0]"
114.576113224,,6741,,1583006419,427686929,"""Soft Puff""",[-0.2729206085205078],"[0, 1, 0, 0]"
114.582231998,,6742,,1583006419,434911966,"""Soft Puff""",[-0.2620624303817749],"[0, 1, 0, 0]"
114.607771635,,6743,,1583006419,459022045,"""Soft Puff""",[-0.2512042820453644],"[0, 1, 0, 0]"
114.612942457,,6744,,1583006419,465863943,"""Soft Puff""",[-0.2620624303817749],"[0, 1, 0, 0]"
114.618516207,,6745,,1583006419,470982074,"""Soft Puff""",[-0.2512042820453644],"[0, 1, 0, 0]"
114.646093607,,6746,,1583006419,497047901,"""Soft Puff""",[-0.24034611880779266],"[0, 1, 0, 0]"
114.694773436,,6747,,1583006419,547081947,"""Soft Puff""",[-0.2295200675725937],"[0, 1, 0, 0]"
114.772522688,,6748,,1583006419,624975919,"""Soft Puff""",[-0.21866190433502197],"[0, 1, 0, 0]"
114.77829957,,6749,,1583006419,630628108,"""Soft Puff""",[-0.2295200675725937],"[0, 1, 0, 0]"
114.783720016,,6750,,1583006419,636383056,"""Soft Puff""",[-0.21866190433502197],"[0, 1, 0, 0]"
114.82710886,,6751,,1583006419,679060935,"""Soft Puff""",[-0.20780374109745026],"[0, 1, 0, 0]"
114.834110022,,6752,,1583006419,685184955,"""Soft Puff""",[-0.21866190433502197],"[0, 1, 0, 0]"
114.839693546,,6753,,1583006419,692164897,"""Soft Puff""",[-0.20780374109745026],"[0, 1, 0, 0]"
114.881027222,,6754,,1583006419,731110095,"""Soft Puff""",[-0.19694557785987854],"[0, 1, 0, 0]"
114.886904001,,6755,,1583006419,739293098,"""Soft Puff""",[-0.20780374109745026],"[0, 1, 0, 0]"
114.89199996,,6756,,1583006419,744947910,"""Soft Puff""",[-0.19694557785987854],"[0, 1, 0, 0]"
114.899745941,,6757,,1583006419,750015974,"""Soft Puff""",[-0.20780374109745026],"[0, 1, 0, 0]"
114.905859709,,6758,,1583006419,757823944,"""Soft Puff""",[-0.19694557785987854],"[0, 1, 0, 0]"
114.911734343,,6759,,1583006419,763976097,"""Soft Puff""",[-0.20780374109745026],"[0, 1, 0, 0]"
114.919193983,,6760,,1583006419,769720077,"""Soft Puff""",[-0.19694557785987854],"[0, 1, 0, 0]"
114.925009489,,6761,,1583006419,777218103,"""Soft Puff""",[-0.20780374109745026],"[0, 1, 0, 0]"
114.930704594,,6762,,1583006419,783102035,"""Soft Puff""",[-0.19694557785987854],"[0, 1, 0, 0]"
114.937028408,,6763,,1583006419,788619995,"""Soft Puff""",[-0.20780374109745026],"[0, 1, 0, 0]"
114.943425417,,6764,,1583006419,795159101,"""Soft Puff""",[-0.19694557785987854],"[0, 1, 0, 0]"
114.948740721,,6765,,1583006419,801420927,"""Soft Puff""",[-0.20780374109745026],"[0, 1, 0, 0]"
114.95534873,,6766,,1583006419,806726932,"""Soft Puff""",[-0.19694557785987854],"[0, 1, 0, 0]"
114.961045027,,6767,,1583006419,813309907,"""Soft Puff""",[-0.20780374109745026],"[0, 1, 0, 0]"
114.967051268,,6768,,1583006419,819015979,"""Soft Puff""",[-0.19694557785987854],"[0, 1, 0, 0]"
114.971987486,,6769,,1583006419,825082063,"""Soft Puff""",[-0.20780374109745026],"[0, 1, 0, 0]"
114.977874517,,6770,,1583006419,830132961,"""Soft Puff""",[-0.19694557785987854],"[0, 1, 0, 0]"
114.984540939,,6771,,1583006419,835844993,"""Soft Puff""",[-0.20780374109745026],"[0, 1, 0, 0]"
114.989772558,,6772,,1583006419,842489004,"""Soft Puff""",[-0.19694557785987854],"[0, 1, 0, 0]"
114.995345116,,6773,,1583006419,847908973,"""Soft Puff""",[-0.20780374109745026],"[0, 1, 0, 0]"
115.002489805,,6774,,1583006419,853349924,"""Soft Puff""",[-0.19694557785987854],"[0, 1, 0, 0]"
115.007395983,,6775,,1583006419,860467910,"""Soft Puff""",[-0.20780374109745026],"[0, 1, 0, 0]"
115.013793707,,6776,,1583006419,865370035,"""Soft Puff""",[-0.19694557785987854],"[0, 1, 0, 0]"
115.021267176,,6777,,1583006419,871735095,"""Soft Puff""",[-0.20780374109745026],"[0, 1, 0, 0]"
115.027393818,,6778,,1583006419,879425048,"""Soft Puff""",[-0.19694557785987854],"[0, 1, 0, 0]"
115.032991171,,6779,,1583006419,885371923,"""Soft Puff""",[-0.20780374109745026],"[0, 1, 0, 0]"
115.039156675,,6780,,1583006419,891000986,"""Soft Puff""",[-0.19694557785987854],"[0, 1, 0, 0]"
115.043551683,,6781,,1583006419,897139072,"""Soft Puff""",[-0.20780374109745026],"[0, 1, 0, 0]"
115.048919439,,6782,,1583006419,901516914,"""Soft Puff""",[-0.19694557785987854],"[0, 1, 0, 0]"
115.056078672,,6783,,1583006419,907186031,"""Soft Puff""",[-0.20780374109745026],"[0, 1, 0, 0]"
115.061903954,,6784,,1583006419,914058923,"""Soft Puff""",[-0.19694557785987854],"[0, 1, 0, 0]"
115.066776276,,6785,,1583006419,919884920,"""Soft Puff""",[-0.20780374109745026],"[0, 1, 0, 0]"
115.073367119,,6786,,1583006419,924813032,"""Soft Puff""",[-0.21866190433502197],"[0, 1, 0, 0]"
115.126327753,,6787,,1583006419,977031946,"""Soft Puff""",[-0.20780374109745026],"[0, 1, 0, 0]"
115.163866997,,6788,,1583006420,15268087,"""Soft Puff""",[-0.19694557785987854],"[0, 1, 0, 0]"
115.233801842,,6789,,1583006420,85035085,"""Soft Puff""",[-0.20780374109745026],"[0, 1, 0, 0]"
115.2382164,,6790,,1583006420,91820955,"""Soft Puff""",[-0.19694557785987854],"[0, 1, 0, 0]"
115.359345913,,6791,,1583006420,210968017,"""Soft Puff""",[-0.20780374109745026],"[0, 1, 0, 0]"
115.364470482,,6792,,1583006420,217434883,"""Soft Puff""",[-0.19694557785987854],"[0, 1, 0, 0]"
115.370861053,,6793,,1583006420,222543001,"""Soft Puff""",[-0.20780374109745026],"[0, 1, 0, 0]"
115.379426718,,6794,,1583006420,228934049,"""Soft Puff""",[-0.19694557785987854],"[0, 1, 0, 0]"
115.387876987,,6795,,1583006420,237504959,"""Soft Puff""",[-0.20780374109745026],"[0, 1, 0, 0]"
115.509330511,,6796,,1583006420,361051082,"""Soft Puff""",[-0.19694557785987854],"[0, 1, 0, 0]"
115.515261412,,6797,,1583006420,367386102,"""Soft Puff""",[-0.20780374109745026],"[0, 1, 0, 0]"
115.650900602,,6798,,1583006420,503055095,"""Soft Puff""",[-0.21866190433502197],"[0, 1, 0, 0]"
115.656196833,,6799,,1583006420,508943080,"""Soft Puff""",[-0.20780374109745026],"[0, 1, 0, 0]"
115.663189173,,6800,,1583006420,514314889,"""Soft Puff""",[-0.21866190433502197],"[0, 1, 0, 0]"
115.668871641,,6801,,1583006420,521173954,"""Soft Puff""",[-0.20780374109745026],"[0, 1, 0, 0]"
115.673441887,,6802,,1583006420,526941061,"""Soft Puff""",[-0.21866190433502197],"[0, 1, 0, 0]"
115.713949919,,6803,,1583006420,564977884,"""Soft Puff""",[-0.20780374109745026],"[0, 1, 0, 0]"
115.720032454,,6804,,1583006420,571989059,"""Soft Puff""",[-0.21866190433502197],"[0, 1, 0, 0]"
115.726175785,,6805,,1583006420,578088045,"""Soft Puff""",[-0.20780374109745026],"[0, 1, 0, 0]"
115.735076666,,6806,,1583006420,587120056,"""Soft Puff""",[-0.21866190433502197],"[0, 1, 0, 0]"
115.740086317,,6807,,1583006420,593164920,"""Soft Puff""",[-0.20780374109745026],"[0, 1, 0, 0]"
115.747463703,,6808,,1583006420,598136901,"""Soft Puff""",[-0.21866190433502197],"[0, 1, 0, 0]"
115.753852129,,6809,,1583006420,605546951,"""Soft Puff""",[-0.20780374109745026],"[0, 1, 0, 0]"
115.759815216,,6810,,1583006420,611912012,"""Soft Puff""",[-0.21866190433502197],"[0, 1, 0, 0]"
115.764610052,,6811,,1583006420,617896080,"""Soft Puff""",[-0.20780374109745026],"[0, 1, 0, 0]"
115.771866322,,6812,,1583006420,624902963,"""Soft Puff""",[-0.21866190433502197],"[0, 1, 0, 0]"
115.779448748,,6813,,1583006420,629935026,"""Soft Puff""",[-0.20780374109745026],"[0, 1, 0, 0]"
115.785005569,,6814,,1583006420,637542963,"""Soft Puff""",[-0.21866190433502197],"[0, 1, 0, 0]"
115.789877415,,6815,,1583006420,643063068,"""Soft Puff""",[-0.20780374109745026],"[0, 1, 0, 0]"
115.796376228,,6816,,1583006420,647881031,"""Soft Puff""",[-0.21866190433502197],"[0, 1, 0, 0]"
115.802031279,,6817,,1583006420,654424905,"""Soft Puff""",[-0.20780374109745026],"[0, 1, 0, 0]"
115.807312965,,6818,,1583006420,660073041,"""Soft Puff""",[-0.21866190433502197],"[0, 1, 0, 0]"
115.818898201,,6819,,1583006420,671032905,"""Soft Puff""",[-0.20780374109745026],"[0, 1, 0, 0]"
115.824792624,,6820,,1583006420,676965951,"""Soft Puff""",[-0.21866190433502197],"[0, 1, 0, 0]"
115.843111515,,6821,,1583006420,693022966,"""Soft Puff""",[-0.20780374109745026],"[0, 1, 0, 0]"
115.849952221,,6822,,1583006420,701333045,"""Soft Puff""",[-0.21866190433502197],"[0, 1, 0, 0]"
115.855316162,,6823,,1583006420,708050012,"""Soft Puff""",[-0.20780374109745026],"[0, 1, 0, 0]"
115.862398863,,6824,,1583006420,713321924,"""Soft Puff""",[-0.21866190433502197],"[0, 1, 0, 0]"
115.869349241,,6825,,1583006420,720483064,"""Soft Puff""",[-0.20780374109745026],"[0, 1, 0, 0]"
115.889144182,,6826,,1583006420,741049051,"""Soft Puff""",[-0.19694557785987854],"[0, 1, 0, 0]"
115.894920826,,6827,,1583006420,747148990,"""Soft Puff""",[-0.20780374109745026],"[0, 1, 0, 0]"
115.901834488,,6828,,1583006420,752995014,"""Soft Puff""",[-0.19694557785987854],"[0, 1, 0, 0]"
115.906926632,,6829,,1583006420,759944915,"""Soft Puff""",[-0.20780374109745026],"[0, 1, 0, 0]"
115.913843155,,6830,,1583006420,764914989,"""Soft Puff""",[-0.19694557785987854],"[0, 1, 0, 0]"
115.91970253,,6831,,1583006420,771888017,"""Soft Puff""",[-0.20780374109745026],"[0, 1, 0, 0]"
115.924879313,,6832,,1583006420,777683973,"""Soft Puff""",[-0.19694557785987854],"[0, 1, 0, 0]"
115.930610895,,6833,,1583006420,783114910,"""Soft Puff""",[-0.20780374109745026],"[0, 1, 0, 0]"
115.936184645,,6834,,1583006420,788594007,"""Soft Puff""",[-0.19694557785987854],"[0, 1, 0, 0]"
115.941166162,,6835,,1583006420,794153928,"""Soft Puff""",[-0.20780374109745026],"[0, 1, 0, 0]"
115.948092699,,6836,,1583006420,799177885,"""Soft Puff""",[-0.19694557785987854],"[0, 1, 0, 0]"
115.953656673,,6837,,1583006420,806145906,"""Soft Puff""",[-0.20780374109745026],"[0, 1, 0, 0]"
115.958675623,,6838,,1583006420,811718940,"""Soft Puff""",[-0.21866190433502197],"[0, 1, 0, 0]"
115.966174126,,6839,,1583006420,816731929,"""Soft Puff""",[-0.20780374109745026],"[0, 1, 0, 0]"
115.971186876,,6840,,1583006420,824152946,"""Soft Puff""",[-0.21866190433502197],"[0, 1, 0, 0]"
116.017808676,,6841,,1583006420,868974924,"""Soft Puff""",[-0.20780374109745026],"[0, 1, 0, 0]"
116.104467869,,6842,,1583006420,957060098,"""Soft Puff""",[-0.19694557785987854],"[0, 1, 0, 0]"
116.115785122,,6843,,1583006420,966995954,"""Soft Puff""",[-0.20780374109745026],"[0, 1, 0, 0]"
116.129969358,,6844,,1583006420,981002092,"""Soft Puff""",[-0.19694557785987854],"[0, 1, 0, 0]"
116.136649847,,6845,,1583006420,988054990,"""Soft Puff""",[-0.20780374109745026],"[0, 1, 0, 0]"
116.143266439,,6846,,1583006420,994688034,"""Soft Puff""",[-0.19694557785987854],"[0, 1, 0, 0]"
116.149558783,,6847,,1583006421,1348972,"""Soft Puff""",[-0.20780374109745026],"[0, 1, 0, 0]"
116.154613256,,6848,,1583006421,7627964,"""Soft Puff""",[-0.19694557785987854],"[0, 1, 0, 0]"
116.192444086,,6849,,1583006421,45003890,"""Soft Puff""",[-0.18608741462230682],"[0, 1, 0, 0]"
116.198089123,,6850,,1583006421,50515890,"""Soft Puff""",[-0.19694557785987854],"[0, 1, 0, 0]"
116.204627752,,6851,,1583006421,56168079,"""Soft Puff""",[-0.18608741462230682],"[0, 1, 0, 0]"
116.257096767,,6852,,1583006421,109085083,"""Soft Puff""",[-0.17526137828826904],"[0, 1, 0, 0]"
116.262637138,,6853,,1583006421,115149021,"""Soft Puff""",[-0.18608741462230682],"[0, 1, 0, 0]"
116.292572498,,6854,,1583006421,144985914,"""Soft Puff""",[-0.17526137828826904],"[0, 1, 0, 0]"
116.334447384,,6855,,1583006421,187083005,"""Soft Puff""",[-0.16440321505069733],"[0, 1, 0, 0]"
116.542730331,,6856,,1583006421,395045995,"""Soft Puff""",[-0.17526137828826904],"[0, 1, 0, 0]"
116.61544323,,6857,,1583006421,467039108,"""Soft Puff""",[-0.18608741462230682],"[0, 1, 0, 0]"
116.621245861,,6858,,1583006421,473539113,"""Soft Puff""",[-0.17526137828826904],"[0, 1, 0, 0]"
116.627719879,,6859,,1583006421,479234933,"""Soft Puff""",[-0.18608741462230682],"[0, 1, 0, 0]"
116.633082867,,6860,,1583006421,485785007,"""Soft Puff""",[-0.17526137828826904],"[0, 1, 0, 0]"
116.63833952,,6861,,1583006421,491136074,"""Soft Puff""",[-0.18608741462230682],"[0, 1, 0, 0]"
116.643697977,,6862,,1583006421,496412038,"""Soft Puff""",[-0.17526137828826904],"[0, 1, 0, 0]"
116.650214195,,6863,,1583006421,501874923,"""Soft Puff""",[-0.18608741462230682],"[0, 1, 0, 0]"
116.656612635,,6864,,1583006421,508194923,"""Soft Puff""",[-0.17526137828826904],"[0, 1, 0, 0]"
116.662418604,,6865,,1583006421,514354944,"""Soft Puff""",[-0.18608741462230682],"[0, 1, 0, 0]"
116.76873374,,6866,,1583006421,621170997,"""Soft Puff""",[-0.19694557785987854],"[0, 1, 0, 0]"
116.944756508,,6867,,1583006421,797066926,"""Soft Puff""",[-0.18608741462230682],"[0, 1, 0, 0]"
116.951452732,,6868,,1583006421,802854061,"""Soft Puff""",[-0.19694557785987854],"[0, 1, 0, 0]"
117.017566919,,6869,,1583006421,869035959,"""Soft Puff""",[-0.20780374109745026],"[0, 1, 0, 0]"
117.0551157,,6870,,1583006421,905049085,"""Soft Puff""",[-0.21866190433502197],"[0, 1, 0, 0]"
117.084020853,,6871,,1583006421,935034036,"""Soft Puff""",[-0.2295200675725937],"[0, 1, 0, 0]"
117.089412212,,6872,,1583006421,942104101,"""Soft Puff""",[-0.21866190433502197],"[0, 1, 0, 0]"
117.095151663,,6873,,1583006421,947477102,"""Soft Puff""",[-0.2295200675725937],"[0, 1, 0, 0]"
117.100494623,,6874,,1583006421,953227996,"""Soft Puff""",[-0.21866190433502197],"[0, 1, 0, 0]"
117.106338263,,6875,,1583006421,958518981,"""Soft Puff""",[-0.2295200675725937],"[0, 1, 0, 0]"
117.124364138,,6876,,1583006421,977022886,"""Soft Puff""",[-0.24034611880779266],"[0, 1, 0, 0]"
117.149439812,,6877,,1583006422,1061916,"""Soft Puff""",[-0.2512042820453644],"[0, 1, 0, 0]"
117.178596258,,6878,,1583006422,29025077,"""Soft Puff""",[-0.2620624303817749],"[0, 1, 0, 0]"
117.194390297,,6879,,1583006422,46986103,"""Soft Puff""",[-0.2729206085205078],"[0, 1, 0, 0]"
117.201248646,,6880,,1583006422,52480936,"""Soft Puff""",[-0.2620624303817749],"[0, 1, 0, 0]"
117.208553553,,6881,,1583006422,59259891,"""Soft Puff""",[-0.2729206085205078],"[0, 1, 0, 0]"
117.256225109,,6882,,1583006422,107033014,"""Soft Puff""",[-0.28377875685691833],"[0, 1, 0, 0]"
117.261152506,,6883,,1583006422,114273071,"""Soft Puff""",[-0.2729206085205078],"[0, 1, 0, 0]"
117.269473791,,6884,,1583006422,120970964,"""Soft Puff""",[-0.28377875685691833],"[0, 1, 0, 0]"
117.282236099,,6885,,1583006422,132987976,"""Soft Puff""",[-0.2729206085205078],"[0, 1, 0, 0]"
117.288441896,,6886,,1583006422,140290021,"""Soft Puff""",[-0.28377875685691833],"[0, 1, 0, 0]"
117.307439804,,6887,,1583006422,159080982,"""Soft Puff""",[-0.2729206085205078],"[0, 1, 0, 0]"
117.313177347,,6888,,1583006422,165478944,"""Soft Puff""",[-0.28377875685691833],"[0, 1, 0, 0]"
117.410477877,,6889,,1583006422,262963056,"""Soft Puff""",[-0.29463693499565125],"[0, 1, 0, 0]"
117.416170359,,6890,,1583006422,268927097,"""Soft Puff""",[-0.28377875685691833],"[0, 1, 0, 0]"
117.422250986,,6891,,1583006422,274225950,"""Soft Puff""",[-0.29463693499565125],"[0, 1, 0, 0]"
117.490136385,,6892,,1583006422,347027063,"""Soft-Hard Puff Deadband""",[-0.3054629862308502],"[0, 0, 0, 0]"
117.498319864,,6893,,1583006422,348942041,"""Zero Band""",[-0.29463693499565125],"[0, 0, 0, 0]"
117.499294043,,6894,,1583006422,356400966,"""Soft-Hard Puff Deadband""",[-0.3054629862308502],"[0, 0, 0, 0]"
117.518206596,,6895,,1583006422,375020027,"""Soft-Hard Puff Deadband""",[-0.31632113456726074],"[0, 0, 0, 0]"
117.521876097,,6896,,1583006422,378921985,"""Soft-Hard Puff Deadband""",[-0.3054629862308502],"[0, 0, 0, 0]"
117.530947447,,6897,,1583006422,387075901,"""Soft-Hard Puff Deadband""",[-0.31632113456726074],"[0, 0, 0, 0]"
117.592224598,,6898,,1583006422,448988914,"""Soft-Hard Puff Deadband""",[-0.3054629862308502],"[0, 0, 0, 0]"
117.593818665,,6899,,1583006422,450901031,"""Soft-Hard Puff Deadband""",[-0.31632113456726074],"[0, 0, 0, 0]"
117.595828295,,6900,,1583006422,452929973,"""Soft-Hard Puff Deadband""",[-0.3054629862308502],"[0, 0, 0, 0]"
117.622242212,,6901,,1583006422,479022979,"""Soft-Hard Puff Deadband""",[-0.31632113456726074],"[0, 0, 0, 0]"
117.626324654,,6902,,1583006422,482949972,"""Soft-Hard Puff Deadband""",[-0.3054629862308502],"[0, 0, 0, 0]"
117.627763033,,6903,,1583006422,484930038,"""Soft-Hard Puff Deadband""",[-0.31632113456726074],"[0, 0, 0, 0]"
117.630161047,,6904,,1583006422,486928939,"""Soft-Hard Puff Deadband""",[-0.3054629862308502],"[0, 0, 0, 0]"
117.633920193,,6905,,1583006422,490916013,"""Soft-Hard Puff Deadband""",[-0.31632113456726074],"[0, 0, 0, 0]"
117.635780334,,6906,,1583006422,492950916,"""Soft-Hard Puff Deadband""",[-0.3054629862308502],"[0, 0, 0, 0]"
117.639702797,,6907,,1583006422,496905088,"""Soft-Hard Puff Deadband""",[-0.31632113456726074],"[0, 0, 0, 0]"
117.65234828,,6908,,1583006422,508992910,"""Soft-Hard Puff Deadband""",[-0.3054629862308502],"[0, 0, 0, 0]"
117.680502415,,6909,,1583006422,530983924,"""Zero Band""",[-0.29463693499565125],"[0, 0, 0, 0]"
117.711736917,,6910,,1583006422,563075065,"""Zero Band""",[-0.28377875685691833],"[0, 0, 0, 0]"
117.719262362,,6911,,1583006422,569813013,"""Zero Band""",[-0.29463693499565125],"[0, 0, 0, 0]"
117.724047422,,6912,,1583006422,577323913,"""Zero Band""",[-0.28377875685691833],"[0, 0, 0, 0]"
117.735275507,,6913,,1583006422,587004899,"""Zero Band""",[-0.2729206085205078],"[0, 0, 0, 0]"
117.746404409,,6914,,1583006422,597037076,"""Zero Band""",[-0.2620624303817749],"[0, 0, 0, 0]"
117.754709959,,6915,,1583006422,606992006,"""Zero Band""",[-0.2512042820453644],"[0, 0, 0, 0]"
117.765860319,,6916,,1583006422,617145061,"""Zero Band""",[-0.24034611880779266],"[0, 0, 0, 0]"
117.773269892,,6917,,1583006422,624917984,"""Zero Band""",[-0.2295200675725937],"[0, 0, 0, 0]"
117.782621861,,6918,,1583006422,633107900,"""Zero Band""",[-0.21866190433502197],"[0, 0, 0, 0]"
117.787366152,,6919,,1583006422,640697002,"""Zero Band""",[-0.20780374109745026],"[0, 0, 0, 0]"
117.79269886,,6920,,1583006422,645415067,"""Zero Band""",[-0.19694557785987854],"[0, 0, 0, 0]"
117.798321724,,6921,,1583006422,650764942,"""Zero Band""",[-0.18608741462230682],"[0, 0, 0, 0]"
117.804914713,,6922,,1583006422,656359910,"""Zero Band""",[-0.17526137828826904],"[0, 0, 0, 0]"
117.810966969,,6923,,1583006422,662966012,"""Zero Band""",[-0.16440321505069733],"[0, 0, 0, 0]"
117.816057682,,6924,,1583006422,669047117,"""Zero Band""",[-0.1535450518131256],"[0, 0, 0, 0]"
117.82430315,,6925,,1583006422,676938056,"""Zero Band""",[-0.1426868885755539],"[0, 0, 0, 0]"
117.838032007,,6926,,1583006422,688961982,"""Zero Band""",[-0.13182871043682098],"[0, 0, 0, 0]"
117.844294071,,6927,,1583006422,696142911,"""Zero Band""",[-0.1210026741027832],"[0, 0, 0, 0]"
117.851683617,,6928,,1583006422,702917098,"""Zero Band""",[-0.11014451086521149],"[0, 0, 0, 0]"
117.856709719,,6929,,1583006422,709678888,"""Zero Band""",[-0.09928634762763977],"[0, 0, 0, 0]"
117.864981174,,6930,,1583006422,714939117,"""Zero Band""",[-0.08842818439006805],"[0, 0, 0, 0]"
117.871655464,,6931,,1583006422,723026990,"""Zero Band""",[-0.07757002115249634],"[0, 0, 0, 0]"
117.879055262,,6932,,1583006422,729736089,"""Zero Band""",[-0.06671185791492462],"[0, 0, 0, 0]"
117.88623476,,6933,,1583006422,737155914,"""Zero Band""",[-0.04502765089273453],"[0, 0, 0, 0]"
117.892167568,,6934,,1583006422,744297981,"""Zero Band""",[-0.03416948765516281],"[0, 0, 0, 0]"
117.899740219,,6935,,1583006422,750366926,"""Zero Band""",[-0.012453158386051655],"[0, 0, 0, 0]"
117.901019335,,6936,,1583006422,757894992,"""Zero Band""",[-0.0016271184431388974],"[0, 0, 0, 0]"
117.902104855,,6937,,1583006422,759016036,"""Zero Band""",[-0.0],"[0, 0, 0, 0]"
117.903250456,,6938,,1583006422,760234117,"""Zero Band""",[-0.0],"[0, 0, 0, 0]"
117.904216528,,6939,,1583006422,761272907,"""Zero Band""",[-0.0],"[0, 0, 0, 0]"
117.905139685,,6940,,1583006422,762296915,"""Zero Band""",[-0.0],"[0, 0, 0, 0]"
117.906081438,,6941,,1583006422,763211965,"""Zero Band""",[-0.0],"[0, 0, 0, 0]"
117.929311752,,6942,,1583006422,785952091,"""Zero Band""",[-0.0],"[0, 0, 0, 0]"
117.929430008,,6943,,1583006422,785952091,"""input stopped""",[-0.0],"[0, 0, 0, 0]"
118.001288414,,6944,,1583006422,857995033,"""Zero Band""",[-0.0],"[0, 0, 0, 0]"
118.005895853,,6945,,1583006422,862956047,"""Zero Band""",[-0.0],"[0, 0, 0, 0]"
118.007777214,,6946,,1583006422,864923954,"""Zero Band""",[0.0016592431347817183],"[0, 0, 0, 0]"
118.014987469,,6947,,1583006422,866919040,"""Zero Band""",[0.04505977779626846],"[0, 0, 0, 0]"
118.020128727,,6948,,1583006422,873049020,"""Zero Band""",[0.08846031129360199],"[0, 0, 0, 0]"
118.024532795,,6949,,1583006422,878109931,"""Zero Band""",[0.12103480100631714],"[0, 0, 0, 0]"
118.030271053,,6950,,1583006422,882599115,"""Zero Band""",[0.17529350519180298],"[0, 0, 0, 0]"
118.036928177,,6951,,1583006422,888254880,"""Zero Band""",[0.22955219447612762],"[0, 0, 0, 0]"
118.041702509,,6952,,1583006422,895004034,"""Zero Band""",[0.28381088376045227],"[0, 0, 0, 0]"
118.042937756,,6953,,1583006422,899796009,"""Soft-Hard Sip Deadband""",[0.348927766084671],"[0, 0, 0, 0]"
118.043625355,,6954,,1583006422,900695085,"""Soft-Hard Sip Deadband""",[0.4140446186065674],"[0, 0, 0, 0]"
118.044460058,,6955,,1583006422,901551961,"""Soft-Hard Sip Deadband""",[0.4791293442249298],"[0, 0, 0, 0]"
118.051498652,,6956,,1583006422,902456998,"""Hard Sip""",[0.5442461967468262],"[0, 0, 0, 1]"
118.057381868,,6957,,1583006422,909506082,"""Hard Sip""",[0.6310794353485107],"[0, 0, 0, 1]"
118.063030243,,6958,,1583006422,915363073,"""Hard Sip""",[0.7070544362068176],"[0, 0, 0, 1]"
118.069138765,,6959,,1583006422,921143054,"""Hard Sip""",[0.7829973101615906],"[0, 0, 0, 1]"
118.075573206,,6960,,1583006422,927232027,"""Hard Sip""",[0.8806886672973633],"[0, 0, 0, 1]"
118.080637932,,6961,,1583006422,933566093,"""Hard Sip""",[0.956631600856781],"[0, 0, 0, 1]"
118.086731911,,6962,,1583006422,938633918,"""Zero Band""",[1.0],"[0, 0, 0, 0]"
118.395861387,,6963,,1583006423,247045040,"""Zero Band""",[0.9674897789955139],"[0, 0, 0, 0]"
118.403079271,,6964,,1583006423,253973007,"""Zero Band""",[0.9132310748100281],"[0, 0, 0, 0]"
118.407994032,,6965,,1583006423,261066913,"""Zero Band""",[0.8481141924858093],"[0, 0, 0, 0]"
118.413504839,,6966,,1583006423,266110897,"""Zero Band""",[0.7721391916275024],"[0, 0, 0, 0]"
118.42026329,,6967,,1583006423,271492004,"""Zero Band""",[0.7178804874420166],"[0, 0, 0, 0]"
118.426172018,,6968,,1583006423,278070926,"""Zero Band""",[0.6636217832565308],"[0, 0, 0, 0]"
118.432383299,,6969,,1583006423,284161090,"""Zero Band""",[0.598504900932312],"[0, 0, 0, 0]"
118.438284159,,6970,,1583006423,290375947,"""Zero Band""",[0.5442461967468262],"[0, 0, 0, 0]"
118.439245224,,6971,,1583006423,296395063,"""Soft-Hard Sip Deadband""",[0.4899875223636627],"[0, 0, 0, 0]"
118.439914227,,6972,,1583006423,297126054,"""Soft-Hard Sip Deadband""",[0.4357288181781769],"[0, 0, 0, 0]"
118.440585136,,6973,,1583006423,297888040,"""Soft-Hard Sip Deadband""",[0.39232829213142395],"[0, 0, 0, 0]"
118.44140029,,6974,,1583006423,298572063,"""Soft-Hard Sip Deadband""",[0.3380695879459381],"[0, 0, 0, 0]"
118.447463989,,6975,,1583006423,299324035,"""Soft Sip""",[0.2946690618991852],"[0, 0, 1, 0]"
118.453979254,,6976,,1583006423,305147886,"""Soft Sip""",[0.2512364089488983],"[0, 0, 1, 0]"
118.459617615,,6977,,1583006423,311997890,"""Soft Sip""",[0.2186940312385559],"[0, 0, 1, 0]"
118.466678381,,6978,,1583006423,317625999,"""Soft Sip""",[0.17529350519180298],"[0, 0, 1, 0]"
118.47231245,,6979,,1583006423,324562072,"""Soft Sip""",[0.14271900057792664],"[0, 0, 1, 0]"
118.476966619,,6980,,1583006423,330440998,"""Soft Sip""",[0.11017663776874542],"[0, 0, 1, 0]"
118.482403994,,6981,,1583006423,334938049,"""Soft Sip""",[0.07760214805603027],"[0, 0, 1, 0]"
118.4881742,,6982,,1583006423,340543031,"""Soft Sip""",[0.04505977779626846],"[0, 0, 1, 0]"
118.494400501,,6983,,1583006423,346174955,"""Soft Sip""",[0.012485282495617867],"[0, 0, 1, 0]"
118.495364428,,6984,,1583006423,352408885,"""Zero Band""",[-0.0],"[0, 0, 0, 0]"
118.496212006,,6985,,1583006423,353349924,"""Zero Band""",[-0.0],"[0, 0, 0, 0]"
118.497014999,,6986,,1583006423,354199886,"""Zero Band""",[-0.0],"[0, 0, 0, 0]"
118.497799873,,6987,,1583006423,354986906,"""Zero Band""",[-0.0],"[0, 0, 0, 0]"
118.498012781,,6988,,1583006423,354986906,"""input stopped""",[-0.0],"[0, 0, 0, 0]"
119.401358366,,6989,,1583006424,257971048,"""Zero Band""",[-0.0],"[0, 0, 0, 0]"
119.41652894,,6990,,1583006424,273078918,"""Zero Band""",[-0.0],"[0, 0, 0, 0]"
119.426145077,,6991,,1583006424,282943010,"""Zero Band""",[-0.0],"[0, 0, 0, 0]"
119.435966492,,6992,,1583006424,292953968,"""Zero Band""",[-0.0],"[0, 0, 0, 0]"
119.450500488,,6993,,1583006424,307084083,"""Zero Band""",[-0.0],"[0, 0, 0, 0]"
119.462133884,,6994,,1583006424,318980932,"""Zero Band""",[-0.0016271184431388974],"[0, 0, 0, 0]"
119.490501881,,6995,,1583006424,343019008,"""Soft Puff""",[-0.012453158386051655],"[0, 1, 0, 0]"
119.53542757,,6996,,1583006424,387021064,"""Soft Puff""",[-0.023311322554945946],"[0, 1, 0, 0]"
119.542055368,,6997,,1583006424,393506050,"""Soft Puff""",[-0.012453158386051655],"[0, 1, 0, 0]"
119.548228979,,6998,,1583006424,400089979,"""Soft Puff""",[-0.023311322554945946],"[0, 1, 0, 0]"
119.597909689,,6999,,1583006424,449022054,"""Soft Puff""",[-0.03416948765516281],"[0, 1, 0, 0]"
119.603576899,,7000,,1583006424,456017017,"""Soft Puff""",[-0.023311322554945946],"[0, 1, 0, 0]"
119.608660936,,7001,,1583006424,461549043,"""Soft Puff""",[-0.03416948765516281],"[0, 1, 0, 0]"
119.623254776,,7002,,1583006424,475143909,"""Soft Puff""",[-0.04502765089273453],"[0, 1, 0, 0]"
119.655169964,,7003,,1583006424,507129907,"""Soft Puff""",[-0.055885814130306244],"[0, 1, 0, 0]"
119.661900282,,7004,,1583006424,513245105,"""Soft Puff""",[-0.04502765089273453],"[0, 1, 0, 0]"
119.6683743,,7005,,1583006424,519694089,"""Soft Puff""",[-0.055885814130306244],"[0, 1, 0, 0]"
119.673159361,,7006,,1583006424,526433944,"""Soft Puff""",[-0.04502765089273453],"[0, 1, 0, 0]"
119.679154873,,7007,,1583006424,531222105,"""Soft Puff""",[-0.055885814130306244],"[0, 1, 0, 0]"
119.686093092,,7008,,1583006424,537127017,"""Soft Puff""",[-0.04502765089273453],"[0, 1, 0, 0]"
119.691001177,,7009,,1583006424,544070005,"""Soft Puff""",[-0.055885814130306244],"[0, 1, 0, 0]"
119.696388721,,7010,,1583006424,549089908,"""Soft Puff""",[-0.04502765089273453],"[0, 1, 0, 0]"
119.702460527,,7011,,1583006424,554399967,"""Soft Puff""",[-0.055885814130306244],"[0, 1, 0, 0]"
119.707440138,,7012,,1583006424,560549020,"""Soft Puff""",[-0.06671185791492462],"[0, 1, 0, 0]"
119.713461161,,7013,,1583006424,565562963,"""Soft Puff""",[-0.055885814130306244],"[0, 1, 0, 0]"
119.718704939,,7014,,1583006424,571441888,"""Soft Puff""",[-0.06671185791492462],"[0, 1, 0, 0]"
119.723340273,,7015,,1583006424,576740026,"""Soft Puff""",[-0.07757002115249634],"[0, 1, 0, 0]"
119.740912199,,7016,,1583006424,593030929,"""Soft Puff""",[-0.08842818439006805],"[0, 1, 0, 0]"
119.746269226,,7017,,1583006424,598905086,"""Soft Puff""",[-0.07757002115249634],"[0, 1, 0, 0]"
119.751845837,,7018,,1583006424,604343891,"""Soft Puff""",[-0.08842818439006805],"[0, 1, 0, 0]"
119.781499386,,7019,,1583006424,633049011,"""Soft Puff""",[-0.09928634762763977],"[0, 1, 0, 0]"
119.791923285,,7020,,1583006424,644982099,"""Soft Puff""",[-0.11014451086521149],"[0, 1, 0, 0]"
119.807828426,,7021,,1583006424,659101009,"""Soft Puff""",[-0.1210026741027832],"[0, 1, 0, 0]"
119.821168661,,7022,,1583006424,673033952,"""Soft Puff""",[-0.13182871043682098],"[0, 1, 0, 0]"
119.841636658,,7023,,1583006424,693051099,"""Soft Puff""",[-0.1426868885755539],"[0, 1, 0, 0]"
119.857370377,,7024,,1583006424,709065914,"""Soft Puff""",[-0.1535450518131256],"[0, 1, 0, 0]"
119.886941433,,7025,,1583006424,738990068,"""Soft Puff""",[-0.16440321505069733],"[0, 1, 0, 0]"
119.913060665,,7026,,1583006424,765033006,"""Soft Puff""",[-0.17526137828826904],"[0, 1, 0, 0]"
119.920500517,,7027,,1583006424,771136045,"""Soft Puff""",[-0.16440321505069733],"[0, 1, 0, 0]"
119.925848961,,7028,,1583006424,778604984,"""Soft Puff""",[-0.17526137828826904],"[0, 1, 0, 0]"
119.931264639,,7029,,1583006424,783936023,"""Soft Puff""",[-0.18608741462230682],"[0, 1, 0, 0]"
119.940068483,,7030,,1583006424,790957927,"""Soft Puff""",[-0.19694557785987854],"[0, 1, 0, 0]"
119.947948217,,7031,,1583006424,800956010,"""Soft Puff""",[-0.20780374109745026],"[0, 1, 0, 0]"
119.958477736,,7032,,1583006424,811022996,"""Soft Puff""",[-0.21866190433502197],"[0, 1, 0, 0]"
119.966503382,,7033,,1583006424,819041013,"""Soft Puff""",[-0.2295200675725937],"[0, 1, 0, 0]"
119.972890377,,7034,,1583006424,824604034,"""Soft Puff""",[-0.24034611880779266],"[0, 1, 0, 0]"
119.978720903,,7035,,1583006424,830946922,"""Soft Puff""",[-0.2512042820453644],"[0, 1, 0, 0]"
119.99066329,,7036,,1583006424,843080997,"""Soft Puff""",[-0.2620624303817749],"[0, 1, 0, 0]"
119.995522738,,7037,,1583006424,848743915,"""Soft Puff""",[-0.2729206085205078],"[0, 1, 0, 0]"
120.005046368,,7038,,1583006424,856978893,"""Soft Puff""",[-0.28377875685691833],"[0, 1, 0, 0]"
120.017802715,,7039,,1583006424,868995904,"""Soft Puff""",[-0.29463693499565125],"[0, 1, 0, 0]"
120.022023439,,7040,,1583006424,879008054,"""Soft-Hard Puff Deadband""",[-0.3054629862308502],"[0, 0, 0, 0]"
120.02824378,,7041,,1583006424,880904912,"""Soft Puff""",[-0.29463693499565125],"[0, 1, 0, 0]"
120.029095173,,7042,,1583006424,886286020,"""Soft-Hard Puff Deadband""",[-0.3054629862308502],"[0, 0, 0, 0]"
120.033950329,,7043,,1583006424,890979051,"""Soft-Hard Puff Deadband""",[-0.31632113456726074],"[0, 0, 0, 0]"
120.044088125,,7044,,1583006424,900969982,"""Soft-Hard Puff Deadband""",[-0.32717931270599365],"[0, 0, 0, 0]"
120.060261726,,7045,,1583006424,917013883,"""Soft-Hard Puff Deadband""",[-0.3380374610424042],"[0, 0, 0, 0]"
120.102370262,,7046,,1583006424,959026098,"""Soft-Hard Puff Deadband""",[-0.3488956391811371],"[0, 0, 0, 0]"
120.109856129,,7047,,1583006424,966928958,"""Soft-Hard Puff Deadband""",[-0.3380374610424042],"[0, 0, 0, 0]"
120.111799002,,7048,,1583006424,968919992,"""Soft-Hard Puff Deadband""",[-0.3488956391811371],"[0, 0, 0, 0]"
120.128365755,,7049,,1583006424,985055923,"""Soft-Hard Puff Deadband""",[-0.35972166061401367],"[0, 0, 0, 0]"
120.144275188,,7050,,1583006425,1045942,"""Soft-Hard Puff Deadband""",[-0.3705798387527466],"[0, 0, 0, 0]"
120.164147615,,7051,,1583006425,20983934,"""Soft-Hard Puff Deadband""",[-0.35972166061401367],"[0, 0, 0, 0]"
120.168100834,,7052,,1583006425,25003910,"""Soft-Hard Puff Deadband""",[-0.3705798387527466],"[0, 0, 0, 0]"
120.169901371,,7053,,1583006425,26937007,"""Soft-Hard Puff Deadband""",[-0.35972166061401367],"[0, 0, 0, 0]"
120.175940514,,7054,,1583006425,32952070,"""Soft-Hard Puff Deadband""",[-0.3488956391811371],"[0, 0, 0, 0]"
120.186086416,,7055,,1583006425,42959928,"""Soft-Hard Puff Deadband""",[-0.35972166061401367],"[0, 0, 0, 0]"
120.212174654,,7056,,1583006425,69087982,"""Soft-Hard Puff Deadband""",[-0.3705798387527466],"[0, 0, 0, 0]"
120.222164631,,7057,,1583006425,79025030,"""Soft-Hard Puff Deadband""",[-0.3814379870891571],"[0, 0, 0, 0]"
120.223868132,,7058,,1583006425,80954074,"""Soft-Hard Puff Deadband""",[-0.3705798387527466],"[0, 0, 0, 0]"
120.227817535,,7059,,1583006425,84889888,"""Soft-Hard Puff Deadband""",[-0.3814379870891571],"[0, 0, 0, 0]"
120.246067047,,7060,,1583006425,103053092,"""Soft-Hard Puff Deadband""",[-0.3705798387527466],"[0, 0, 0, 0]"
120.260222197,,7061,,1583006425,117048978,"""Soft-Hard Puff Deadband""",[-0.3814379870891571],"[0, 0, 0, 0]"
120.264247417,,7062,,1583006425,120971918,"""Soft-Hard Puff Deadband""",[-0.3705798387527466],"[0, 0, 0, 0]"
120.282240868,,7063,,1583006425,139072895,"""Soft-Hard Puff Deadband""",[-0.3814379870891571],"[0, 0, 0, 0]"
120.302302837,,7064,,1583006425,159080028,"""Soft-Hard Puff Deadband""",[-0.39229616522789],"[0, 0, 0, 0]"
120.309939146,,7065,,1583006425,166980028,"""Soft-Hard Puff Deadband""",[-0.4031543433666229],"[0, 0, 0, 0]"
120.319890738,,7066,,1583006425,176944017,"""Soft-Hard Puff Deadband""",[-0.41401249170303345],"[0, 0, 0, 0]"
120.358261108,,7067,,1583006425,214983940,"""Soft-Hard Puff Deadband""",[-0.4031543433666229],"[0, 0, 0, 0]"
120.368415833,,7068,,1583006425,224998950,"""Soft-Hard Puff Deadband""",[-0.39229616522789],"[0, 0, 0, 0]"
120.377957106,,7069,,1583006425,234972000,"""Soft-Hard Puff Deadband""",[-0.3814379870891571],"[0, 0, 0, 0]"
120.38425231,,7070,,1583006425,241060972,"""Soft-Hard Puff Deadband""",[-0.3705798387527466],"[0, 0, 0, 0]"
120.387946844,,7071,,1583006425,244930982,"""Soft-Hard Puff Deadband""",[-0.35972166061401367],"[0, 0, 0, 0]"
120.394139767,,7072,,1583006425,250993967,"""Soft-Hard Puff Deadband""",[-0.3488956391811371],"[0, 0, 0, 0]"
120.40617466,,7073,,1583006425,263096094,"""Soft-Hard Puff Deadband""",[-0.3380374610424042],"[0, 0, 0, 0]"
120.418033123,,7074,,1583006425,274970054,"""Soft-Hard Puff Deadband""",[-0.32717931270599365],"[0, 0, 0, 0]"
120.427888155,,7075,,1583006425,284957885,"""Soft-Hard Puff Deadband""",[-0.31632113456726074],"[0, 0, 0, 0]"
120.440156221,,7076,,1583006425,296962022,"""Soft-Hard Puff Deadband""",[-0.3054629862308502],"[0, 0, 0, 0]"
120.455175638,,7077,,1583006425,307065010,"""Soft Puff""",[-0.29463693499565125],"[0, 1, 0, 0]"
120.522950172,,7078,,1583006425,365041017,"""Soft Puff""",[-0.28377875685691833],"[0, 1, 0, 0]"
120.528904438,,7079,,1583006425,381041049,"""Soft Puff""",[-0.29463693499565125],"[0, 1, 0, 0]"
120.53363061,,7080,,1583006425,386991977,"""Soft Puff""",[-0.28377875685691833],"[0, 1, 0, 0]"
120.539574146,,7081,,1583006425,391504049,"""Soft Puff""",[-0.29463693499565125],"[0, 1, 0, 0]"
120.54442668,,7082,,1583006425,397558927,"""Soft Puff""",[-0.28377875685691833],"[0, 1, 0, 0]"
120.549398184,,7083,,1583006425,402580976,"""Soft Puff""",[-0.29463693499565125],"[0, 1, 0, 0]"
120.550325871,,7084,,1583006425,407481908,"""Soft-Hard Puff Deadband""",[-0.3054629862308502],"[0, 0, 0, 0]"
120.558073759,,7085,,1583006425,415034055,"""Soft-Hard Puff Deadband""",[-0.31632113456726074],"[0, 0, 0, 0]"
120.56985569,,7086,,1583006425,426969051,"""Soft-Hard Puff Deadband""",[-0.32717931270599365],"[0, 0, 0, 0]"
120.626258373,,7087,,1583006425,483061075,"""Soft-Hard Puff Deadband""",[-0.3380374610424042],"[0, 0, 0, 0]"
120.646234989,,7088,,1583006425,503021955,"""Soft-Hard Puff Deadband""",[-0.32717931270599365],"[0, 0, 0, 0]"
120.647919178,,7089,,1583006425,504971027,"""Soft-Hard Puff Deadband""",[-0.3380374610424042],"[0, 0, 0, 0]"
120.654223442,,7090,,1583006425,510998964,"""Soft-Hard Puff Deadband""",[-0.32717931270599365],"[0, 0, 0, 0]"
120.664030075,,7091,,1583006425,520956039,"""Soft-Hard Puff Deadband""",[-0.31632113456726074],"[0, 0, 0, 0]"
120.672011137,,7092,,1583006425,528984069,"""Soft-Hard Puff Deadband""",[-0.3054629862308502],"[0, 0, 0, 0]"
120.683707476,,7093,,1583006425,535021066,"""Soft Puff""",[-0.29463693499565125],"[0, 1, 0, 0]"
120.690845728,,7094,,1583006425,542947053,"""Soft Puff""",[-0.28377875685691833],"[0, 1, 0, 0]"
120.695721865,,7095,,1583006425,548902988,"""Soft Puff""",[-0.2729206085205078],"[0, 1, 0, 0]"
120.702069044,,7096,,1583006425,553786039,"""Soft Puff""",[-0.2620624303817749],"[0, 1, 0, 0]"
120.708945513,,7097,,1583006425,560096025,"""Soft Puff""",[-0.2512042820453644],"[0, 1, 0, 0]"
120.714529514,,7098,,1583006425,566907882,"""Soft Puff""",[-0.24034611880779266],"[0, 1, 0, 0]"
120.720638037,,7099,,1583006425,572623968,"""Soft Puff""",[-0.21866190433502197],"[0, 1, 0, 0]"
120.726581573,,7100,,1583006425,578613042,"""Soft Puff""",[-0.20780374109745026],"[0, 1, 0, 0]"
120.731349945,,7101,,1583006425,584631919,"""Soft Puff""",[-0.19694557785987854],"[0, 1, 0, 0]"
120.737022638,,7102,,1583006425,589333057,"""Soft Puff""",[-0.18608741462230682],"[0, 1, 0, 0]"
120.7432096,,7103,,1583006425,595149993,"""Soft Puff""",[-0.17526137828826904],"[0, 1, 0, 0]"
120.751315832,,7104,,1583006425,601212024,"""Soft Puff""",[-0.1535450518131256],"[0, 1, 0, 0]"
120.756221056,,7105,,1583006425,609299898,"""Soft Puff""",[-0.1426868885755539],"[0, 1, 0, 0]"
120.764194012,,7106,,1583006425,614195108,"""Soft Puff""",[-0.13182871043682098],"[0, 1, 0, 0]"
120.769865513,,7107,,1583006425,622200965,"""Soft Puff""",[-0.1210026741027832],"[0, 1, 0, 0]"
120.776822567,,7108,,1583006425,627897024,"""Soft Puff""",[-0.11014451086521149],"[0, 1, 0, 0]"
120.783178568,,7109,,1583006425,634793043,"""Soft Puff""",[-0.08842818439006805],"[0, 1, 0, 0]"
120.78801465,,7110,,1583006425,641158103,"""Soft Puff""",[-0.07757002115249634],"[0, 1, 0, 0]"
120.792528152,,7111,,1583006425,646004915,"""Soft Puff""",[-0.06671185791492462],"[0, 1, 0, 0]"
120.799736738,,7112,,1583006425,650655984,"""Soft Puff""",[-0.055885814130306244],"[0, 1, 0, 0]"
120.804829121,,7113,,1583006425,657721996,"""Soft Puff""",[-0.03416948765516281],"[0, 1, 0, 0]"
120.812179804,,7114,,1583006425,662826061,"""Soft Puff""",[-0.012453158386051655],"[0, 1, 0, 0]"
120.813496113,,7115,,1583006425,669876098,"""Zero Band""",[-0.0016271184431388974],"[0, 0, 0, 0]"
120.81443882,,7116,,1583006425,671482086,"""Zero Band""",[-0.0],"[0, 0, 0, 0]"
120.815342903,,7117,,1583006425,672467947,"""Zero Band""",[-0.0],"[0, 0, 0, 0]"
120.816225767,,7118,,1583006425,673327922,"""Zero Band""",[-0.0],"[0, 0, 0, 0]"
120.817094088,,7119,,1583006425,674212932,"""Zero Band""",[-0.0],"[0, 0, 0, 0]"
120.817896128,,7120,,1583006425,675074100,"""Zero Band""",[-0.0],"[0, 0, 0, 0]"
120.81871295,,7121,,1583006425,675929069,"""Zero Band""",[-0.0],"[0, 0, 0, 0]"
120.818781614,,7122,,1583006425,675929069,"""input stopped""",[-0.0],"[0, 0, 0, 0]"
121.593053579,,7123,,1583006426,449912071,"""Zero Band""",[-0.0],"[0, 0, 0, 0]"
121.604120255,,7124,,1583006426,460958003,"""Zero Band""",[-0.0],"[0, 0, 0, 0]"
121.605773449,,7125,,1583006426,462955951,"""Zero Band""",[-0.0],"[0, 0, 0, 0]"
121.611836195,,7126,,1583006426,468962907,"""Zero Band""",[-0.0],"[0, 0, 0, 0]"
121.615790367,,7127,,1583006426,472939968,"""Zero Band""",[-0.0],"[0, 0, 0, 0]"
121.621851206,,7128,,1583006426,478955030,"""Zero Band""",[-0.0016271184431388974],"[0, 0, 0, 0]"
121.635433674,,7129,,1583006426,486963987,"""Soft Puff""",[-0.012453158386051655],"[0, 1, 0, 0]"
121.640164852,,7130,,1583006426,493490934,"""Soft Puff""",[-0.023311322554945946],"[0, 1, 0, 0]"
121.644894123,,7131,,1583006426,498217105,"""Soft Puff""",[-0.03416948765516281],"[0, 1, 0, 0]"
121.652870417,,7132,,1583006426,504950046,"""Soft Puff""",[-0.04502765089273453],"[0, 1, 0, 0]"
121.659784555,,7133,,1583006426,512954950,"""Soft Puff""",[-0.055885814130306244],"[0, 1, 0, 0]"
121.671214819,,7134,,1583006426,521018981,"""Soft Puff""",[-0.06671185791492462],"[0, 1, 0, 0]"
121.676044703,,7135,,1583006426,529299020,"""Soft Puff""",[-0.07757002115249634],"[0, 1, 0, 0]"
121.683863878,,7136,,1583006426,536921977,"""Soft Puff""",[-0.08842818439006805],"[0, 1, 0, 0]"
121.697632074,,7137,,1583006426,548923015,"""Soft Puff""",[-0.09928634762763977],"[0, 1, 0, 0]"
121.704131365,,7138,,1583006426,557012081,"""Soft Puff""",[-0.11014451086521149],"[0, 1, 0, 0]"
121.714104414,,7139,,1583006426,567007064,"""Soft Puff""",[-0.1210026741027832],"[0, 1, 0, 0]"
121.725027561,,7140,,1583006426,576972961,"""Soft Puff""",[-0.13182871043682098],"[0, 1, 0, 0]"
121.735364676,,7141,,1583006426,584995031,"""Soft Puff""",[-0.1426868885755539],"[0, 1, 0, 0]"
121.741930008,,7142,,1583006426,594970941,"""Soft Puff""",[-0.1535450518131256],"[0, 1, 0, 0]"
121.757509947,,7143,,1583006426,609066963,"""Soft Puff""",[-0.16440321505069733],"[0, 1, 0, 0]"
121.767454624,,7144,,1583006426,616970062,"""Soft Puff""",[-0.17526137828826904],"[0, 1, 0, 0]"
121.773790836,,7145,,1583006426,625494956,"""Soft Puff""",[-0.16440321505069733],"[0, 1, 0, 0]"
121.779517651,,7146,,1583006426,631833076,"""Soft Puff""",[-0.17526137828826904],"[0, 1, 0, 0]"
121.7845819,,7147,,1583006426,637563943,"""Soft Puff""",[-0.18608741462230682],"[0, 1, 0, 0]"
121.797458172,,7148,,1583006426,649034023,"""Soft Puff""",[-0.19694557785987854],"[0, 1, 0, 0]"
121.809848785,,7149,,1583006426,661024093,"""Soft Puff""",[-0.20780374109745026],"[0, 1, 0, 0]"
121.819839239,,7150,,1583006426,671024084,"""Soft Puff""",[-0.21866190433502197],"[0, 1, 0, 0]"
121.834937096,,7151,,1583006426,685065031,"""Soft Puff""",[-0.2295200675725937],"[0, 1, 0, 0]"
121.844251156,,7152,,1583006426,696962118,"""Soft Puff""",[-0.24034611880779266],"[0, 1, 0, 0]"
121.851897717,,7153,,1583006426,703052997,"""Soft Puff""",[-0.2512042820453644],"[0, 1, 0, 0]"
121.860608578,,7154,,1583006426,713206052,"""Soft Puff""",[-0.2620624303817749],"[0, 1, 0, 0]"
121.868206978,,7155,,1583006426,718955039,"""Soft Puff""",[-0.2729206085205078],"[0, 1, 0, 0]"
121.874773026,,7156,,1583006426,726943016,"""Soft Puff""",[-0.28377875685691833],"[0, 1, 0, 0]"
121.879328012,,7157,,1583006426,732841968,"""Soft Puff""",[-0.29463693499565125],"[0, 1, 0, 0]"
121.88203907,,7158,,1583006426,738950967,"""Soft-Hard Puff Deadband""",[-0.3054629862308502],"[0, 0, 0, 0]"
121.884793997,,7159,,1583006426,741137981,"""Soft-Hard Puff Deadband""",[-0.31632113456726074],"[0, 0, 0, 0]"
121.890176535,,7160,,1583006426,747004985,"""Soft-Hard Puff Deadband""",[-0.32717931270599365],"[0, 0, 0, 0]"
121.900863171,,7161,,1583006426,757000923,"""Soft-Hard Puff Deadband""",[-0.3380374610424042],"[0, 0, 0, 0]"
121.905865669,,7162,,1583006426,762926101,"""Soft-Hard Puff Deadband""",[-0.3488956391811371],"[0, 0, 0, 0]"
121.913900137,,7163,,1583006426,770950078,"""Soft-Hard Puff Deadband""",[-0.35972166061401367],"[0, 0, 0, 0]"
121.922071457,,7164,,1583006426,779045104,"""Soft-Hard Puff Deadband""",[-0.3705798387527466],"[0, 0, 0, 0]"
121.940067768,,7165,,1583006426,797008991,"""Soft-Hard Puff Deadband""",[-0.3814379870891571],"[0, 0, 0, 0]"
121.952380657,,7166,,1583006426,809096097,"""Soft-Hard Puff Deadband""",[-0.39229616522789],"[0, 0, 0, 0]"
121.974225998,,7167,,1583006426,831057071,"""Soft-Hard Puff Deadband""",[-0.4031543433666229],"[0, 0, 0, 0]"
121.987869501,,7168,,1583006426,844949007,"""Soft-Hard Puff Deadband""",[-0.41401249170303345],"[0, 0, 0, 0]"
122.000168324,,7169,,1583006426,856991052,"""Soft-Hard Puff Deadband""",[-0.4248385429382324],"[0, 0, 0, 0]"
122.007987261,,7170,,1583006426,864927053,"""Soft-Hard Puff Deadband""",[-0.43569669127464294],"[0, 0, 0, 0]"
122.011799097,,7171,,1583006426,868988990,"""Soft-Hard Puff Deadband""",[-0.44655486941337585],"[0, 0, 0, 0]"
122.020043612,,7172,,1583006426,876980066,"""Soft-Hard Puff Deadband""",[-0.4574130177497864],"[0, 0, 0, 0]"
122.025854588,,7173,,1583006426,882967948,"""Soft-Hard Puff Deadband""",[-0.4682711958885193],"[0, 0, 0, 0]"
122.02997613,,7174,,1583006426,886959075,"""Soft-Hard Puff Deadband""",[-0.4790972173213959],"[0, 0, 0, 0]"
122.035820484,,7175,,1583006426,892956972,"""Soft-Hard Puff Deadband""",[-0.4899553954601288],"[0, 0, 0, 0]"
122.043913841,,7176,,1583006426,896903991,"""Zero Band""",[-0.5008135437965393],"[0, 0, 0, 0]"
122.052749872,,7177,,1583006426,904932022,"""Zero Band""",[-0.5116717219352722],"[0, 0, 0, 0]"
122.057957172,,7178,,1583006426,910952091,"""Zero Band""",[-0.5225299000740051],"[0, 0, 0, 0]"
122.068305969,,7179,,1583006426,918982982,"""Zero Band""",[-0.5333559513092041],"[0, 0, 0, 0]"
122.07471633,,7180,,1583006426,926369905,"""Zero Band""",[-0.5225299000740051],"[0, 0, 0, 0]"
122.081056356,,7181,,1583006426,932760953,"""Zero Band""",[-0.5333559513092041],"[0, 0, 0, 0]"
122.087514877,,7182,,1583006426,939095973,"""Zero Band""",[-0.5442140698432922],"[0, 0, 0, 0]"
122.094153404,,7183,,1583006426,945554971,"""Zero Band""",[-0.5550722479820251],"[0, 0, 0, 0]"
122.09886837,,7184,,1583006426,952224969,"""Zero Band""",[-0.5659304261207581],"[0, 0, 0, 0]"
122.106023073,,7185,,1583006426,956847906,"""Zero Band""",[-0.576788604259491],"[0, 0, 0, 0]"
122.112682581,,7186,,1583006426,964113950,"""Zero Band""",[-0.5876467227935791],"[0, 0, 0, 0]"
122.118489504,,7187,,1583006426,970773935,"""Zero Band""",[-0.5984727740287781],"[0, 0, 0, 0]"
122.124054909,,7188,,1583006426,976463079,"""Zero Band""",[-0.609330952167511],"[0, 0, 0, 0]"
122.130293846,,7189,,1583006426,982038021,"""Zero Band""",[-0.6201891303062439],"[0, 0, 0, 0]"
122.136096716,,7190,,1583006426,988378047,"""Zero Band""",[-0.6310473084449768],"[0, 0, 0, 0]"
122.143855095,,7191,,1583006426,994048118,"""Zero Band""",[-0.6419054269790649],"[0, 0, 0, 0]"
122.150022268,,7192,,1583006427,1990079,"""Zero Band""",[-0.6527314782142639],"[0, 0, 0, 0]"
122.155101061,,7193,,1583006427,8002996,"""Zero Band""",[-0.6635896563529968],"[0, 0, 0, 0]"
122.161108732,,7194,,1583006427,13098955,"""Zero Band""",[-0.6744478344917297],"[0, 0, 0, 0]"
122.16809988,,7195,,1583006427,19226074,"""Zero Band""",[-0.6853059530258179],"[0, 0, 0, 0]"
122.174994707,,7196,,1583006427,26281118,"""Zero Band""",[-0.6961641311645508],"[0, 0, 0, 0]"
122.179721594,,7197,,1583006427,32972097,"""Zero Band""",[-0.7070223093032837],"[0, 0, 0, 0]"
122.185285807,,7198,,1583006427,37729978,"""Zero Band""",[-0.7178483605384827],"[0, 0, 0, 0]"
122.19084549,,7199,,1583006427,43356895,"""Zero Band""",[-0.7070223093032837],"[0, 0, 0, 0]"
122.196086168,,7200,,1583006427,49004077,"""Zero Band""",[-0.6961641311645508],"[0, 0, 0, 0]"
122.201955557,,7201,,1583006427,54003000,"""Zero Band""",[-0.6853059530258179],"[0, 0, 0, 0]"
122.208767653,,7202,,1583006427,59931993,"""Zero Band""",[-0.6744478344917297],"[0, 0, 0, 0]"
122.214276075,,7203,,1583006427,66747903,"""Zero Band""",[-0.6635896563529968],"[0, 0, 0, 0]"
122.218808174,,7204,,1583006427,72321891,"""Zero Band""",[-0.6527314782142639],"[0, 0, 0, 0]"
122.224334002,,7205,,1583006427,76946973,"""Zero Band""",[-0.6419054269790649],"[0, 0, 0, 0]"
122.229776621,,7206,,1583006427,82360982,"""Zero Band""",[-0.6310473084449768],"[0, 0, 0, 0]"
122.235484362,,7207,,1583006427,87526082,"""Zero Band""",[-0.6201891303062439],"[0, 0, 0, 0]"
122.240993023,,7208,,1583006427,93461036,"""Zero Band""",[-0.609330952167511],"[0, 0, 0, 0]"
122.246679068,,7209,,1583006427,99014043,"""Zero Band""",[-0.5984727740287781],"[0, 0, 0, 0]"
122.252987146,,7210,,1583006427,104657888,"""Zero Band""",[-0.5876467227935791],"[0, 0, 0, 0]"
122.259757996,,7211,,1583006427,111001014,"""Zero Band""",[-0.576788604259491],"[0, 0, 0, 0]"
122.265429258,,7212,,1583006427,117769956,"""Zero Band""",[-0.5550722479820251],"[0, 0, 0, 0]"
122.27121973,,7213,,1583006427,123409986,"""Zero Band""",[-0.5442140698432922],"[0, 0, 0, 0]"
122.276756525,,7214,,1583006427,129465103,"""Zero Band""",[-0.5333559513092041],"[0, 0, 0, 0]"
122.28264308,,7215,,1583006427,134771108,"""Zero Band""",[-0.5225299000740051],"[0, 0, 0, 0]"
122.287597179,,7216,,1583006427,140532970,"""Zero Band""",[-0.5116717219352722],"[0, 0, 0, 0]"
122.288645029,,7217,,1583006427,145576953,"""Soft-Hard Puff Deadband""",[-0.4899553954601288],"[0, 0, 0, 0]"
122.289800167,,7218,,1583006427,146615028,"""Soft-Hard Puff Deadband""",[-0.4790972173213959],"[0, 0, 0, 0]"
122.290612459,,7219,,1583006427,147663116,"""Soft-Hard Puff Deadband""",[-0.4682711958885193],"[0, 0, 0, 0]"
122.291684628,,7220,,1583006427,148585081,"""Soft-Hard Puff Deadband""",[-0.44655486941337585],"[0, 0, 0, 0]"
122.292416334,,7221,,1583006427,149538993,"""Soft-Hard Puff Deadband""",[-0.43569669127464294],"[0, 0, 0, 0]"
122.293226004,,7222,,1583006427,150393009,"""Soft-Hard Puff Deadband""",[-0.4248385429382324],"[0, 0, 0, 0]"
122.294009924,,7223,,1583006427,151110887,"""Soft-Hard Puff Deadband""",[-0.41401249170303345],"[0, 0, 0, 0]"
122.294785261,,7224,,1583006427,151988029,"""Soft-Hard Puff Deadband""",[-0.4031543433666229],"[0, 0, 0, 0]"
122.295665503,,7225,,1583006427,152765989,"""Soft-Hard Puff Deadband""",[-0.39229616522789],"[0, 0, 0, 0]"
122.296525478,,7226,,1583006427,153642892,"""Soft-Hard Puff Deadband""",[-0.3814379870891571],"[0, 0, 0, 0]"
122.297245502,,7227,,1583006427,154428005,"""Soft-Hard Puff Deadband""",[-0.3705798387527466],"[0, 0, 0, 0]"
122.29802227,,7228,,1583006427,155224084,"""Soft-Hard Puff Deadband""",[-0.35972166061401367],"[0, 0, 0, 0]"
122.298800468,,7229,,1583006427,155996084,"""Soft-Hard Puff Deadband""",[-0.3488956391811371],"[0, 0, 0, 0]"
122.299612522,,7230,,1583006427,156785011,"""Soft-Hard Puff Deadband""",[-0.3380374610424042],"[0, 0, 0, 0]"
122.300435066,,7231,,1583006427,157672882,"""Soft-Hard Puff Deadband""",[-0.32717931270599365],"[0, 0, 0, 0]"
122.301199675,,7232,,1583006427,158337116,"""Soft-Hard Puff Deadband""",[-0.31632113456726074],"[0, 0, 0, 0]"
122.302147865,,7233,,1583006427,159188985,"""Soft-Hard Puff Deadband""",[-0.3054629862308502],"[0, 0, 0, 0]"
122.307882071,,7234,,1583006427,160016059,"""Soft Puff""",[-0.29463693499565125],"[0, 1, 0, 0]"
122.314661503,,7235,,1583006427,166068077,"""Soft Puff""",[-0.28377875685691833],"[0, 1, 0, 0]"
122.321362972,,7236,,1583006427,172640085,"""Soft Puff""",[-0.2729206085205078],"[0, 1, 0, 0]"
122.328615427,,7237,,1583006427,179337024,"""Soft Puff""",[-0.2620624303817749],"[0, 1, 0, 0]"
122.334844351,,7238,,1583006427,186417102,"""Soft Puff""",[-0.2512042820453644],"[0, 1, 0, 0]"
122.34168148,,7239,,1583006427,192718029,"""Soft Puff""",[-0.24034611880779266],"[0, 1, 0, 0]"
122.34635973,,7240,,1583006427,199650049,"""Soft Puff""",[-0.2295200675725937],"[0, 1, 0, 0]"
122.351373911,,7241,,1583006427,204332113,"""Soft Puff""",[-0.21866190433502197],"[0, 1, 0, 0]"
122.356637478,,7242,,1583006427,209362983,"""Soft Puff""",[-0.20780374109745026],"[0, 1, 0, 0]"
122.363043785,,7243,,1583006427,214642047,"""Soft Puff""",[-0.19694557785987854],"[0, 1, 0, 0]"
122.369326353,,7244,,1583006427,220715999,"""Soft Puff""",[-0.18608741462230682],"[0, 1, 0, 0]"
122.375145674,,7245,,1583006427,227449893,"""Soft Puff""",[-0.16440321505069733],"[0, 1, 0, 0]"
122.380680561,,7246,,1583006427,233159065,"""Soft Puff""",[-0.1535450518131256],"[0, 1, 0, 0]"
122.385977268,,7247,,1583006427,238706111,"""Soft Puff""",[-0.13182871043682098],"[0, 1, 0, 0]"
122.392311811,,7248,,1583006427,243951082,"""Soft Puff""",[-0.1210026741027832],"[0, 1, 0, 0]"
122.399111271,,7249,,1583006427,250289916,"""Soft Puff""",[-0.09928634762763977],"[0, 1, 0, 0]"
122.405854225,,7250,,1583006427,257117033,"""Soft Puff""",[-0.08842818439006805],"[0, 1, 0, 0]"
122.411741734,,7251,,1583006427,263674974,"""Soft Puff""",[-0.07757002115249634],"[0, 1, 0, 0]"
122.417376995,,7252,,1583006427,269717931,"""Soft Puff""",[-0.06671185791492462],"[0, 1, 0, 0]"
122.423846006,,7253,,1583006427,275352001,"""Soft Puff""",[-0.055885814130306244],"[0, 1, 0, 0]"
122.430480242,,7254,,1583006427,281857967,"""Soft Puff""",[-0.04502765089273453],"[0, 1, 0, 0]"
122.435155153,,7255,,1583006427,288453102,"""Soft Puff""",[-0.03416948765516281],"[0, 1, 0, 0]"
122.440969944,,7256,,1583006427,293137073,"""Soft Puff""",[-0.023311322554945946],"[0, 1, 0, 0]"
122.446839333,,7257,,1583006427,299062967,"""Soft Puff""",[-0.012453158386051655],"[0, 1, 0, 0]"
122.447691679,,7258,,1583006427,304821014,"""Zero Band""",[-0.0016271184431388974],"[0, 0, 0, 0]"
122.452716112,,7259,,1583006427,305675983,"""Soft Puff""",[-0.012453158386051655],"[0, 1, 0, 0]"
122.459739685,,7260,,1583006427,310918092,"""Soft Puff""",[-0.023311322554945946],"[0, 1, 0, 0]"
122.465627909,,7261,,1583006427,317729949,"""Soft Puff""",[-0.03416948765516281],"[0, 1, 0, 0]"
122.470261097,,7262,,1583006427,323600053,"""Soft Puff""",[-0.04502765089273453],"[0, 1, 0, 0]"
122.477149487,,7263,,1583006427,328233003,"""Soft Puff""",[-0.055885814130306244],"[0, 1, 0, 0]"
122.482314587,,7264,,1583006427,334997892,"""Soft Puff""",[-0.06671185791492462],"[0, 1, 0, 0]"
122.487816572,,7265,,1583006427,340295076,"""Soft Puff""",[-0.07757002115249634],"[0, 1, 0, 0]"
122.492991924,,7266,,1583006427,345810890,"""Soft Puff""",[-0.08842818439006805],"[0, 1, 0, 0]"
122.499900579,,7267,,1583006427,351061105,"""Soft Puff""",[-0.09928634762763977],"[0, 1, 0, 0]"
122.504674196,,7268,,1583006427,357636928,"""Soft Puff""",[-0.11014451086521149],"[0, 1, 0, 0]"
122.509949207,,7269,,1583006427,362651109,"""Soft Puff""",[-0.1210026741027832],"[0, 1, 0, 0]"
122.515638828,,7270,,1583006427,368048906,"""Soft Puff""",[-0.13182871043682098],"[0, 1, 0, 0]"
122.522387028,,7271,,1583006427,373622894,"""Soft Puff""",[-0.1426868885755539],"[0, 1, 0, 0]"
122.52877903,,7272,,1583006427,380398035,"""Soft Puff""",[-0.1535450518131256],"[0, 1, 0, 0]"
122.535033703,,7273,,1583006427,386778116,"""Soft Puff""",[-0.16440321505069733],"[0, 1, 0, 0]"
122.54015398,,7274,,1583006427,393018960,"""Soft Puff""",[-0.17526137828826904],"[0, 1, 0, 0]"
122.546193123,,7275,,1583006427,398152112,"""Soft Puff""",[-0.18608741462230682],"[0, 1, 0, 0]"
122.552631378,,7276,,1583006427,404249906,"""Soft Puff""",[-0.17526137828826904],"[0, 1, 0, 0]"
122.557979584,,7277,,1583006427,410523891,"""Soft Puff""",[-0.16440321505069733],"[0, 1, 0, 0]"
122.563706875,,7278,,1583006427,416079044,"""Soft Puff""",[-0.1535450518131256],"[0, 1, 0, 0]"
122.569667101,,7279,,1583006427,421679019,"""Soft Puff""",[-0.1426868885755539],"[0, 1, 0, 0]"
122.575110674,,7280,,1583006427,427639007,"""Soft Puff""",[-0.13182871043682098],"[0, 1, 0, 0]"
122.579761028,,7281,,1583006427,433182954,"""Soft Puff""",[-0.1210026741027832],"[0, 1, 0, 0]"
122.585903406,,7282,,1583006427,437834024,"""Soft Puff""",[-0.11014451086521149],"[0, 1, 0, 0]"
122.591163158,,7283,,1583006427,444015026,"""Soft Puff""",[-0.09928634762763977],"[0, 1, 0, 0]"
122.596443892,,7284,,1583006427,449232101,"""Soft Puff""",[-0.08842818439006805],"[0, 1, 0, 0]"
122.601566792,,7285,,1583006427,454530954,"""Soft Puff""",[-0.07757002115249634],"[0, 1, 0, 0]"
122.60712409,,7286,,1583006427,459598064,"""Soft Puff""",[-0.06671185791492462],"[0, 1, 0, 0]"
122.613420486,,7287,,1583006427,465152978,"""Soft Puff""",[-0.055885814130306244],"[0, 1, 0, 0]"
122.620517492,,7288,,1583006427,471617937,"""Soft Puff""",[-0.04502765089273453],"[0, 1, 0, 0]"
122.626215696,,7289,,1583006427,478594064,"""Soft Puff""",[-0.03416948765516281],"[0, 1, 0, 0]"
122.631890535,,7290,,1583006427,484288930,"""Soft Puff""",[-0.023311322554945946],"[0, 1, 0, 0]"
122.637441874,,7291,,1583006427,489939928,"""Soft Puff""",[-0.012453158386051655],"[0, 1, 0, 0]"
122.63843441,,7292,,1583006427,495548009,"""Zero Band""",[-0.0016271184431388974],"[0, 0, 0, 0]"
122.639239311,,7293,,1583006427,496419906,"""Zero Band""",[-0.0],"[0, 0, 0, 0]"
122.640144587,,7294,,1583006427,497298002,"""Zero Band""",[-0.0],"[0, 0, 0, 0]"
122.641955614,,7295,,1583006427,498940944,"""Zero Band""",[-0.0],"[0, 0, 0, 0]"
122.643760681,,7296,,1583006427,500914096,"""Zero Band""",[-0.0],"[0, 0, 0, 0]"
122.648469448,,7297,,1583006427,505053043,"""Zero Band""",[-0.0],"[0, 0, 0, 0]"
122.667660713,,7298,,1583006427,524063110,"""Zero Band""",[-0.0],"[0, 0, 0, 0]"
122.667753696,,7299,,1583006427,524063110,"""input stopped""",[-0.0],"[0, 0, 0, 0]"
122.901325703,,7300,,1583006427,757973909,"""Zero Band""",[-0.0],"[0, 0, 0, 0]"
122.903814077,,7301,,1583006427,760970115,"""Zero Band""",[-0.0],"[0, 0, 0, 0]"
122.9077425,,7302,,1583006427,764914035,"""Zero Band""",[-0.0],"[0, 0, 0, 0]"
122.90963769,,7303,,1583006427,766921043,"""Zero Band""",[-0.0],"[0, 0, 0, 0]"
122.911647081,,7304,,1583006427,768893957,"""Zero Band""",[0.0016592431347817183],"[0, 0, 0, 0]"
122.919880152,,7305,,1583006427,772981882,"""Soft Sip""",[0.023343447595834732],"[0, 0, 1, 0]"
122.925818443,,7306,,1583006427,777981042,"""Soft Sip""",[0.03420161083340645],"[0, 0, 1, 0]"
122.932798862,,7307,,1583006427,783798933,"""Soft Sip""",[0.05591794103384018],"[0, 0, 1, 0]"
122.939078331,,7308,,1583006427,790910005,"""Soft Sip""",[0.07760214805603027],"[0, 0, 1, 0]"
122.943471193,,7309,,1583006427,797066926,"""Soft Sip""",[0.08846031129360199],"[0, 0, 1, 0]"
122.949948788,,7310,,1583006427,801454067,"""Soft Sip""",[0.11017663776874542],"[0, 0, 1, 0]"
122.956332922,,7311,,1583006427,807954072,"""Soft Sip""",[0.12103480100631714],"[0, 0, 1, 0]"
122.961509943,,7312,,1583006427,814465045,"""Soft Sip""",[0.14271900057792664],"[0, 0, 1, 0]"
122.966489077,,7313,,1583006427,819473981,"""Soft Sip""",[0.16443534195423126],"[0, 0, 1, 0]"
122.973918676,,7314,,1583006427,824470043,"""Soft Sip""",[0.17529350519180298],"[0, 0, 1, 0]"
122.979275703,,7315,,1583006427,831911087,"""Soft Sip""",[0.19697770476341248],"[0, 0, 1, 0]"
122.985342503,,7316,,1583006427,837313890,"""Soft Sip""",[0.2078358680009842],"[0, 0, 1, 0]"
122.990274906,,7317,,1583006427,843417882,"""Soft Sip""",[0.22955219447612762],"[0, 0, 1, 0]"
122.995765448,,7318,,1583006427,848159074,"""Soft Sip""",[0.2403782308101654],"[0, 0, 1, 0]"
123.00216651,,7319,,1583006427,853756904,"""Soft Sip""",[0.26209455728530884],"[0, 0, 1, 0]"
123.007136583,,7320,,1583006427,860141992,"""Soft Sip""",[0.27295273542404175],"[0, 0, 1, 0]"
123.012563467,,7321,,1583006427,865212917,"""Soft Sip""",[0.28381088376045227],"[0, 0, 1, 0]"
123.013555527,,7322,,1583006427,870534896,"""Soft-Hard Sip Deadband""",[0.30549511313438416],"[0, 0, 0, 0]"
123.014353752,,7323,,1583006427,871535062,"""Soft-Hard Sip Deadband""",[0.3163532614707947],"[0, 0, 0, 0]"
123.015084505,,7324,,1583006427,872320890,"""Soft-Hard Sip Deadband""",[0.3272114396095276],"[0, 0, 0, 0]"
123.01590538,,7325,,1583006427,873065948,"""Soft-Hard Sip Deadband""",[0.348927766084671],"[0, 0, 0, 0]"
123.016675949,,7326,,1583006427,873872995,"""Soft-Hard Sip Deadband""",[0.3597537875175476],"[0, 0, 0, 0]"
123.017482996,,7327,,1583006427,874646902,"""Soft-Hard Sip Deadband""",[0.3706119656562805],"[0, 0, 0, 0]"
123.018225908,,7328,,1583006427,875500917,"""Soft-Hard Sip Deadband""",[0.38147011399269104],"[0, 0, 0, 0]"
123.018968105,,7329,,1583006427,876219034,"""Soft-Hard Sip Deadband""",[0.39232829213142395],"[0, 0, 0, 0]"
123.019702911,,7330,,1583006427,876943111,"""Soft-Hard Sip Deadband""",[0.4031864404678345],"[0, 0, 0, 0]"
123.020388126,,7331,,1583006427,877676963,"""Soft-Hard Sip Deadband""",[0.4140446186065674],"[0, 0, 0, 0]"
123.021106005,,7332,,1583006427,878382921,"""Soft-Hard Sip Deadband""",[0.42487066984176636],"[0, 0, 0, 0]"
123.021916866,,7333,,1583006427,879234075,"""Soft-Hard Sip Deadband""",[0.4357288181781769],"[0, 0, 0, 0]"
123.022648335,,7334,,1583006427,879895925,"""Soft-Hard Sip Deadband""",[0.4465869963169098],"[0, 0, 0, 0]"
123.023425817,,7335,,1583006427,880625009,"""Soft-Hard Sip Deadband""",[0.4574451446533203],"[0, 0, 0, 0]"
123.02427125,,7336,,1583006427,881424903,"""Soft-Hard Sip Deadband""",[0.4683033227920532],"[0, 0, 0, 0]"
123.025007725,,7337,,1583006427,882252931,"""Soft-Hard Sip Deadband""",[0.4791293442249298],"[0, 0, 0, 0]"
123.025762796,,7338,,1583006427,882987976,"""Soft-Hard Sip Deadband""",[0.4899875223636627],"[0, 0, 0, 0]"
123.030727625,,7339,,1583006427,883728981,"""Zero Band""",[0.5008456707000732],"[0, 0, 0, 0]"
123.037050962,,7340,,1583006427,888911008,"""Zero Band""",[0.5117038488388062],"[0, 0, 0, 0]"
123.044527531,,7341,,1583006427,895034074,"""Zero Band""",[0.5225620269775391],"[0, 0, 0, 0]"
123.050127029,,7342,,1583006427,902549982,"""Zero Band""",[0.533388078212738],"[0, 0, 0, 0]"
123.056000948,,7343,,1583006427,908238887,"""Zero Band""",[0.5442461967468262],"[0, 0, 0, 0]"
123.061123848,,7344,,1583006427,914175033,"""Zero Band""",[0.5551043748855591],"[0, 0, 0, 0]"
123.066324234,,7345,,1583006427,919128894,"""Zero Band""",[0.565962553024292],"[0, 0, 0, 0]"
123.072384596,,7346,,1583006427,924335002,"""Zero Band""",[0.5768207311630249],"[0, 0, 0, 0]"
123.078392267,,7347,,1583006427,930358886,"""Zero Band""",[0.587678849697113],"[0, 0, 0, 0]"
123.08499527,,7348,,1583006427,936377048,"""Zero Band""",[0.598504900932312],"[0, 0, 0, 0]"
123.090686083,,7349,,1583006427,943023920,"""Zero Band""",[0.6093630790710449],"[0, 0, 0, 0]"
123.095816851,,7350,,1583006427,948739051,"""Zero Band""",[0.6202212572097778],"[0, 0, 0, 0]"
123.103385687,,7351,,1583006427,953922033,"""Zero Band""",[0.6310794353485107],"[0, 0, 0, 0]"
123.109567642,,7352,,1583006427,961352109,"""Zero Band""",[0.6419375538825989],"[0, 0, 0, 0]"
123.116452217,,7353,,1583006427,967529058,"""Zero Band""",[0.6527636051177979],"[0, 0, 0, 0]"
123.122924089,,7354,,1583006427,974416017,"""Zero Band""",[0.6636217832565308],"[0, 0, 0, 0]"
123.12770462,,7355,,1583006427,980902910,"""Zero Band""",[0.6744799613952637],"[0, 0, 0, 0]"
123.132180929,,7356,,1583006427,985683917,"""Zero Band""",[0.6853380799293518],"[0, 0, 0, 0]"
123.138690948,,7357,,1583006427,990291118,"""Zero Band""",[0.6961962580680847],"[0, 0, 0, 0]"
123.146197319,,7358,,1583006427,996803045,"""Zero Band""",[0.7070544362068176],"[0, 0, 0, 0]"
123.152421474,,7359,,1583006428,4177093,"""Zero Band""",[0.7178804874420166],"[0, 0, 0, 0]"
123.160857439,,7360,,1583006428,10397911,"""Zero Band""",[0.7287386655807495],"[0, 0, 0, 0]"
123.165725231,,7361,,1583006428,18842935,"""Zero Band""",[0.7395967841148376],"[0, 0, 0, 0]"
123.170789242,,7362,,1583006428,23699998,"""Zero Band""",[0.7504549622535706],"[0, 0, 0, 0]"
123.1768713,,7363,,1583006428,28630018,"""Zero Band""",[0.7613131403923035],"[0, 0, 0, 0]"
123.18318224,,7364,,1583006428,34923076,"""Zero Band""",[0.7721391916275024],"[0, 0, 0, 0]"
123.189087152,,7365,,1583006428,41312932,"""Zero Band""",[0.7829973101615906],"[0, 0, 0, 0]"
123.195624352,,7366,,1583006428,47094106,"""Zero Band""",[0.7938554883003235],"[0, 0, 0, 0]"
123.200981855,,7367,,1583006428,53524971,"""Zero Band""",[0.7829973101615906],"[0, 0, 0, 0]"
123.206169844,,7368,,1583006428,59027910,"""Zero Band""",[0.7938554883003235],"[0, 0, 0, 0]"
123.211951494,,7369,,1583006428,64310073,"""Zero Band""",[0.8047136664390564],"[0, 0, 0, 0]"
123.216609001,,7370,,1583006428,69947004,"""Zero Band""",[0.8155718445777893],"[0, 0, 0, 0]"
123.221895695,,7371,,1583006428,74579000,"""Zero Band""",[0.8263978958129883],"[0, 0, 0, 0]"
123.226964235,,7372,,1583006428,79643964,"""Zero Band""",[0.8372560143470764],"[0, 0, 0, 0]"
123.231955767,,7373,,1583006428,85021972,"""Zero Band""",[0.8481141924858093],"[0, 0, 0, 0]"
123.238602161,,7374,,1583006428,89937925,"""Zero Band""",[0.8589723706245422],"[0, 0, 0, 0]"
123.244143963,,7375,,1583006428,96736907,"""Zero Band""",[0.8698305487632751],"[0, 0, 0, 0]"
123.248740673,,7376,,1583006428,102014064,"""Zero Band""",[0.8806886672973633],"[0, 0, 0, 0]"
123.2548244,,7377,,1583006428,106717109,"""Zero Band""",[0.8915147185325623],"[0, 0, 0, 0]"
123.260573626,,7378,,1583006428,112529039,"""Zero Band""",[0.9023728966712952],"[0, 0, 0, 0]"
123.267121315,,7379,,1583006428,118562936,"""Zero Band""",[0.9132310748100281],"[0, 0, 0, 0]"
123.272680759,,7380,,1583006428,125010013,"""Zero Band""",[0.924089252948761],"[0, 0, 0, 0]"
123.277585268,,7381,,1583006428,130376100,"""Zero Band""",[0.9349473714828491],"[0, 0, 0, 0]"
123.282287598,,7382,,1583006428,135488986,"""Zero Band""",[0.9457734227180481],"[0, 0, 0, 0]"
123.286665916,,7383,,1583006428,140198945,"""Zero Band""",[0.956631600856781],"[0, 0, 0, 0]"
123.292767048,,7384,,1583006428,144675970,"""Zero Band""",[0.9674897789955139],"[0, 0, 0, 0]"
123.297857761,,7385,,1583006428,150866985,"""Zero Band""",[0.978347897529602],"[0, 0, 0, 0]"
123.303376913,,7386,,1583006428,155844926,"""Zero Band""",[0.9674897789955139],"[0, 0, 0, 0]"
123.310491562,,7387,,1583006428,161341905,"""Zero Band""",[0.956631600856781],"[0, 0, 0, 0]"
123.315178156,,7388,,1583006428,168462991,"""Zero Band""",[0.9457734227180481],"[0, 0, 0, 0]"
123.321149349,,7389,,1583006428,173254966,"""Zero Band""",[0.9349473714828491],"[0, 0, 0, 0]"
123.326108932,,7390,,1583006428,179128885,"""Zero Band""",[0.9457734227180481],"[0, 0, 0, 0]"
123.33217907,,7391,,1583006428,184211015,"""Zero Band""",[0.956631600856781],"[0, 0, 0, 0]"
123.339507341,,7392,,1583006428,190176010,"""Zero Band""",[0.9674897789955139],"[0, 0, 0, 0]"
123.343980312,,7393,,1583006428,197484970,"""Zero Band""",[0.978347897529602],"[0, 0, 0, 0]"
123.348831892,,7394,,1583006428,202049016,"""Zero Band""",[0.9674897789955139],"[0, 0, 0, 0]"
123.355151892,,7395,,1583006428,206880092,"""Zero Band""",[0.956631600856781],"[0, 0, 0, 0]"
123.366571903,,7396,,1583006428,216943979,"""Zero Band""",[0.9457734227180481],"[0, 0, 0, 0]"
123.387159348,,7397,,1583006428,239018917,"""Zero Band""",[0.9349473714828491],"[0, 0, 0, 0]"
123.397381067,,7398,,1583006428,248950958,"""Zero Band""",[0.924089252948761],"[0, 0, 0, 0]"
123.404508352,,7399,,1583006428,256958007,"""Zero Band""",[0.9132310748100281],"[0, 0, 0, 0]"
123.408905983,,7400,,1583006428,262586116,"""Zero Band""",[0.9023728966712952],"[0, 0, 0, 0]"
123.413748264,,7401,,1583006428,266994953,"""Zero Band""",[0.8915147185325623],"[0, 0, 0, 0]"
123.424622059,,7402,,1583006428,274995088,"""Zero Band""",[0.8806886672973633],"[0, 0, 0, 0]"
123.431041718,,7403,,1583006428,282979011,"""Zero Band""",[0.8698305487632751],"[0, 0, 0, 0]"
123.449000359,,7404,,1583006428,301003932,"""Zero Band""",[0.8806886672973633],"[0, 0, 0, 0]"
123.456327677,,7405,,1583006428,309067964,"""Zero Band""",[0.8915147185325623],"[0, 0, 0, 0]"
123.475103617,,7406,,1583006428,327179908,"""Zero Band""",[0.9023728966712952],"[0, 0, 0, 0]"
123.493729115,,7407,,1583006428,345042943,"""Zero Band""",[0.8915147185325623],"[0, 0, 0, 0]"
123.498184919,,7408,,1583006428,351794004,"""Zero Band""",[0.8806886672973633],"[0, 0, 0, 0]"
123.504558325,,7409,,1583006428,356245040,"""Zero Band""",[0.8698305487632751],"[0, 0, 0, 0]"
123.510023832,,7410,,1583006428,362951993,"""Zero Band""",[0.8589723706245422],"[0, 0, 0, 0]"
123.514442444,,7411,,1583006428,368081092,"""Zero Band""",[0.8698305487632751],"[0, 0, 0, 0]"
123.530481815,,7412,,1583006428,383012056,"""Zero Band""",[0.8806886672973633],"[0, 0, 0, 0]"
123.537481308,,7413,,1583006428,388909101,"""Zero Band""",[0.8915147185325623],"[0, 0, 0, 0]"
123.544183969,,7414,,1583006428,396940946,"""Zero Band""",[0.9023728966712952],"[0, 0, 0, 0]"
123.549907207,,7415,,1583006428,402921915,"""Zero Band""",[0.9132310748100281],"[0, 0, 0, 0]"
123.556154728,,7416,,1583006428,407957077,"""Zero Band""",[0.924089252948761],"[0, 0, 0, 0]"
123.561848879,,7417,,1583006428,414199113,"""Zero Band""",[0.9349473714828491],"[0, 0, 0, 0]"
123.566841841,,7418,,1583006428,419914960,"""Zero Band""",[0.9457734227180481],"[0, 0, 0, 0]"
123.58029604,,7419,,1583006428,432992935,"""Zero Band""",[0.9349473714828491],"[0, 0, 0, 0]"
123.587263584,,7420,,1583006428,438936948,"""Zero Band""",[0.924089252948761],"[0, 0, 0, 0]"
123.592467785,,7421,,1583006428,445367097,"""Zero Band""",[0.9132310748100281],"[0, 0, 0, 0]"
123.597316027,,7422,,1583006428,450503110,"""Zero Band""",[0.9023728966712952],"[0, 0, 0, 0]"
123.602883101,,7423,,1583006428,455394029,"""Zero Band""",[0.8915147185325623],"[0, 0, 0, 0]"
123.609523058,,7424,,1583006428,462976932,"""Zero Band""",[0.8806886672973633],"[0, 0, 0, 0]"
123.651581287,,7425,,1583006428,503097057,"""Zero Band""",[0.8698305487632751],"[0, 0, 0, 0]"
123.656820536,,7426,,1583006428,509744882,"""Zero Band""",[0.8589723706245422],"[0, 0, 0, 0]"
123.663647175,,7427,,1583006428,514945983,"""Zero Band""",[0.8481141924858093],"[0, 0, 0, 0]"
123.669680357,,7428,,1583006428,521683931,"""Zero Band""",[0.8372560143470764],"[0, 0, 0, 0]"
123.675967932,,7429,,1583006428,527800083,"""Zero Band""",[0.8263978958129883],"[0, 0, 0, 0]"
123.681445122,,7430,,1583006428,533946990,"""Zero Band""",[0.8155718445777893],"[0, 0, 0, 0]"
123.68828249,,7431,,1583006428,539433002,"""Zero Band""",[0.8047136664390564],"[0, 0, 0, 0]"
123.692849636,,7432,,1583006428,546251058,"""Zero Band""",[0.7938554883003235],"[0, 0, 0, 0]"
123.697294474,,7433,,1583006428,550911903,"""Zero Band""",[0.7829973101615906],"[0, 0, 0, 0]"
123.703338623,,7434,,1583006428,555269956,"""Zero Band""",[0.7721391916275024],"[0, 0, 0, 0]"
123.709240437,,7435,,1583006428,561316967,"""Zero Band""",[0.7613131403923035],"[0, 0, 0, 0]"
123.715012312,,7436,,1583006428,567225933,"""Zero Band""",[0.7504549622535706],"[0, 0, 0, 0]"
123.720546961,,7437,,1583006428,573081016,"""Zero Band""",[0.7395967841148376],"[0, 0, 0, 0]"
123.724857092,,7438,,1583006428,578526973,"""Zero Band""",[0.7287386655807495],"[0, 0, 0, 0]"
123.729337454,,7439,,1583006428,582935094,"""Zero Band""",[0.7395967841148376],"[0, 0, 0, 0]"
123.734521151,,7440,,1583006428,587312936,"""Zero Band""",[0.7504549622535706],"[0, 0, 0, 0]"
123.740002632,,7441,,1583006428,592628955,"""Zero Band""",[0.7613131403923035],"[0, 0, 0, 0]"
123.747045517,,7442,,1583006428,598083972,"""Zero Band""",[0.7504549622535706],"[0, 0, 0, 0]"
123.753376484,,7443,,1583006428,605225086,"""Zero Band""",[0.7395967841148376],"[0, 0, 0, 0]"
123.758049488,,7444,,1583006428,611411094,"""Zero Band""",[0.7287386655807495],"[0, 0, 0, 0]"
123.764112234,,7445,,1583006428,616056919,"""Zero Band""",[0.7178804874420166],"[0, 0, 0, 0]"
123.769092798,,7446,,1583006428,622153997,"""Zero Band""",[0.7070544362068176],"[0, 0, 0, 0]"
123.775842667,,7447,,1583006428,626899003,"""Zero Band""",[0.6961962580680847],"[0, 0, 0, 0]"
123.784321785,,7448,,1583006428,634107112,"""Zero Band""",[0.6853380799293518],"[0, 0, 0, 0]"
123.789848566,,7449,,1583006428,642046928,"""Zero Band""",[0.6744799613952637],"[0, 0, 0, 0]"
123.795573473,,7450,,1583006428,647828102,"""Zero Band""",[0.6636217832565308],"[0, 0, 0, 0]"
123.801434755,,7451,,1583006428,653389930,"""Zero Band""",[0.6527636051177979],"[0, 0, 0, 0]"
123.807564497,,7452,,1583006428,659401893,"""Zero Band""",[0.6419375538825989],"[0, 0, 0, 0]"
123.813568592,,7453,,1583006428,665668964,"""Zero Band""",[0.6310794353485107],"[0, 0, 0, 0]"
123.820028305,,7454,,1583006428,671551942,"""Zero Band""",[0.6202212572097778],"[0, 0, 0, 0]"
123.825753689,,7455,,1583006428,678004026,"""Zero Band""",[0.598504900932312],"[0, 0, 0, 0]"
123.833817005,,7456,,1583006428,683897972,"""Zero Band""",[0.587678849697113],"[0, 0, 0, 0]"
123.840425014,,7457,,1583006428,691823005,"""Zero Band""",[0.5768207311630249],"[0, 0, 0, 0]"
123.846235991,,7458,,1583006428,698400974,"""Zero Band""",[0.565962553024292],"[0, 0, 0, 0]"
123.855163097,,7459,,1583006428,704216003,"""Zero Band""",[0.5768207311630249],"[0, 0, 0, 0]"
123.861340284,,7460,,1583006428,713144063,"""Zero Band""",[0.587678849697113],"[0, 0, 0, 0]"
123.866818666,,7461,,1583006428,719321966,"""Zero Band""",[0.598504900932312],"[0, 0, 0, 0]"
123.876421452,,7462,,1583006428,724942922,"""Zero Band""",[0.6093630790710449],"[0, 0, 0, 0]"
123.881420374,,7463,,1583006428,734400033,"""Zero Band""",[0.6202212572097778],"[0, 0, 0, 0]"
123.887538671,,7464,,1583006428,739387989,"""Zero Band""",[0.6310794353485107],"[0, 0, 0, 0]"
123.893526077,,7465,,1583006428,745656967,"""Zero Band""",[0.6419375538825989],"[0, 0, 0, 0]"
123.89931345,,7466,,1583006428,751514911,"""Zero Band""",[0.6527636051177979],"[0, 0, 0, 0]"
123.906148911,,7467,,1583006428,757293939,"""Zero Band""",[0.6419375538825989],"[0, 0, 0, 0]"
123.912875891,,7468,,1583006428,764133930,"""Zero Band""",[0.6527636051177979],"[0, 0, 0, 0]"
123.917832613,,7469,,1583006428,770945072,"""Zero Band""",[0.6636217832565308],"[0, 0, 0, 0]"
123.923338652,,7470,,1583006428,775810956,"""Zero Band""",[0.6744799613952637],"[0, 0, 0, 0]"
123.927848816,,7471,,1583006428,781306028,"""Zero Band""",[0.6853380799293518],"[0, 0, 0, 0]"
123.934874058,,7472,,1583006428,785829067,"""Zero Band""",[0.6961962580680847],"[0, 0, 0, 0]"
123.94129777,,7473,,1583006428,792848110,"""Zero Band""",[0.7070544362068176],"[0, 0, 0, 0]"
123.946574926,,7474,,1583006428,799415111,"""Zero Band""",[0.7178804874420166],"[0, 0, 0, 0]"
123.951224327,,7475,,1583006428,804553985,"""Zero Band""",[0.7287386655807495],"[0, 0, 0, 0]"
123.955929518,,7476,,1583006428,809237003,"""Zero Band""",[0.7395967841148376],"[0, 0, 0, 0]"
123.960447073,,7477,,1583006428,813936948,"""Zero Band""",[0.7504549622535706],"[0, 0, 0, 0]"
123.965518475,,7478,,1583006428,818428993,"""Zero Band""",[0.7613131403923035],"[0, 0, 0, 0]"
123.971624374,,7479,,1583006428,823491096,"""Zero Band""",[0.7721391916275024],"[0, 0, 0, 0]"
123.977194071,,7480,,1583006428,829633951,"""Zero Band""",[0.7829973101615906],"[0, 0, 0, 0]"
123.983114481,,7481,,1583006428,835342884,"""Zero Band""",[0.7721391916275024],"[0, 0, 0, 0]"
123.989809275,,7482,,1583006428,841100931,"""Zero Band""",[0.7613131403923035],"[0, 0, 0, 0]"
123.996399641,,7483,,1583006428,847790956,"""Zero Band""",[0.7504549622535706],"[0, 0, 0, 0]"
124.002037287,,7484,,1583006428,854377985,"""Zero Band""",[0.7395967841148376],"[0, 0, 0, 0]"
124.008368254,,7485,,1583006428,860021114,"""Zero Band""",[0.7178804874420166],"[0, 0, 0, 0]"
124.013432026,,7486,,1583006428,866372108,"""Zero Band""",[0.6961962580680847],"[0, 0, 0, 0]"
124.019497156,,7487,,1583006428,871681928,"""Zero Band""",[0.6853380799293518],"[0, 0, 0, 0]"
124.025599003,,7488,,1583006428,877495050,"""Zero Band""",[0.6527636051177979],"[0, 0, 0, 0]"
124.031353951,,7489,,1583006428,883580923,"""Zero Band""",[0.6310794353485107],"[0, 0, 0, 0]"
124.037043571,,7490,,1583006428,889352083,"""Zero Band""",[0.6093630790710449],"[0, 0, 0, 0]"
124.043599367,,7491,,1583006428,895035028,"""Zero Band""",[0.587678849697113],"[0, 0, 0, 0]"
124.049297333,,7492,,1583006428,901581048,"""Zero Band""",[0.565962553024292],"[0, 0, 0, 0]"
124.055178881,,7493,,1583006428,907273054,"""Zero Band""",[0.533388078212738],"[0, 0, 0, 0]"
124.056279898,,7494,,1583006428,913182973,"""Soft-Hard Sip Deadband""",[0.4899875223636627],"[0, 0, 0, 0]"
124.05715251,,7495,,1583006428,914278984,"""Soft-Hard Sip Deadband""",[0.4683033227920532],"[0, 0, 0, 0]"
124.058000088,,7496,,1583006428,915178060,"""Soft-Hard Sip Deadband""",[0.4357288181781769],"[0, 0, 0, 0]"
124.058887243,,7497,,1583006428,916013956,"""Soft-Hard Sip Deadband""",[0.39232829213142395],"[0, 0, 0, 0]"
124.059724092,,7498,,1583006428,916856050,"""Soft-Hard Sip Deadband""",[0.3597537875175476],"[0, 0, 0, 0]"
124.060584545,,7499,,1583006428,917685985,"""Soft-Hard Sip Deadband""",[0.3272114396095276],"[0, 0, 0, 0]"
124.065493584,,7500,,1583006428,918451070,"""Soft Sip""",[0.2946690618991852],"[0, 0, 1, 0]"
124.071494579,,7501,,1583006428,923610925,"""Soft Sip""",[0.2512364089488983],"[0, 0, 1, 0]"
124.077040195,,7502,,1583006428,929457902,"""Soft Sip""",[0.22955219447612762],"[0, 0, 1, 0]"
124.083223581,,7503,,1583006428,935015916,"""Soft Sip""",[0.18611954152584076],"[0, 0, 1, 0]"
124.08897233,,7504,,1583006428,941232919,"""Soft Sip""",[0.16443534195423126],"[0, 0, 1, 0]"
124.095848083,,7505,,1583006428,946939945,"""Soft Sip""",[0.13186083734035492],"[0, 0, 1, 0]"
124.100888968,,7506,,1583006428,953809022,"""Soft Sip""",[0.0993184745311737],"[0, 0, 1, 0]"
124.106319427,,7507,,1583006428,958873033,"""Soft Sip""",[0.06674397736787796],"[0, 0, 1, 0]"
124.111524105,,7508,,1583006428,964288949,"""Soft Sip""",[0.04505977779626846],"[0, 0, 1, 0]"
124.117656231,,7509,,1583006428,969491958,"""Soft Sip""",[0.023343447595834732],"[0, 0, 1, 0]"
124.11853528,,7510,,1583006428,975632905,"""Zero Band""",[-0.0],"[0, 0, 0, 0]"
124.119569778,,7511,,1583006428,976502895,"""Zero Band""",[-0.0],"[0, 0, 0, 0]"
124.120487452,,7512,,1583006428,977533102,"""Zero Band""",[-0.0],"[0, 0, 0, 0]"
124.121285915,,7513,,1583006428,978476047,"""Zero Band""",[-0.0],"[0, 0, 0, 0]"
124.121430159,,7514,,1583006428,978476047,"""input stopped""",[-0.0],"[0, 0, 0, 0]"
124.388915539,,7515,,1583006429,245907068,"""Zero Band""",[-0.0],"[0, 0, 0, 0]"
124.397897005,,7516,,1583006429,254940986,"""Zero Band""",[-0.0],"[0, 0, 0, 0]"
124.401978493,,7517,,1583006429,258938074,"""Zero Band""",[-0.0],"[0, 0, 0, 0]"
124.404003143,,7518,,1583006429,261034965,"""Zero Band""",[-0.0],"[0, 0, 0, 0]"
124.409906626,,7519,,1583006429,266946077,"""Zero Band""",[-0.0],"[0, 0, 0, 0]"
124.411760807,,7520,,1583006429,268930912,"""Zero Band""",[0.0016592431347817183],"[0, 0, 0, 0]"
124.420371056,,7521,,1583006429,270925998,"""Soft Sip""",[0.012485282495617867],"[0, 0, 1, 0]"
124.426054001,,7522,,1583006429,278443098,"""Soft Sip""",[0.023343447595834732],"[0, 0, 1, 0]"
124.431090355,,7523,,1583006429,284116983,"""Soft Sip""",[0.03420161083340645],"[0, 0, 1, 0]"
124.437151432,,7524,,1583006429,289161920,"""Soft Sip""",[0.04505977779626846],"[0, 0, 1, 0]"
124.44405055,,7525,,1583006429,295228004,"""Soft Sip""",[0.05591794103384018],"[0, 0, 1, 0]"
124.45271492,,7526,,1583006429,302953004,"""Soft Sip""",[0.06674397736787796],"[0, 0, 1, 0]"
124.474970579,,7527,,1583006429,327059030,"""Soft Sip""",[0.05591794103384018],"[0, 0, 1, 0]"
124.488447905,,7528,,1583006429,339131116,"""Soft Sip""",[0.04505977779626846],"[0, 0, 1, 0]"
124.493736029,,7529,,1583006429,346538066,"""Soft Sip""",[0.03420161083340645],"[0, 0, 1, 0]"
124.502238989,,7530,,1583006429,354935884,"""Soft Sip""",[0.023343447595834732],"[0, 0, 1, 0]"
124.522193193,,7531,,1583006429,373318910,"""Soft Sip""",[0.03420161083340645],"[0, 0, 1, 0]"
124.541026592,,7532,,1583006429,393006086,"""Soft Sip""",[0.04505977779626846],"[0, 0, 1, 0]"
124.547436237,,7533,,1583006429,399099111,"""Soft Sip""",[0.03420161083340645],"[0, 0, 1, 0]"
124.553193331,,7534,,1583006429,405509948,"""Soft Sip""",[0.04505977779626846],"[0, 0, 1, 0]"
124.55886507,,7535,,1583006429,411240100,"""Soft Sip""",[0.05591794103384018],"[0, 0, 1, 0]"
124.570762634,,7536,,1583006429,422982931,"""Soft Sip""",[0.06674397736787796],"[0, 0, 1, 0]"
124.57602334,,7537,,1583006429,428813934,"""Soft Sip""",[0.07760214805603027],"[0, 0, 1, 0]"
124.583142042,,7538,,1583006429,434981107,"""Soft Sip""",[0.08846031129360199],"[0, 0, 1, 0]"
124.589576006,,7539,,1583006429,441220998,"""Soft Sip""",[0.0993184745311737],"[0, 0, 1, 0]"
124.594712496,,7540,,1583006429,447786092,"""Soft Sip""",[0.11017663776874542],"[0, 0, 1, 0]"
124.600141764,,7541,,1583006429,452797889,"""Soft Sip""",[0.12103480100631714],"[0, 0, 1, 0]"
124.607512712,,7542,,1583006429,458239078,"""Soft Sip""",[0.13186083734035492],"[0, 0, 1, 0]"
124.612319469,,7543,,1583006429,465569972,"""Soft Sip""",[0.14271900057792664],"[0, 0, 1, 0]"
124.631318808,,7544,,1583006429,483087062,"""Soft Sip""",[0.15357716381549835],"[0, 0, 1, 0]"
124.643856287,,7545,,1583006429,495019912,"""Soft Sip""",[0.16443534195423126],"[0, 0, 1, 0]"
124.656915426,,7546,,1583006429,509001970,"""Soft Sip""",[0.17529350519180298],"[0, 0, 1, 0]"
124.671497107,,7547,,1583006429,523065090,"""Soft Sip""",[0.16443534195423126],"[0, 0, 1, 0]"
124.693696499,,7548,,1583006429,545058012,"""Soft Sip""",[0.17529350519180298],"[0, 0, 1, 0]"
124.712730169,,7549,,1583006429,565110921,"""Soft Sip""",[0.16443534195423126],"[0, 0, 1, 0]"
124.723231316,,7550,,1583006429,575026035,"""Soft Sip""",[0.15357716381549835],"[0, 0, 1, 0]"
124.729337215,,7551,,1583006429,581362009,"""Soft Sip""",[0.14271900057792664],"[0, 0, 1, 0]"
124.737216234,,7552,,1583006429,587450981,"""Soft Sip""",[0.13186083734035492],"[0, 0, 1, 0]"
124.743459702,,7553,,1583006429,595263957,"""Soft Sip""",[0.12103480100631714],"[0, 0, 1, 0]"
124.748745441,,7554,,1583006429,601548910,"""Soft Sip""",[0.11017663776874542],"[0, 0, 1, 0]"
124.792083502,,7555,,1583006429,643047094,"""Soft Sip""",[0.12103480100631714],"[0, 0, 1, 0]"
124.796714306,,7556,,1583006429,650149106,"""Soft Sip""",[0.11017663776874542],"[0, 0, 1, 0]"
124.807547569,,7557,,1583006429,659061908,"""Soft Sip""",[0.0993184745311737],"[0, 0, 1, 0]"
124.816797018,,7558,,1583006429,668939113,"""Soft Sip""",[0.11017663776874542],"[0, 0, 1, 0]"
124.825220346,,7559,,1583006429,676947116,"""Soft Sip""",[0.12103480100631714],"[0, 0, 1, 0]"
124.831634998,,7560,,1583006429,684930086,"""Soft Sip""",[0.13186083734035492],"[0, 0, 1, 0]"
124.836962223,,7561,,1583006429,689721107,"""Soft Sip""",[0.14271900057792664],"[0, 0, 1, 0]"
124.842786312,,7562,,1583006429,695100069,"""Soft Sip""",[0.15357716381549835],"[0, 0, 1, 0]"
124.848474503,,7563,,1583006429,700838088,"""Soft Sip""",[0.16443534195423126],"[0, 0, 1, 0]"
124.855502844,,7564,,1583006429,706592082,"""Soft Sip""",[0.17529350519180298],"[0, 0, 1, 0]"
124.862300158,,7565,,1583006429,713602066,"""Soft Sip""",[0.18611954152584076],"[0, 0, 1, 0]"
124.867547035,,7566,,1583006429,720268964,"""Soft Sip""",[0.19697770476341248],"[0, 0, 1, 0]"
124.873122454,,7567,,1583006429,725610017,"""Soft Sip""",[0.2078358680009842],"[0, 0, 1, 0]"
124.878274679,,7568,,1583006429,731120109,"""Soft Sip""",[0.2186940312385559],"[0, 0, 1, 0]"
124.882997274,,7569,,1583006429,736394882,"""Soft Sip""",[0.22955219447612762],"[0, 0, 1, 0]"
124.888654232,,7570,,1583006429,740982055,"""Soft Sip""",[0.2403782308101654],"[0, 0, 1, 0]"
124.893999815,,7571,,1583006429,746702909,"""Soft Sip""",[0.2512364089488983],"[0, 0, 1, 0]"
124.900266647,,7572,,1583006429,752043962,"""Soft Sip""",[0.2403782308101654],"[0, 0, 1, 0]"
124.908396721,,7573,,1583006429,758368015,"""Soft Sip""",[0.22955219447612762],"[0, 0, 1, 0]"
124.913463354,,7574,,1583006429,766433000,"""Soft Sip""",[0.2186940312385559],"[0, 0, 1, 0]"
124.919183254,,7575,,1583006429,771428108,"""Soft Sip""",[0.2078358680009842],"[0, 0, 1, 0]"
124.924138308,,7576,,1583006429,777151107,"""Soft Sip""",[0.19697770476341248],"[0, 0, 1, 0]"
124.92928648,,7577,,1583006429,782216072,"""Soft Sip""",[0.18611954152584076],"[0, 0, 1, 0]"
124.935640097,,7578,,1583006429,787278890,"""Soft Sip""",[0.17529350519180298],"[0, 0, 1, 0]"
124.941416502,,7579,,1583006429,793623924,"""Soft Sip""",[0.16443534195423126],"[0, 0, 1, 0]"
124.94666028,,7580,,1583006429,799483060,"""Soft Sip""",[0.15357716381549835],"[0, 0, 1, 0]"
124.952107191,,7581,,1583006429,804721117,"""Soft Sip""",[0.14271900057792664],"[0, 0, 1, 0]"
124.956998825,,7582,,1583006429,810064077,"""Soft Sip""",[0.13186083734035492],"[0, 0, 1, 0]"
124.973266125,,7583,,1583006429,825057029,"""Soft Sip""",[0.12103480100631714],"[0, 0, 1, 0]"
124.992385864,,7584,,1583006429,843060016,"""Soft Sip""",[0.13186083734035492],"[0, 0, 1, 0]"
125.005222797,,7585,,1583006429,857029914,"""Soft Sip""",[0.12103480100631714],"[0, 0, 1, 0]"
125.012295961,,7586,,1583006429,863424062,"""Soft Sip""",[0.13186083734035492],"[0, 0, 1, 0]"
125.01772809,,7587,,1583006429,870373964,"""Soft Sip""",[0.12103480100631714],"[0, 0, 1, 0]"
125.024914742,,7588,,1583006429,875694036,"""Soft Sip""",[0.13186083734035492],"[0, 0, 1, 0]"
125.031739712,,7589,,1583006429,882956981,"""Soft Sip""",[0.14271900057792664],"[0, 0, 1, 0]"
125.037941694,,7590,,1583006429,889847993,"""Soft Sip""",[0.15357716381549835],"[0, 0, 1, 0]"
125.043065548,,7591,,1583006429,896007061,"""Soft Sip""",[0.16443534195423126],"[0, 0, 1, 0]"
125.049262762,,7592,,1583006429,901041030,"""Soft Sip""",[0.17529350519180298],"[0, 0, 1, 0]"
125.053873062,,7593,,1583006429,907327890,"""Soft Sip""",[0.18611954152584076],"[0, 0, 1, 0]"
125.059469223,,7594,,1583006429,911847114,"""Soft Sip""",[0.19697770476341248],"[0, 0, 1, 0]"
125.065681934,,7595,,1583006429,917529106,"""Soft Sip""",[0.2078358680009842],"[0, 0, 1, 0]"
125.070836067,,7596,,1583006429,923800945,"""Soft Sip""",[0.2186940312385559],"[0, 0, 1, 0]"
125.075980186,,7597,,1583006429,928824901,"""Soft Sip""",[0.2078358680009842],"[0, 0, 1, 0]"
125.08212781,,7598,,1583006429,933960914,"""Soft Sip""",[0.2186940312385559],"[0, 0, 1, 0]"
125.087857008,,7599,,1583006429,940241098,"""Soft Sip""",[0.2078358680009842],"[0, 0, 1, 0]"
125.093597174,,7600,,1583006429,945935964,"""Soft Sip""",[0.19697770476341248],"[0, 0, 1, 0]"
125.104188442,,7601,,1583006429,956985950,"""Soft Sip""",[0.18611954152584076],"[0, 0, 1, 0]"
125.125756025,,7602,,1583006429,977062940,"""Soft Sip""",[0.17529350519180298],"[0, 0, 1, 0]"
125.153005123,,7603,,1583006430,3108978,"""Soft Sip""",[0.16443534195423126],"[0, 0, 1, 0]"
125.159590244,,7604,,1583006430,11068105,"""Soft Sip""",[0.17529350519180298],"[0, 0, 1, 0]"
125.196443319,,7605,,1583006430,47171115,"""Soft Sip""",[0.18611954152584076],"[0, 0, 1, 0]"
125.203586817,,7606,,1583006430,54918050,"""Soft Sip""",[0.19697770476341248],"[0, 0, 1, 0]"
125.208353758,,7607,,1583006430,61642885,"""Soft Sip""",[0.2078358680009842],"[0, 0, 1, 0]"
125.221855164,,7608,,1583006430,72990894,"""Soft Sip""",[0.2186940312385559],"[0, 0, 1, 0]"
125.273106575,,7609,,1583006430,125009059,"""Soft Sip""",[0.22955219447612762],"[0, 0, 1, 0]"
125.284971237,,7610,,1583006430,137000083,"""Soft Sip""",[0.2403782308101654],"[0, 0, 1, 0]"
125.29132843,,7611,,1583006430,143019914,"""Soft Sip""",[0.2512364089488983],"[0, 0, 1, 0]"
125.295911074,,7612,,1583006430,149403095,"""Soft Sip""",[0.26209455728530884],"[0, 0, 1, 0]"
125.301882505,,7613,,1583006430,153954029,"""Soft Sip""",[0.27295273542404175],"[0, 0, 1, 0]"
125.308681726,,7614,,1583006430,160000085,"""Soft Sip""",[0.28381088376045227],"[0, 0, 1, 0]"
125.31441021,,7615,,1583006430,166697978,"""Soft Sip""",[0.2946690618991852],"[0, 0, 1, 0]"
125.31590414,,7616,,1583006430,172532081,"""Soft-Hard Sip Deadband""",[0.30549511313438416],"[0, 0, 0, 0]"
125.31694293,,7617,,1583006430,173934936,"""Soft-Hard Sip Deadband""",[0.3163532614707947],"[0, 0, 0, 0]"
125.324073553,,7618,,1583006430,181049108,"""Soft-Hard Sip Deadband""",[0.3272114396095276],"[0, 0, 0, 0]"
125.346285343,,7619,,1583006430,203017950,"""Soft-Hard Sip Deadband""",[0.3163532614707947],"[0, 0, 0, 0]"
125.356251717,,7620,,1583006430,213038921,"""Soft-Hard Sip Deadband""",[0.30549511313438416],"[0, 0, 0, 0]"
125.368232012,,7621,,1583006430,221008062,"""Soft Sip""",[0.2946690618991852],"[0, 0, 1, 0]"
125.379266024,,7622,,1583006430,231074094,"""Soft Sip""",[0.28381088376045227],"[0, 0, 1, 0]"
125.386665583,,7623,,1583006430,238960027,"""Soft Sip""",[0.27295273542404175],"[0, 0, 1, 0]"
125.397439718,,7624,,1583006430,248989105,"""Soft Sip""",[0.26209455728530884],"[0, 0, 1, 0]"
125.406805038,,7625,,1583006430,258994102,"""Soft Sip""",[0.2512364089488983],"[0, 0, 1, 0]"
125.422385931,,7626,,1583006430,273046970,"""Soft Sip""",[0.2403782308101654],"[0, 0, 1, 0]"
125.429402828,,7627,,1583006430,280956983,"""Soft Sip""",[0.22955219447612762],"[0, 0, 1, 0]"
125.436697721,,7628,,1583006430,288949012,"""Soft Sip""",[0.2186940312385559],"[0, 0, 1, 0]"
125.443088531,,7629,,1583006430,294795036,"""Soft Sip""",[0.2078358680009842],"[0, 0, 1, 0]"
125.457453251,,7630,,1583006430,309056997,"""Soft Sip""",[0.19697770476341248],"[0, 0, 1, 0]"
125.492992401,,7631,,1583006430,345050096,"""Soft Sip""",[0.2078358680009842],"[0, 0, 1, 0]"
125.511582136,,7632,,1583006430,363102912,"""Soft Sip""",[0.2186940312385559],"[0, 0, 1, 0]"
125.523873091,,7633,,1583006430,374998092,"""Soft Sip""",[0.22955219447612762],"[0, 0, 1, 0]"
125.530796051,,7634,,1583006430,381941080,"""Soft Sip""",[0.2186940312385559],"[0, 0, 1, 0]"
125.535838842,,7635,,1583006430,388890981,"""Soft Sip""",[0.22955219447612762],"[0, 0, 1, 0]"
125.577414751,,7636,,1583006430,429048061,"""Soft Sip""",[0.2186940312385559],"[0, 0, 1, 0]"
125.593095779,,7637,,1583006430,445002079,"""Soft Sip""",[0.2078358680009842],"[0, 0, 1, 0]"
125.598038912,,7638,,1583006430,451162099,"""Soft Sip""",[0.2186940312385559],"[0, 0, 1, 0]"
125.60443449,,7639,,1583006430,456149101,"""Soft Sip""",[0.2078358680009842],"[0, 0, 1, 0]"
125.613543272,,7640,,1583006430,465084075,"""Soft Sip""",[0.19697770476341248],"[0, 0, 1, 0]"
125.647584438,,7641,,1583006430,499177932,"""Soft Sip""",[0.18611954152584076],"[0, 0, 1, 0]"
125.652302742,,7642,,1583006430,505594968,"""Soft Sip""",[0.19697770476341248],"[0, 0, 1, 0]"
125.657181501,,7643,,1583006430,510356903,"""Soft Sip""",[0.18611954152584076],"[0, 0, 1, 0]"
125.683806419,,7644,,1583006430,535023927,"""Soft Sip""",[0.19697770476341248],"[0, 0, 1, 0]"
125.696882486,,7645,,1583006430,548993110,"""Soft Sip""",[0.2078358680009842],"[0, 0, 1, 0]"
125.708745241,,7646,,1583006430,560981988,"""Soft Sip""",[0.2186940312385559],"[0, 0, 1, 0]"
125.740502357,,7647,,1583006430,593055963,"""Soft Sip""",[0.22955219447612762],"[0, 0, 1, 0]"
125.745958328,,7648,,1583006430,598563909,"""Soft Sip""",[0.2186940312385559],"[0, 0, 1, 0]"
125.751111984,,7649,,1583006430,604023933,"""Soft Sip""",[0.22955219447612762],"[0, 0, 1, 0]"
125.762441158,,7650,,1583006430,613056898,"""Soft Sip""",[0.2403782308101654],"[0, 0, 1, 0]"
125.777042389,,7651,,1583006430,629086017,"""Soft Sip""",[0.2512364089488983],"[0, 0, 1, 0]"
125.821738005,,7652,,1583006430,673074007,"""Soft Sip""",[0.26209455728530884],"[0, 0, 1, 0]"
125.826382637,,7653,,1583006430,679795980,"""Soft Sip""",[0.2512364089488983],"[0, 0, 1, 0]"
125.846435547,,7654,,1583006430,697066068,"""Soft Sip""",[0.2403782308101654],"[0, 0, 1, 0]"
125.856769562,,7655,,1583006430,707040071,"""Soft Sip""",[0.22955219447612762],"[0, 0, 1, 0]"
125.868635178,,7656,,1583006430,720951080,"""Soft Sip""",[0.2186940312385559],"[0, 0, 1, 0]"
125.880106926,,7657,,1583006430,732966899,"""Soft Sip""",[0.2078358680009842],"[0, 0, 1, 0]"
125.896236658,,7658,,1583006430,748997926,"""Soft Sip""",[0.19697770476341248],"[0, 0, 1, 0]"
125.91639924,,7659,,1583006430,767071008,"""Soft Sip""",[0.18611954152584076],"[0, 0, 1, 0]"
125.955228329,,7660,,1583006430,807043075,"""Soft Sip""",[0.19697770476341248],"[0, 0, 1, 0]"
125.968523264,,7661,,1583006430,819036006,"""Soft Sip""",[0.2078358680009842],"[0, 0, 1, 0]"
125.97344923,,7662,,1583006430,826580047,"""Soft Sip""",[0.2186940312385559],"[0, 0, 1, 0]"
125.98533392,,7663,,1583006430,835024118,"""Soft Sip""",[0.22955219447612762],"[0, 0, 1, 0]"
125.992208004,,7664,,1583006430,843403100,"""Soft Sip""",[0.2403782308101654],"[0, 0, 1, 0]"
125.998999357,,7665,,1583006430,850935935,"""Soft Sip""",[0.2512364089488983],"[0, 0, 1, 0]"
126.016780376,,7666,,1583006430,867290019,"""Soft Sip""",[0.26209455728530884],"[0, 0, 1, 0]"
126.023204088,,7667,,1583006430,874950885,"""Soft Sip""",[0.2512364089488983],"[0, 0, 1, 0]"
126.028824568,,7668,,1583006430,881320953,"""Soft Sip""",[0.26209455728530884],"[0, 0, 1, 0]"
126.034957886,,7669,,1583006430,887115955,"""Soft Sip""",[0.27295273542404175],"[0, 0, 1, 0]"
126.09582901,,7670,,1583006430,947084903,"""Soft Sip""",[0.28381088376045227],"[0, 0, 1, 0]"
126.119478703,,7671,,1583006430,971013069,"""Soft Sip""",[0.2946690618991852],"[0, 0, 1, 0]"
126.125413656,,7672,,1583006430,977535963,"""Soft Sip""",[0.28381088376045227],"[0, 0, 1, 0]"
126.139470339,,7673,,1583006430,991008043,"""Soft Sip""",[0.27295273542404175],"[0, 0, 1, 0]"
126.147973776,,7674,,1583006431,963926,"""Soft Sip""",[0.26209455728530884],"[0, 0, 1, 0]"
126.164958,,7675,,1583006431,17081022,"""Soft Sip""",[0.2512364089488983],"[0, 0, 1, 0]"
126.18312335,,7676,,1583006431,35038948,"""Soft Sip""",[0.2403782308101654],"[0, 0, 1, 0]"
126.18929863,,7677,,1583006431,41245937,"""Soft Sip""",[0.2512364089488983],"[0, 0, 1, 0]"
126.196364164,,7678,,1583006431,47405004,"""Soft Sip""",[0.2403782308101654],"[0, 0, 1, 0]"
126.204523087,,7679,,1583006431,56957960,"""Soft Sip""",[0.2512364089488983],"[0, 0, 1, 0]"
126.227354288,,7680,,1583006431,78991889,"""Soft Sip""",[0.26209455728530884],"[0, 0, 1, 0]"
126.296316624,,7681,,1583006431,149039030,"""Soft Sip""",[0.27295273542404175],"[0, 0, 1, 0]"
126.316203594,,7682,,1583006431,167073965,"""Soft Sip""",[0.28381088376045227],"[0, 0, 1, 0]"
126.331259012,,7683,,1583006431,183125019,"""Soft Sip""",[0.2946690618991852],"[0, 0, 1, 0]"
126.34259367,,7684,,1583006431,199080944,"""Soft-Hard Sip Deadband""",[0.30549511313438416],"[0, 0, 0, 0]"
126.358318567,,7685,,1583006431,215086936,"""Soft-Hard Sip Deadband""",[0.3163532614707947],"[0, 0, 0, 0]"
126.402493477,,7686,,1583006431,259053945,"""Soft-Hard Sip Deadband""",[0.30549511313438416],"[0, 0, 0, 0]"
126.404020548,,7687,,1583006431,260977029,"""Soft-Hard Sip Deadband""",[0.3163532614707947],"[0, 0, 0, 0]"
126.408066511,,7688,,1583006431,264930009,"""Soft-Hard Sip Deadband""",[0.30549511313438416],"[0, 0, 0, 0]"
126.430490255,,7689,,1583006431,283077955,"""Soft Sip""",[0.2946690618991852],"[0, 0, 1, 0]"
126.47654438,,7690,,1583006431,333077907,"""Soft-Hard Sip Deadband""",[0.30549511313438416],"[0, 0, 0, 0]"
126.488209248,,7691,,1583006431,345011949,"""Soft-Hard Sip Deadband""",[0.3163532614707947],"[0, 0, 0, 0]"
126.520418882,,7692,,1583006431,377057075,"""Soft-Hard Sip Deadband""",[0.30549511313438416],"[0, 0, 0, 0]"
126.533920288,,7693,,1583006431,384983062,"""Soft Sip""",[0.2946690618991852],"[0, 0, 1, 0]"
126.542665243,,7694,,1583006431,394984960,"""Soft Sip""",[0.28381088376045227],"[0, 0, 1, 0]"
126.550660372,,7695,,1583006431,402966976,"""Soft Sip""",[0.27295273542404175],"[0, 0, 1, 0]"
126.560212851,,7696,,1583006431,412974119,"""Soft Sip""",[0.26209455728530884],"[0, 0, 1, 0]"
126.573351145,,7697,,1583006431,423038005,"""Soft Sip""",[0.2512364089488983],"[0, 0, 1, 0]"
126.585010767,,7698,,1583006431,437001943,"""Soft Sip""",[0.2403782308101654],"[0, 0, 1, 0]"
126.599010468,,7699,,1583006431,451252937,"""Soft Sip""",[0.22955219447612762],"[0, 0, 1, 0]"
126.611319065,,7700,,1583006431,463210105,"""Soft Sip""",[0.2186940312385559],"[0, 0, 1, 0]"
126.620291471,,7701,,1583006431,472991943,"""Soft Sip""",[0.2078358680009842],"[0, 0, 1, 0]"
126.629915953,,7702,,1583006431,480978965,"""Soft Sip""",[0.19697770476341248],"[0, 0, 1, 0]"
126.636020184,,7703,,1583006431,487966060,"""Soft Sip""",[0.18611954152584076],"[0, 0, 1, 0]"
126.644129276,,7704,,1583006431,494002103,"""Soft Sip""",[0.17529350519180298],"[0, 0, 1, 0]"
126.649150848,,7705,,1583006431,502181053,"""Soft Sip""",[0.16443534195423126],"[0, 0, 1, 0]"
126.654480934,,7706,,1583006431,507164955,"""Soft Sip""",[0.15357716381549835],"[0, 0, 1, 0]"
126.66133213,,7707,,1583006431,512531995,"""Soft Sip""",[0.14271900057792664],"[0, 0, 1, 0]"
126.665971041,,7708,,1583006431,519398927,"""Soft Sip""",[0.13186083734035492],"[0, 0, 1, 0]"
126.672348738,,7709,,1583006431,524044036,"""Soft Sip""",[0.12103480100631714],"[0, 0, 1, 0]"
126.677302361,,7710,,1583006431,530333042,"""Soft Sip""",[0.11017663776874542],"[0, 0, 1, 0]"
126.682669401,,7711,,1583006431,535383939,"""Soft Sip""",[0.0993184745311737],"[0, 0, 1, 0]"
126.690786123,,7712,,1583006431,540751934,"""Soft Sip""",[0.08846031129360199],"[0, 0, 1, 0]"
126.696533203,,7713,,1583006431,548743963,"""Soft Sip""",[0.07760214805603027],"[0, 0, 1, 0]"
126.701231241,,7714,,1583006431,554511070,"""Soft Sip""",[0.06674397736787796],"[0, 0, 1, 0]"
126.707355738,,7715,,1583006431,559293031,"""Soft Sip""",[0.05591794103384018],"[0, 0, 1, 0]"
126.712060452,,7716,,1583006431,565399885,"""Soft Sip""",[0.04505977779626846],"[0, 0, 1, 0]"
126.71828866,,7717,,1583006431,570024013,"""Soft Sip""",[0.03420161083340645],"[0, 0, 1, 0]"
126.743804693,,7718,,1583006431,595172882,"""Soft Sip""",[0.04505977779626846],"[0, 0, 1, 0]"
126.756331444,,7719,,1583006431,607023000,"""Soft Sip""",[0.05591794103384018],"[0, 0, 1, 0]"
126.788573265,,7720,,1583006431,639031887,"""Soft Sip""",[0.04505977779626846],"[0, 0, 1, 0]"
126.80179286,,7721,,1583006431,652986049,"""Soft Sip""",[0.03420161083340645],"[0, 0, 1, 0]"
126.808053017,,7722,,1583006431,659917116,"""Soft Sip""",[0.023343447595834732],"[0, 0, 1, 0]"
126.814330101,,7723,,1583006431,666946887,"""Soft Sip""",[0.012485282495617867],"[0, 0, 1, 0]"
126.81633091,,7724,,1583006431,673008918,"""Zero Band""",[0.0016592431347817183],"[0, 0, 0, 0]"
126.82408762,,7725,,1583006431,681003093,"""Zero Band""",[-0.0],"[0, 0, 0, 0]"
126.832203865,,7726,,1583006431,689034938,"""Zero Band""",[-0.0],"[0, 0, 0, 0]"
126.836030245,,7727,,1583006431,692981004,"""Zero Band""",[-0.0],"[0, 0, 0, 0]"
126.850423574,,7728,,1583006431,707118988,"""Zero Band""",[-0.0],"[0, 0, 0, 0]"
126.886375189,,7729,,1583006431,743021011,"""Zero Band""",[-0.0],"[0, 0, 0, 0]"
126.902258158,,7730,,1583006431,759066104,"""Zero Band""",[-0.0],"[0, 0, 0, 0]"
126.904031515,,7731,,1583006431,760982990,"""Zero Band""",[-0.0],"[0, 0, 0, 0]"
126.90811491,,7732,,1583006431,764976024,"""Zero Band""",[-0.0],"[0, 0, 0, 0]"
126.91381073,,7733,,1583006431,770951032,"""Zero Band""",[-0.0],"[0, 0, 0, 0]"
126.920202494,,7734,,1583006431,776992082,"""Zero Band""",[0.0016592431347817183],"[0, 0, 0, 0]"
126.930693865,,7735,,1583006431,783041000,"""Soft Sip""",[0.012485282495617867],"[0, 0, 1, 0]"
126.935228109,,7736,,1583006431,788757085,"""Soft Sip""",[0.023343447595834732],"[0, 0, 1, 0]"
126.940504313,,7737,,1583006431,793330907,"""Soft Sip""",[0.03420161083340645],"[0, 0, 1, 0]"
126.946999311,,7738,,1583006431,798506021,"""Soft Sip""",[0.04505977779626846],"[0, 0, 1, 0]"
126.953469992,,7739,,1583006431,805046081,"""Soft Sip""",[0.05591794103384018],"[0, 0, 1, 0]"
126.960257769,,7740,,1583006431,811572074,"""Soft Sip""",[0.06674397736787796],"[0, 0, 1, 0]"
126.966540337,,7741,,1583006431,818361997,"""Soft Sip""",[0.07760214805603027],"[0, 0, 1, 0]"
126.972126245,,7742,,1583006431,824624061,"""Soft Sip""",[0.08846031129360199],"[0, 0, 1, 0]"
126.977041721,,7743,,1583006431,830112934,"""Soft Sip""",[0.0993184745311737],"[0, 0, 1, 0]"
126.982291698,,7744,,1583006431,835011959,"""Soft Sip""",[0.11017663776874542],"[0, 0, 1, 0]"
126.989679575,,7745,,1583006431,840435028,"""Soft Sip""",[0.12103480100631714],"[0, 0, 1, 0]"
126.995673656,,7746,,1583006431,847795009,"""Soft Sip""",[0.11017663776874542],"[0, 0, 1, 0]"
127.004466534,,7747,,1583006431,857007980,"""Soft Sip""",[0.0993184745311737],"[0, 0, 1, 0]"
127.01611948,,7748,,1583006431,869007110,"""Soft Sip""",[0.08846031129360199],"[0, 0, 1, 0]"
127.0643332,,7749,,1583006431,895133972,"""Soft Sip""",[0.07760214805603027],"[0, 0, 1, 0]"
127.06996727,,7750,,1583006431,922200918,"""Soft Sip""",[0.06674397736787796],"[0, 0, 1, 0]"
127.086921453,,7751,,1583006431,939059019,"""Soft Sip""",[0.05591794103384018],"[0, 0, 1, 0]"
127.09842515,,7752,,1583006431,949003934,"""Soft Sip""",[0.04505977779626846],"[0, 0, 1, 0]"
127.103796721,,7753,,1583006431,956494092,"""Soft Sip""",[0.05591794103384018],"[0, 0, 1, 0]"
127.108449697,,7754,,1583006431,961859941,"""Soft Sip""",[0.04505977779626846],"[0, 0, 1, 0]"
127.114120245,,7755,,1583006431,966504096,"""Soft Sip""",[0.05591794103384018],"[0, 0, 1, 0]"
127.120090961,,7756,,1583006431,972158908,"""Soft Sip""",[0.04505977779626846],"[0, 0, 1, 0]"
127.126748562,,7757,,1583006431,978163957,"""Soft Sip""",[0.05591794103384018],"[0, 0, 1, 0]"
127.175250769,,7758,,1583006432,27009010,"""Soft Sip""",[0.06674397736787796],"[0, 0, 1, 0]"
127.180544376,,7759,,1583006432,33379077,"""Soft Sip""",[0.07760214805603027],"[0, 0, 1, 0]"
127.187969446,,7760,,1583006432,38626909,"""Soft Sip""",[0.08846031129360199],"[0, 0, 1, 0]"
127.19623518,,7761,,1583006432,46977043,"""Soft Sip""",[0.0993184745311737],"[0, 0, 1, 0]"
127.205729485,,7762,,1583006432,56960105,"""Soft Sip""",[0.11017663776874542],"[0, 0, 1, 0]"
127.232346535,,7763,,1583006432,83220958,"""Soft Sip""",[0.0993184745311737],"[0, 0, 1, 0]"
127.248553753,,7764,,1583006432,99025964,"""Soft Sip""",[0.11017663776874542],"[0, 0, 1, 0]"
127.253944874,,7765,,1583006432,106621980,"""Soft Sip""",[0.0993184745311737],"[0, 0, 1, 0]"
127.259963036,,7766,,1583006432,112080097,"""Soft Sip""",[0.11017663776874542],"[0, 0, 1, 0]"
127.281066895,,7767,,1583006432,133117914,"""Soft Sip""",[0.12103480100631714],"[0, 0, 1, 0]"
127.314216614,,7768,,1583006432,167087078,"""Soft Sip""",[0.11017663776874542],"[0, 0, 1, 0]"
127.328721285,,7769,,1583006432,181060075,"""Soft Sip""",[0.0993184745311737],"[0, 0, 1, 0]"
127.336277246,,7770,,1583006432,188936948,"""Soft Sip""",[0.08846031129360199],"[0, 0, 1, 0]"
127.342558861,,7771,,1583006432,194958925,"""Soft Sip""",[0.07760214805603027],"[0, 0, 1, 0]"
127.358807325,,7772,,1583006432,209074974,"""Soft Sip""",[0.06674397736787796],"[0, 0, 1, 0]"
127.374839783,,7773,,1583006432,227106094,"""Soft Sip""",[0.05591794103384018],"[0, 0, 1, 0]"
127.441204309,,7774,,1583006432,293030023,"""Soft Sip""",[0.06674397736787796],"[0, 0, 1, 0]"
127.446155787,,7775,,1583006432,299297094,"""Soft Sip""",[0.07760214805603027],"[0, 0, 1, 0]"
127.452622175,,7776,,1583006432,304920911,"""Soft Sip""",[0.08846031129360199],"[0, 0, 1, 0]"
127.46085906,,7777,,1583006432,312985897,"""Soft Sip""",[0.0993184745311737],"[0, 0, 1, 0]"
127.46925807,,7778,,1583006432,320944070,"""Soft Sip""",[0.11017663776874542],"[0, 0, 1, 0]"
127.47646904,,7779,,1583006432,327275037,"""Soft Sip""",[0.12103480100631714],"[0, 0, 1, 0]"
127.482323647,,7780,,1583006432,334546089,"""Soft Sip""",[0.13186083734035492],"[0, 0, 1, 0]"
127.488557577,,7781,,1583006432,340389013,"""Soft Sip""",[0.14271900057792664],"[0, 0, 1, 0]"
127.495662451,,7782,,1583006432,346607923,"""Soft Sip""",[0.15357716381549835],"[0, 0, 1, 0]"
127.500663042,,7783,,1583006432,353550910,"""Soft Sip""",[0.16443534195423126],"[0, 0, 1, 0]"
127.507524729,,7784,,1583006432,358752012,"""Soft Sip""",[0.17529350519180298],"[0, 0, 1, 0]"
127.51262784,,7785,,1583006432,365643978,"""Soft Sip""",[0.18611954152584076],"[0, 0, 1, 0]"
127.517711878,,7786,,1583006432,370673894,"""Soft Sip""",[0.19697770476341248],"[0, 0, 1, 0]"
127.52295661,,7787,,1583006432,375761032,"""Soft Sip""",[0.18611954152584076],"[0, 0, 1, 0]"
127.527344942,,7788,,1583006432,380980014,"""Soft Sip""",[0.19697770476341248],"[0, 0, 1, 0]"
127.531938314,,7789,,1583006432,385411024,"""Soft Sip""",[0.18611954152584076],"[0, 0, 1, 0]"
127.554881811,,7790,,1583006432,407044887,"""Soft Sip""",[0.17529350519180298],"[0, 0, 1, 0]"
127.578387022,,7791,,1583006432,431082963,"""Zero Band""",[0.16443534195423126],"[0, 0, 0, 0]"
127.592066526,,7792,,1583006432,443031072,"""Zero Band""",[0.15357716381549835],"[0, 0, 0, 0]"
127.60830307,,7793,,1583006432,457015037,"""Zero Band""",[0.14271900057792664],"[0, 0, 0, 0]"
127.613821268,,7794,,1583006432,466423034,"""Zero Band""",[0.13186083734035492],"[0, 0, 0, 0]"
127.619928837,,7795,,1583006432,471921920,"""Zero Band""",[0.12103480100631714],"[0, 0, 0, 0]"
127.626265049,,7796,,1583006432,478071928,"""Zero Band""",[0.11017663776874542],"[0, 0, 0, 0]"
127.631583452,,7797,,1583006432,484364986,"""Zero Band""",[0.0993184745311737],"[0, 0, 0, 0]"
127.642370462,,7798,,1583006432,493042945,"""Zero Band""",[0.08846031129360199],"[0, 0, 0, 0]"
127.652343512,,7799,,1583006432,504997968,"""Zero Band""",[0.07760214805603027],"[0, 0, 0, 0]"
127.662554741,,7800,,1583006432,514990091,"""Zero Band""",[0.08846031129360199],"[0, 0, 0, 0]"
127.669258356,,7801,,1583006432,520627975,"""Zero Band""",[0.07760214805603027],"[0, 0, 0, 0]"
127.674738407,,7802,,1583006432,527333021,"""Zero Band""",[0.08846031129360199],"[0, 0, 0, 0]"
127.681951761,,7803,,1583006432,534948110,"""Zero Band""",[0.0993184745311737],"[0, 0, 0, 0]"
127.695906878,,7804,,1583006432,547053098,"""Zero Band""",[0.11017663776874542],"[0, 0, 0, 0]"
127.705634356,,7805,,1583006432,556962966,"""Zero Band""",[0.12103480100631714],"[0, 0, 0, 0]"
127.72750473,,7806,,1583006432,579049110,"""Zero Band""",[0.13186083734035492],"[0, 0, 0, 0]"
127.733813763,,7807,,1583006432,586973905,"""Zero Band""",[0.14271900057792664],"[0, 0, 0, 0]"
127.762975216,,7808,,1583006432,615068912,"""Zero Band""",[0.13186083734035492],"[0, 0, 0, 0]"
127.773705006,,7809,,1583006432,624984025,"""Zero Band""",[0.12103480100631714],"[0, 0, 0, 0]"
127.78102541,,7810,,1583006432,632965087,"""Zero Band""",[0.11017663776874542],"[0, 0, 0, 0]"
127.78792429,,7811,,1583006432,639125108,"""Zero Band""",[0.0993184745311737],"[0, 0, 0, 0]"
127.793431282,,7812,,1583006432,645988941,"""Zero Band""",[0.08846031129360199],"[0, 0, 0, 0]"
127.800046921,,7813,,1583006432,651473045,"""Zero Band""",[0.07760214805603027],"[0, 0, 0, 0]"
127.805481911,,7814,,1583006432,658145904,"""Zero Band""",[0.06674397736787796],"[0, 0, 0, 0]"
127.810399294,,7815,,1583006432,663551092,"""Zero Band""",[0.05591794103384018],"[0, 0, 0, 0]"
127.815563917,,7816,,1583006432,668472051,"""Zero Band""",[0.04505977779626846],"[0, 0, 0, 0]"
127.8218472,,7817,,1583006432,673630952,"""Zero Band""",[0.03420161083340645],"[0, 0, 0, 0]"
127.827353001,,7818,,1583006432,679825067,"""Zero Band""",[0.023343447595834732],"[0, 0, 0, 0]"
127.832208872,,7819,,1583006432,685403108,"""Zero Band""",[0.012485282495617867],"[0, 0, 0, 0]"
127.833062172,,7820,,1583006432,690310955,"""Zero Band""",[0.0016592431347817183],"[0, 0, 0, 0]"
127.833789587,,7821,,1583006432,691036939,"""Zero Band""",[-0.0],"[0, 0, 0, 0]"
127.834531307,,7822,,1583006432,691807985,"""Zero Band""",[-0.0],"[0, 0, 0, 0]"
127.83531332,,7823,,1583006432,692512035,"""Zero Band""",[-0.0],"[0, 0, 0, 0]"
127.836050272,,7824,,1583006432,693269014,"""Zero Band""",[-0.0],"[0, 0, 0, 0]"
127.836917162,,7825,,1583006432,694091081,"""Zero Band""",[-0.0],"[0, 0, 0, 0]"
127.845031023,,7826,,1583006432,701982021,"""Zero Band""",[-0.0],"[0, 0, 0, 0]"
127.845157146,,7827,,1583006432,701982021,"""input stopped""",[-0.0],"[0, 0, 0, 0]"
128.377225876,,7828,,1583006433,234016895,"""Zero Band""",[-0.0],"[0, 0, 0, 0]"
128.385484219,,7829,,1583006433,236938953,"""Zero Band""",[0.012485282495617867],"[0, 0, 0, 0]"
128.39019084,,7830,,1583006433,243571996,"""Zero Band""",[0.04505977779626846],"[0, 0, 0, 0]"
128.395660162,,7831,,1583006433,248204946,"""Zero Band""",[0.11017663776874542],"[0, 0, 0, 0]"
128.402953863,,7832,,1583006433,253796100,"""Zero Band""",[0.15357716381549835],"[0, 0, 0, 0]"
128.407564402,,7833,,1583006433,260943889,"""Zero Band""",[0.2078358680009842],"[0, 0, 0, 0]"
128.414268017,,7834,,1583006433,265561103,"""Zero Band""",[0.28381088376045227],"[0, 0, 0, 0]"
128.415247202,,7835,,1583006433,272255897,"""Soft-Hard Sip Deadband""",[0.348927766084671],"[0, 0, 0, 0]"
128.416477919,,7836,,1583006433,273439884,"""Soft-Hard Sip Deadband""",[0.4140446186065674],"[0, 0, 0, 0]"
128.422808647,,7837,,1583006433,274293899,"""Hard Sip""",[0.5117038488388062],"[0, 0, 0, 1]"
128.428303957,,7838,,1583006433,280796051,"""Hard Sip""",[0.587678849697113],"[0, 0, 0, 1]"
128.433287144,,7839,,1583006433,286011934,"""Zero Band""",[0.6744799613952637],"[0, 0, 0, 0]"
128.439809084,,7840,,1583006433,291269063,"""Zero Band""",[0.7721391916275024],"[0, 0, 0, 0]"
128.446317911,,7841,,1583006433,297457933,"""Zero Band""",[0.8698305487632751],"[0, 0, 0, 0]"
128.452043772,,7842,,1583006433,304292917,"""Zero Band""",[0.956631600856781],"[0, 0, 0, 0]"
128.459737062,,7843,,1583006433,310026884,"""Zero Band""",[1.0],"[0, 0, 0, 0]"
128.723696709,,7844,,1583006433,575189113,"""Zero Band""",[0.9132310748100281],"[0, 0, 0, 0]"
128.730763435,,7845,,1583006433,581768989,"""Zero Band""",[0.8372560143470764],"[0, 0, 0, 0]"
128.736479521,,7846,,1583006433,588531017,"""Zero Band""",[0.7613131403923035],"[0, 0, 0, 0]"
128.742783546,,7847,,1583006433,594613075,"""Zero Band""",[0.6636217832565308],"[0, 0, 0, 0]"
128.748177528,,7848,,1583006433,600768089,"""Zero Band""",[0.598504900932312],"[0, 0, 0, 0]"
128.753483295,,7849,,1583006433,606172084,"""Zero Band""",[0.5117038488388062],"[0, 0, 0, 0]"
128.754256248,,7850,,1583006433,611350059,"""Soft-Hard Sip Deadband""",[0.4465869963169098],"[0, 0, 0, 0]"
128.755027533,,7851,,1583006433,612248897,"""Soft-Hard Sip Deadband""",[0.39232829213142395],"[0, 0, 0, 0]"
128.755980015,,7852,,1583006433,613142013,"""Soft-Hard Sip Deadband""",[0.3272114396095276],"[0, 0, 0, 0]"
128.761809111,,7853,,1583006433,613955974,"""Soft Sip""",[0.27295273542404175],"[0, 0, 1, 0]"
128.76824379,,7854,,1583006433,619801998,"""Soft Sip""",[0.2186940312385559],"[0, 0, 1, 0]"
128.774731874,,7855,,1583006433,626234054,"""Soft Sip""",[0.16443534195423126],"[0, 0, 1, 0]"
128.779563665,,7856,,1583006433,632718086,"""Soft Sip""",[0.13186083734035492],"[0, 0, 1, 0]"
128.786164284,,7857,,1583006433,637551069,"""Soft Sip""",[0.08846031129360199],"[0, 0, 1, 0]"
128.792376518,,7858,,1583006433,644057989,"""Soft Sip""",[0.05591794103384018],"[0, 0, 1, 0]"
128.797030926,,7859,,1583006433,650223016,"""Soft Sip""",[0.012485282495617867],"[0, 0, 1, 0]"
128.797926903,,7860,,1583006433,655097007,"""Zero Band""",[-0.0],"[0, 0, 0, 0]"
128.798752308,,7861,,1583006433,656007051,"""Zero Band""",[-0.0],"[0, 0, 0, 0]"
128.799511909,,7862,,1583006433,656734943,"""Zero Band""",[-0.0],"[0, 0, 0, 0]"
128.800194263,,7863,,1583006433,657489061,"""Zero Band""",[-0.0],"[0, 0, 0, 0]"
128.800249815,,7864,,1583006433,657489061,"""input stopped""",[-0.0],"[0, 0, 0, 0]"
129.584994793,,7865,,1583006434,441971063,"""Zero Band""",[-0.0],"[0, 0, 0, 0]"
129.598249435,,7866,,1583006434,455039978,"""Zero Band""",[-0.0],"[0, 0, 0, 0]"
129.601845264,,7867,,1583006434,458966016,"""Zero Band""",[-0.0],"[0, 0, 0, 0]"
129.609909058,,7868,,1583006434,466958045,"""Zero Band""",[-0.0],"[0, 0, 0, 0]"
129.620038748,,7869,,1583006434,476978063,"""Zero Band""",[-0.0],"[0, 0, 0, 0]"
129.634019375,,7870,,1583006434,491014957,"""Zero Band""",[0.0016592431347817183],"[0, 0, 0, 0]"
129.649243593,,7871,,1583006434,501063108,"""Soft Sip""",[0.012485282495617867],"[0, 0, 1, 0]"
129.658664227,,7872,,1583006434,510972976,"""Soft Sip""",[0.023343447595834732],"[0, 0, 1, 0]"
129.673882961,,7873,,1583006434,525068044,"""Soft Sip""",[0.03420161083340645],"[0, 0, 1, 0]"
129.680068731,,7874,,1583006434,531955957,"""Soft Sip""",[0.04505977779626846],"[0, 0, 1, 0]"
129.685879707,,7875,,1583006434,538235902,"""Soft Sip""",[0.05591794103384018],"[0, 0, 1, 0]"
129.692247868,,7876,,1583006434,543919086,"""Soft Sip""",[0.06674397736787796],"[0, 0, 1, 0]"
129.698390007,,7877,,1583006434,550307989,"""Soft Sip""",[0.08846031129360199],"[0, 0, 1, 0]"
129.702930927,,7878,,1583006434,556437015,"""Soft Sip""",[0.0993184745311737],"[0, 0, 1, 0]"
129.708973885,,7879,,1583006434,560992002,"""Soft Sip""",[0.11017663776874542],"[0, 0, 1, 0]"
129.715348482,,7880,,1583006434,567080020,"""Soft Sip""",[0.12103480100631714],"[0, 0, 1, 0]"
129.720168114,,7881,,1583006434,573421001,"""Soft Sip""",[0.13186083734035492],"[0, 0, 1, 0]"
129.72622323,,7882,,1583006434,578243017,"""Soft Sip""",[0.14271900057792664],"[0, 0, 1, 0]"
129.73243022,,7883,,1583006434,584279060,"""Soft Sip""",[0.15357716381549835],"[0, 0, 1, 0]"
129.737745523,,7884,,1583006434,590468883,"""Soft Sip""",[0.16443534195423126],"[0, 0, 1, 0]"
129.743825197,,7885,,1583006434,595801115,"""Soft Sip""",[0.17529350519180298],"[0, 0, 1, 0]"
129.748967171,,7886,,1583006434,601881027,"""Soft Sip""",[0.18611954152584076],"[0, 0, 1, 0]"
129.753419161,,7887,,1583006434,606951951,"""Soft Sip""",[0.19697770476341248],"[0, 0, 1, 0]"
129.75870657,,7888,,1583006434,611460924,"""Soft Sip""",[0.2078358680009842],"[0, 0, 1, 0]"
129.763587952,,7889,,1583006434,616842985,"""Soft Sip""",[0.2186940312385559],"[0, 0, 1, 0]"
129.768059254,,7890,,1583006434,621575117,"""Soft Sip""",[0.22955219447612762],"[0, 0, 1, 0]"
129.77420187,,7891,,1583006434,626106977,"""Soft Sip""",[0.2403782308101654],"[0, 0, 1, 0]"
129.779917002,,7892,,1583006434,632170915,"""Soft Sip""",[0.2512364089488983],"[0, 0, 1, 0]"
129.785276651,,7893,,1583006434,638015031,"""Soft Sip""",[0.26209455728530884],"[0, 0, 1, 0]"
129.791158915,,7894,,1583006434,643353939,"""Soft Sip""",[0.27295273542404175],"[0, 0, 1, 0]"
129.797802448,,7895,,1583006434,649023056,"""Soft Sip""",[0.28381088376045227],"[0, 0, 1, 0]"
129.803631067,,7896,,1583006434,655911922,"""Soft Sip""",[0.2946690618991852],"[0, 0, 1, 0]"
129.80443716,,7897,,1583006434,661602973,"""Soft-Hard Sip Deadband""",[0.30549511313438416],"[0, 0, 0, 0]"
129.805270433,,7898,,1583006434,662504911,"""Soft-Hard Sip Deadband""",[0.3163532614707947],"[0, 0, 0, 0]"
129.806097507,,7899,,1583006434,663331985,"""Soft-Hard Sip Deadband""",[0.3272114396095276],"[0, 0, 0, 0]"
129.808170319,,7900,,1583006434,665046930,"""Soft-Hard Sip Deadband""",[0.3380695879459381],"[0, 0, 0, 0]"
129.824457645,,7901,,1583006434,681013107,"""Soft-Hard Sip Deadband""",[0.348927766084671],"[0, 0, 0, 0]"
129.826475859,,7902,,1583006434,682996034,"""Soft-Hard Sip Deadband""",[0.3380695879459381],"[0, 0, 0, 0]"
129.844342947,,7903,,1583006434,701073884,"""Soft-Hard Sip Deadband""",[0.3272114396095276],"[0, 0, 0, 0]"
129.852159023,,7904,,1583006434,709043025,"""Soft-Hard Sip Deadband""",[0.3163532614707947],"[0, 0, 0, 0]"
129.86039567,,7905,,1583006434,717116117,"""Soft-Hard Sip Deadband""",[0.30549511313438416],"[0, 0, 0, 0]"
129.871171474,,7906,,1583006434,723001956,"""Soft Sip""",[0.2946690618991852],"[0, 0, 1, 0]"
129.877659559,,7907,,1583006434,729260921,"""Soft Sip""",[0.28381088376045227],"[0, 0, 1, 0]"
129.883201361,,7908,,1583006434,735735893,"""Soft Sip""",[0.27295273542404175],"[0, 0, 1, 0]"
129.889701843,,7909,,1583006434,741338014,"""Soft Sip""",[0.26209455728530884],"[0, 0, 1, 0]"
129.896072626,,7910,,1583006434,747728109,"""Soft Sip""",[0.2512364089488983],"[0, 0, 1, 0]"
129.902683258,,7911,,1583006434,754117965,"""Soft Sip""",[0.22955219447612762],"[0, 0, 1, 0]"
129.908793926,,7912,,1583006434,760807037,"""Soft Sip""",[0.2186940312385559],"[0, 0, 1, 0]"
129.915249825,,7913,,1583006434,766843080,"""Soft Sip""",[0.2078358680009842],"[0, 0, 1, 0]"
129.920587778,,7914,,1583006434,773343086,"""Soft Sip""",[0.19697770476341248],"[0, 0, 1, 0]"
129.926011086,,7915,,1583006434,778645992,"""Soft Sip""",[0.18611954152584076],"[0, 0, 1, 0]"
129.933234692,,7916,,1583006434,784085035,"""Soft Sip""",[0.17529350519180298],"[0, 0, 1, 0]"
129.939033985,,7917,,1583006434,791313886,"""Soft Sip""",[0.16443534195423126],"[0, 0, 1, 0]"
129.943849325,,7918,,1583006434,797089099,"""Soft Sip""",[0.15357716381549835],"[0, 0, 1, 0]"
129.951216221,,7919,,1583006434,801919937,"""Soft Sip""",[0.14271900057792664],"[0, 0, 1, 0]"
129.956238985,,7920,,1583006434,809385061,"""Soft Sip""",[0.13186083734035492],"[0, 0, 1, 0]"
129.985668421,,7921,,1583006434,837038040,"""Soft Sip""",[0.14271900057792664],"[0, 0, 1, 0]"
129.991869211,,7922,,1583006434,844954013,"""Soft Sip""",[0.15357716381549835],"[0, 0, 1, 0]"
129.997881174,,7923,,1583006434,849905967,"""Soft Sip""",[0.16443534195423126],"[0, 0, 1, 0]"
130.0043962,,7924,,1583006434,855979919,"""Soft Sip""",[0.17529350519180298],"[0, 0, 1, 0]"
130.00952816,,7925,,1583006434,862437009,"""Soft Sip""",[0.18611954152584076],"[0, 0, 1, 0]"
130.01549077,,7926,,1583006434,867557048,"""Soft Sip""",[0.19697770476341248],"[0, 0, 1, 0]"
130.020038366,,7927,,1583006434,873543977,"""Soft Sip""",[0.2078358680009842],"[0, 0, 1, 0]"
130.025767088,,7928,,1583006434,878020048,"""Soft Sip""",[0.2186940312385559],"[0, 0, 1, 0]"
130.03360796,,7929,,1583006434,883745908,"""Soft Sip""",[0.22955219447612762],"[0, 0, 1, 0]"
130.038917303,,7930,,1583006434,891691923,"""Soft Sip""",[0.2403782308101654],"[0, 0, 1, 0]"
130.045431614,,7931,,1583006434,896898984,"""Soft Sip""",[0.2512364089488983],"[0, 0, 1, 0]"
130.050677299,,7932,,1583006434,903563976,"""Soft Sip""",[0.26209455728530884],"[0, 0, 1, 0]"
130.055398941,,7933,,1583006434,908658027,"""Soft Sip""",[0.27295273542404175],"[0, 0, 1, 0]"
130.061855555,,7934,,1583006434,913414001,"""Soft Sip""",[0.28381088376045227],"[0, 0, 1, 0]"
130.068025827,,7935,,1583006434,919872045,"""Soft Sip""",[0.2946690618991852],"[0, 0, 1, 0]"
130.068982601,,7936,,1583006434,926026105,"""Soft-Hard Sip Deadband""",[0.30549511313438416],"[0, 0, 0, 0]"
130.070044994,,7937,,1583006434,927056074,"""Soft-Hard Sip Deadband""",[0.3163532614707947],"[0, 0, 0, 0]"
130.071122646,,7938,,1583006434,928148984,"""Soft-Hard Sip Deadband""",[0.3272114396095276],"[0, 0, 0, 0]"
130.072169304,,7939,,1583006434,929116010,"""Soft-Hard Sip Deadband""",[0.3163532614707947],"[0, 0, 0, 0]"
130.073958158,,7940,,1583006434,930962085,"""Soft-Hard Sip Deadband""",[0.30549511313438416],"[0, 0, 0, 0]"
130.083295107,,7941,,1583006434,935041904,"""Soft Sip""",[0.2946690618991852],"[0, 0, 1, 0]"
130.090034723,,7942,,1583006434,941346883,"""Soft Sip""",[0.28381088376045227],"[0, 0, 1, 0]"
130.096506834,,7943,,1583006434,948102951,"""Soft Sip""",[0.27295273542404175],"[0, 0, 1, 0]"
130.102718592,,7944,,1583006434,954602956,"""Soft Sip""",[0.26209455728530884],"[0, 0, 1, 0]"
130.109477758,,7945,,1583006434,960774898,"""Soft Sip""",[0.2512364089488983],"[0, 0, 1, 0]"
130.116261959,,7946,,1583006434,967525959,"""Soft Sip""",[0.2403782308101654],"[0, 0, 1, 0]"
130.122604847,,7947,,1583006434,974365949,"""Soft Sip""",[0.22955219447612762],"[0, 0, 1, 0]"
130.128550529,,7948,,1583006434,980585098,"""Soft Sip""",[0.2186940312385559],"[0, 0, 1, 0]"
130.133292913,,7949,,1583006434,986522912,"""Soft Sip""",[0.2078358680009842],"[0, 0, 1, 0]"
130.138599396,,7950,,1583006434,991362094,"""Soft Sip""",[0.19697770476341248],"[0, 0, 1, 0]"
130.144432783,,7951,,1583006434,996717929,"""Soft Sip""",[0.18611954152584076],"[0, 0, 1, 0]"
130.150002956,,7952,,1583006435,2408981,"""Soft Sip""",[0.17529350519180298],"[0, 0, 1, 0]"
130.15598464,,7953,,1583006435,7977008,"""Soft Sip""",[0.16443534195423126],"[0, 0, 1, 0]"
130.162332535,,7954,,1583006435,13910055,"""Soft Sip""",[0.15357716381549835],"[0, 0, 1, 0]"
130.168382406,,7955,,1583006435,20306110,"""Soft Sip""",[0.14271900057792664],"[0, 0, 1, 0]"
130.17300868,,7956,,1583006435,26362895,"""Soft Sip""",[0.13186083734035492],"[0, 0, 1, 0]"
130.179242611,,7957,,1583006435,31079053,"""Soft Sip""",[0.12103480100631714],"[0, 0, 1, 0]"
130.184415579,,7958,,1583006435,37365913,"""Soft Sip""",[0.11017663776874542],"[0, 0, 1, 0]"
130.190122843,,7959,,1583006435,42292118,"""Soft Sip""",[0.0993184745311737],"[0, 0, 1, 0]"
130.195981264,,7960,,1583006435,48084974,"""Soft Sip""",[0.08846031129360199],"[0, 0, 1, 0]"
130.200353146,,7961,,1583006435,53953886,"""Soft Sip""",[0.07760214805603027],"[0, 0, 1, 0]"
130.205189943,,7962,,1583006435,58357000,"""Soft Sip""",[0.06674397736787796],"[0, 0, 1, 0]"
130.21095562,,7963,,1583006435,63169956,"""Soft Sip""",[0.05591794103384018],"[0, 0, 1, 0]"
130.216763973,,7964,,1583006435,69032907,"""Soft Sip""",[0.04505977779626846],"[0, 0, 1, 0]"
130.223501205,,7965,,1583006435,74821949,"""Soft Sip""",[0.05591794103384018],"[0, 0, 1, 0]"
130.231297493,,7966,,1583006435,81520080,"""Soft Sip""",[0.06674397736787796],"[0, 0, 1, 0]"
130.23828125,,7967,,1583006435,89371919,"""Soft Sip""",[0.07760214805603027],"[0, 0, 1, 0]"
130.244469881,,7968,,1583006435,96386909,"""Soft Sip""",[0.08846031129360199],"[0, 0, 1, 0]"
130.250485897,,7969,,1583006435,102180004,"""Soft Sip""",[0.0993184745311737],"[0, 0, 1, 0]"
130.257718801,,7970,,1583006435,108542919,"""Soft Sip""",[0.11017663776874542],"[0, 0, 1, 0]"
130.262585163,,7971,,1583006435,115808963,"""Soft Sip""",[0.12103480100631714],"[0, 0, 1, 0]"
130.267193317,,7972,,1583006435,120594024,"""Soft Sip""",[0.13186083734035492],"[0, 0, 1, 0]"
130.274023056,,7973,,1583006435,125173091,"""Soft Sip""",[0.14271900057792664],"[0, 0, 1, 0]"
130.278541803,,7974,,1583006435,132009983,"""Soft Sip""",[0.15357716381549835],"[0, 0, 1, 0]"
130.284161568,,7975,,1583006435,136641979,"""Soft Sip""",[0.16443534195423126],"[0, 0, 1, 0]"
130.289957762,,7976,,1583006435,142133951,"""Soft Sip""",[0.17529350519180298],"[0, 0, 1, 0]"
130.295371294,,7977,,1583006435,148049116,"""Soft Sip""",[0.18611954152584076],"[0, 0, 1, 0]"
130.300170183,,7978,,1583006435,153361082,"""Soft Sip""",[0.19697770476341248],"[0, 0, 1, 0]"
130.305945396,,7979,,1583006435,158179998,"""Soft Sip""",[0.2078358680009842],"[0, 0, 1, 0]"
130.334932089,,7980,,1583006435,187078952,"""Soft Sip""",[0.2186940312385559],"[0, 0, 1, 0]"
130.348807812,,7981,,1583006435,199074983,"""Soft Sip""",[0.22955219447612762],"[0, 0, 1, 0]"
130.354741812,,7982,,1583006435,206978082,"""Soft Sip""",[0.2403782308101654],"[0, 0, 1, 0]"
130.366977215,,7983,,1583006435,219054937,"""Soft Sip""",[0.2512364089488983],"[0, 0, 1, 0]"
130.392612219,,7984,,1583006435,245027065,"""Soft Sip""",[0.2403782308101654],"[0, 0, 1, 0]"
130.419775963,,7985,,1583006435,271099090,"""Soft Sip""",[0.2512364089488983],"[0, 0, 1, 0]"
130.424959421,,7986,,1583006435,277854919,"""Soft Sip""",[0.2403782308101654],"[0, 0, 1, 0]"
130.437160492,,7987,,1583006435,289120912,"""Soft Sip""",[0.2512364089488983],"[0, 0, 1, 0]"
130.453304052,,7988,,1583006435,305047035,"""Soft Sip""",[0.26209455728530884],"[0, 0, 1, 0]"
130.466994762,,7989,,1583006435,316988945,"""Soft Sip""",[0.27295273542404175],"[0, 0, 1, 0]"
130.502692461,,7990,,1583006435,355027914,"""Soft Sip""",[0.26209455728530884],"[0, 0, 1, 0]"
130.521279097,,7991,,1583006435,373183965,"""Soft Sip""",[0.2512364089488983],"[0, 0, 1, 0]"
130.538303852,,7992,,1583006435,389094114,"""Soft Sip""",[0.2403782308101654],"[0, 0, 1, 0]"
130.567518711,,7993,,1583006435,419061899,"""Soft Sip""",[0.22955219447612762],"[0, 0, 1, 0]"
130.575179577,,7994,,1583006435,425590991,"""Soft Sip""",[0.2403782308101654],"[0, 0, 1, 0]"
130.592934132,,7995,,1583006435,445075035,"""Soft Sip""",[0.2512364089488983],"[0, 0, 1, 0]"
130.627744198,,7996,,1583006435,479142904,"""Soft Sip""",[0.2403782308101654],"[0, 0, 1, 0]"
130.633481264,,7997,,1583006435,485804080,"""Soft Sip""",[0.2512364089488983],"[0, 0, 1, 0]"
130.639635086,,7998,,1583006435,491543054,"""Soft Sip""",[0.2403782308101654],"[0, 0, 1, 0]"
130.726415873,,7999,,1583006435,579106092,"""Soft Sip""",[0.2512364089488983],"[0, 0, 1, 0]"
130.745102406,,8000,,1583006435,597062110,"""Soft Sip""",[0.26209455728530884],"[0, 0, 1, 0]"
130.763672829,,8001,,1583006435,615226984,"""Soft Sip""",[0.27295273542404175],"[0, 0, 1, 0]"
130.768501759,,8002,,1583006435,621718883,"""Soft Sip""",[0.26209455728530884],"[0, 0, 1, 0]"
130.776878357,,8003,,1583006435,626565933,"""Soft Sip""",[0.27295273542404175],"[0, 0, 1, 0]"
130.794819355,,8004,,1583006435,645128965,"""Soft Sip""",[0.28381088376045227],"[0, 0, 1, 0]"
130.80965662,,8005,,1583006435,660981893,"""Soft Sip""",[0.2946690618991852],"[0, 0, 1, 0]"
130.814185858,,8006,,1583006435,670974016,"""Soft-Hard Sip Deadband""",[0.30549511313438416],"[0, 0, 0, 0]"
130.828139305,,8007,,1583006435,685060024,"""Soft-Hard Sip Deadband""",[0.3163532614707947],"[0, 0, 0, 0]"
130.840268373,,8008,,1583006435,697055101,"""Soft-Hard Sip Deadband""",[0.3272114396095276],"[0, 0, 0, 0]"
130.892287254,,8009,,1583006435,749054908,"""Soft-Hard Sip Deadband""",[0.3163532614707947],"[0, 0, 0, 0]"
130.895819902,,8010,,1583006435,752947092,"""Soft-Hard Sip Deadband""",[0.3272114396095276],"[0, 0, 0, 0]"
130.948375225,,8011,,1583006435,805047988,"""Soft-Hard Sip Deadband""",[0.3380695879459381],"[0, 0, 0, 0]"
130.956320286,,8012,,1583006435,813051939,"""Soft-Hard Sip Deadband""",[0.3272114396095276],"[0, 0, 0, 0]"
130.964159966,,8013,,1583006435,821057081,"""Soft-Hard Sip Deadband""",[0.3380695879459381],"[0, 0, 0, 0]"
130.965815306,,8014,,1583006435,822928905,"""Soft-Hard Sip Deadband""",[0.3272114396095276],"[0, 0, 0, 0]"
130.973960876,,8015,,1583006435,831037998,"""Soft-Hard Sip Deadband""",[0.3380695879459381],"[0, 0, 0, 0]"
130.977887392,,8016,,1583006435,835005998,"""Soft-Hard Sip Deadband""",[0.3272114396095276],"[0, 0, 0, 0]"
130.981983662,,8017,,1583006435,838970899,"""Soft-Hard Sip Deadband""",[0.3380695879459381],"[0, 0, 0, 0]"
130.983891487,,8018,,1583006435,840991973,"""Soft-Hard Sip Deadband""",[0.3272114396095276],"[0, 0, 0, 0]"
131.00418067,,8019,,1583006435,861021041,"""Soft-Hard Sip Deadband""",[0.3163532614707947],"[0, 0, 0, 0]"
131.020284891,,8020,,1583006435,877055883,"""Soft-Hard Sip Deadband""",[0.30549511313438416],"[0, 0, 0, 0]"
131.042103529,,8021,,1583006435,892981052,"""Soft Sip""",[0.2946690618991852],"[0, 0, 1, 0]"
131.061884165,,8022,,1583006435,913072109,"""Soft Sip""",[0.28381088376045227],"[0, 0, 1, 0]"
131.067598104,,8023,,1583006435,919981002,"""Soft Sip""",[0.2946690618991852],"[0, 0, 1, 0]"
131.073882818,,8024,,1583006435,925673961,"""Soft Sip""",[0.28381088376045227],"[0, 0, 1, 0]"
131.126462221,,8025,,1583006435,977056980,"""Soft Sip""",[0.27295273542404175],"[0, 0, 1, 0]"
131.1417346,,8026,,1583006435,993134975,"""Soft Sip""",[0.26209455728530884],"[0, 0, 1, 0]"
131.148112774,,8027,,1583006435,999813079,"""Soft Sip""",[0.2512364089488983],"[0, 0, 1, 0]"
131.154580355,,8028,,1583006436,6943941,"""Soft Sip""",[0.2403782308101654],"[0, 0, 1, 0]"
131.166724682,,8029,,1583006436,18971920,"""Soft Sip""",[0.22955219447612762],"[0, 0, 1, 0]"
131.173105955,,8030,,1583006436,24856090,"""Soft Sip""",[0.2186940312385559],"[0, 0, 1, 0]"
131.178040981,,8031,,1583006436,31105041,"""Soft Sip""",[0.2078358680009842],"[0, 0, 1, 0]"
131.186728001,,8032,,1583006436,38980007,"""Soft Sip""",[0.19697770476341248],"[0, 0, 1, 0]"
131.191637754,,8033,,1583006436,44976949,"""Soft Sip""",[0.18611954152584076],"[0, 0, 1, 0]"
131.198074341,,8034,,1583006436,49679040,"""Soft Sip""",[0.17529350519180298],"[0, 0, 1, 0]"
131.204517126,,8035,,1583006436,56140899,"""Soft Sip""",[0.16443534195423126],"[0, 0, 1, 0]"
131.210156202,,8036,,1583006436,62558889,"""Soft Sip""",[0.15357716381549835],"[0, 0, 1, 0]"
131.231637955,,8037,,1583006436,83276033,"""Soft Sip""",[0.16443534195423126],"[0, 0, 1, 0]"
131.238774776,,8038,,1583006436,90960979,"""Soft Sip""",[0.17529350519180298],"[0, 0, 1, 0]"
131.24480772,,8039,,1583006436,96967935,"""Soft Sip""",[0.18611954152584076],"[0, 0, 1, 0]"
131.250267506,,8040,,1583006436,102910041,"""Soft Sip""",[0.19697770476341248],"[0, 0, 1, 0]"
131.25480938,,8041,,1583006436,108305931,"""Soft Sip""",[0.2078358680009842],"[0, 0, 1, 0]"
131.259489059,,8042,,1583006436,112848043,"""Soft Sip""",[0.2186940312385559],"[0, 0, 1, 0]"
131.265599489,,8043,,1583006436,117515087,"""Soft Sip""",[0.22955219447612762],"[0, 0, 1, 0]"
131.271784306,,8044,,1583006436,123691082,"""Soft Sip""",[0.2403782308101654],"[0, 0, 1, 0]"
131.27907896,,8045,,1583006436,129899978,"""Soft Sip""",[0.2512364089488983],"[0, 0, 1, 0]"
131.286948442,,8046,,1583006436,136733055,"""Soft Sip""",[0.26209455728530884],"[0, 0, 1, 0]"
131.294338226,,8047,,1583006436,145040988,"""Soft Sip""",[0.27295273542404175],"[0, 0, 1, 0]"
131.302496672,,8048,,1583006436,152456998,"""Soft Sip""",[0.28381088376045227],"[0, 0, 1, 0]"
131.308130503,,8049,,1583006436,160478115,"""Soft Sip""",[0.2946690618991852],"[0, 0, 1, 0]"
131.309114218,,8050,,1583006436,166107892,"""Soft-Hard Sip Deadband""",[0.30549511313438416],"[0, 0, 0, 0]"
131.309974432,,8051,,1583006436,167078018,"""Soft-Hard Sip Deadband""",[0.3163532614707947],"[0, 0, 0, 0]"
131.310942173,,8052,,1583006436,168034076,"""Soft-Hard Sip Deadband""",[0.3272114396095276],"[0, 0, 0, 0]"
131.330199242,,8053,,1583006436,187064886,"""Soft-Hard Sip Deadband""",[0.3380695879459381],"[0, 0, 0, 0]"
131.370151758,,8054,,1583006436,227040052,"""Soft-Hard Sip Deadband""",[0.3272114396095276],"[0, 0, 0, 0]"
131.378337622,,8055,,1583006436,235102891,"""Soft-Hard Sip Deadband""",[0.3163532614707947],"[0, 0, 0, 0]"
131.38198781,,8056,,1583006436,239036083,"""Soft-Hard Sip Deadband""",[0.30549511313438416],"[0, 0, 0, 0]"
131.393536806,,8057,,1583006436,245018959,"""Soft Sip""",[0.2946690618991852],"[0, 0, 1, 0]"
131.398545265,,8058,,1583006436,251641035,"""Soft Sip""",[0.28381088376045227],"[0, 0, 1, 0]"
131.403940916,,8059,,1583006436,256612062,"""Soft Sip""",[0.27295273542404175],"[0, 0, 1, 0]"
131.40987277,,8060,,1583006436,262006998,"""Soft Sip""",[0.26209455728530884],"[0, 0, 1, 0]"
131.41629982,,8061,,1583006436,267903089,"""Soft Sip""",[0.2512364089488983],"[0, 0, 1, 0]"
131.422350168,,8062,,1583006436,274341106,"""Soft Sip""",[0.2403782308101654],"[0, 0, 1, 0]"
131.429958344,,8063,,1583006436,280324935,"""Soft Sip""",[0.22955219447612762],"[0, 0, 1, 0]"
131.435925961,,8064,,1583006436,288067102,"""Soft Sip""",[0.2186940312385559],"[0, 0, 1, 0]"
131.441943169,,8065,,1583006436,293920040,"""Soft Sip""",[0.2078358680009842],"[0, 0, 1, 0]"
131.447956324,,8066,,1583006436,300020933,"""Soft Sip""",[0.19697770476341248],"[0, 0, 1, 0]"
131.453277826,,8067,,1583006436,305979013,"""Soft Sip""",[0.18611954152584076],"[0, 0, 1, 0]"
131.460481167,,8068,,1583006436,311387062,"""Soft Sip""",[0.17529350519180298],"[0, 0, 1, 0]"
131.465927362,,8069,,1583006436,318588972,"""Soft Sip""",[0.18611954152584076],"[0, 0, 1, 0]"
131.487679243,,8070,,1583006436,339003086,"""Soft Sip""",[0.19697770476341248],"[0, 0, 1, 0]"
131.51678896,,8071,,1583006436,369105100,"""Soft Sip""",[0.2078358680009842],"[0, 0, 1, 0]"
131.527994394,,8072,,1583006436,379040002,"""Soft Sip""",[0.2186940312385559],"[0, 0, 1, 0]"
131.538367271,,8073,,1583006436,390986919,"""Soft Sip""",[0.22955219447612762],"[0, 0, 1, 0]"
131.547136307,,8074,,1583006436,399108886,"""Soft Sip""",[0.2403782308101654],"[0, 0, 1, 0]"
131.554353952,,8075,,1583006436,405209064,"""Soft Sip""",[0.2512364089488983],"[0, 0, 1, 0]"
131.566966534,,8076,,1583006436,419018030,"""Soft Sip""",[0.26209455728530884],"[0, 0, 1, 0]"
131.586192846,,8077,,1583006436,437102079,"""Soft Sip""",[0.27295273542404175],"[0, 0, 1, 0]"
131.617490292,,8078,,1583006436,469140052,"""Soft Sip""",[0.26209455728530884],"[0, 0, 1, 0]"
131.629744053,,8079,,1583006436,481012105,"""Soft Sip""",[0.2512364089488983],"[0, 0, 1, 0]"
131.636899233,,8080,,1583006436,488946914,"""Soft Sip""",[0.2403782308101654],"[0, 0, 1, 0]"
131.656885624,,8081,,1583006436,509022951,"""Soft Sip""",[0.2512364089488983],"[0, 0, 1, 0]"
131.670514107,,8082,,1583006436,523087024,"""Soft Sip""",[0.26209455728530884],"[0, 0, 1, 0]"
131.67921257,,8083,,1583006436,530957937,"""Soft Sip""",[0.27295273542404175],"[0, 0, 1, 0]"
131.686583757,,8084,,1583006436,537408113,"""Soft Sip""",[0.28381088376045227],"[0, 0, 1, 0]"
131.691527843,,8085,,1583006436,544583082,"""Soft Sip""",[0.2946690618991852],"[0, 0, 1, 0]"
131.692437649,,8086,,1583006436,549604892,"""Soft-Hard Sip Deadband""",[0.30549511313438416],"[0, 0, 0, 0]"
131.698200941,,8087,,1583006436,555061101,"""Soft-Hard Sip Deadband""",[0.3163532614707947],"[0, 0, 0, 0]"
131.701952934,,8088,,1583006436,558986902,"""Soft-Hard Sip Deadband""",[0.3272114396095276],"[0, 0, 0, 0]"
131.710236073,,8089,,1583006436,567049980,"""Soft-Hard Sip Deadband""",[0.3380695879459381],"[0, 0, 0, 0]"
131.718075514,,8090,,1583006436,575000047,"""Soft-Hard Sip Deadband""",[0.348927766084671],"[0, 0, 0, 0]"
131.726101398,,8091,,1583006436,583065986,"""Soft-Hard Sip Deadband""",[0.3597537875175476],"[0, 0, 0, 0]"
131.73412919,,8092,,1583006436,591011047,"""Soft-Hard Sip Deadband""",[0.3706119656562805],"[0, 0, 0, 0]"
131.744064331,,8093,,1583006436,600999116,"""Soft-Hard Sip Deadband""",[0.38147011399269104],"[0, 0, 0, 0]"
131.788229704,,8094,,1583006436,645070075,"""Soft-Hard Sip Deadband""",[0.3706119656562805],"[0, 0, 0, 0]"
131.806107759,,8095,,1583006436,663055896,"""Soft-Hard Sip Deadband""",[0.3597537875175476],"[0, 0, 0, 0]"
131.83028841,,8096,,1583006436,687084913,"""Soft-Hard Sip Deadband""",[0.348927766084671],"[0, 0, 0, 0]"
131.858584881,,8097,,1583006436,715070962,"""Soft-Hard Sip Deadband""",[0.3380695879459381],"[0, 0, 0, 0]"
131.956272602,,8098,,1583006436,813039064,"""Soft-Hard Sip Deadband""",[0.348927766084671],"[0, 0, 0, 0]"
131.968057871,,8099,,1583006436,824994087,"""Soft-Hard Sip Deadband""",[0.3597537875175476],"[0, 0, 0, 0]"
131.984254599,,8100,,1583006436,841051101,"""Soft-Hard Sip Deadband""",[0.3706119656562805],"[0, 0, 0, 0]"
132.02001071,,8101,,1583006436,877002000,"""Soft-Hard Sip Deadband""",[0.3597537875175476],"[0, 0, 0, 0]"
132.038189173,,8102,,1583006436,895073890,"""Soft-Hard Sip Deadband""",[0.348927766084671],"[0, 0, 0, 0]"
132.060563326,,8103,,1583006436,917141914,"""Soft-Hard Sip Deadband""",[0.3380695879459381],"[0, 0, 0, 0]"
132.072180986,,8104,,1583006436,929033041,"""Soft-Hard Sip Deadband""",[0.3272114396095276],"[0, 0, 0, 0]"
132.080221176,,8105,,1583006436,937009096,"""Soft-Hard Sip Deadband""",[0.3163532614707947],"[0, 0, 0, 0]"
132.088196516,,8106,,1583006436,945055961,"""Soft-Hard Sip Deadband""",[0.30549511313438416],"[0, 0, 0, 0]"
132.098747253,,8107,,1583006436,951025009,"""Soft Sip""",[0.2946690618991852],"[0, 0, 1, 0]"
132.104017258,,8108,,1583006436,956837892,"""Soft Sip""",[0.28381088376045227],"[0, 0, 1, 0]"
132.109985113,,8109,,1583006436,962104082,"""Soft Sip""",[0.27295273542404175],"[0, 0, 1, 0]"
132.115274668,,8110,,1583006436,968065977,"""Soft Sip""",[0.26209455728530884],"[0, 0, 1, 0]"
132.119930983,,8111,,1583006436,973376035,"""Soft Sip""",[0.2512364089488983],"[0, 0, 1, 0]"
132.124879122,,8112,,1583006436,978004932,"""Soft Sip""",[0.2403782308101654],"[0, 0, 1, 0]"
132.130990267,,8113,,1583006436,982856988,"""Soft Sip""",[0.22955219447612762],"[0, 0, 1, 0]"
132.135558605,,8114,,1583006436,989022016,"""Soft Sip""",[0.2186940312385559],"[0, 0, 1, 0]"
132.142453909,,8115,,1583006436,993603944,"""Soft Sip""",[0.2078358680009842],"[0, 0, 1, 0]"
132.148655891,,8116,,1583006437,540971,"""Soft Sip""",[0.19697770476341248],"[0, 0, 1, 0]"
132.15332365,,8117,,1583006437,6633996,"""Soft Sip""",[0.18611954152584076],"[0, 0, 1, 0]"
132.15922761,,8118,,1583006437,11305093,"""Soft Sip""",[0.17529350519180298],"[0, 0, 1, 0]"
132.164628506,,8119,,1583006437,17222881,"""Soft Sip""",[0.16443534195423126],"[0, 0, 1, 0]"
132.170432329,,8120,,1583006437,22610902,"""Soft Sip""",[0.15357716381549835],"[0, 0, 1, 0]"
132.17559576,,8121,,1583006437,28497934,"""Soft Sip""",[0.14271900057792664],"[0, 0, 1, 0]"
132.181754351,,8122,,1583006437,33682107,"""Soft Sip""",[0.15357716381549835],"[0, 0, 1, 0]"
132.186696053,,8123,,1583006437,39844036,"""Soft Sip""",[0.16443534195423126],"[0, 0, 1, 0]"
132.194951057,,8124,,1583006437,47003984,"""Soft Sip""",[0.17529350519180298],"[0, 0, 1, 0]"
132.204171658,,8125,,1583006437,57017087,"""Soft Sip""",[0.18611954152584076],"[0, 0, 1, 0]"
132.215138912,,8126,,1583006437,67003011,"""Soft Sip""",[0.19697770476341248],"[0, 0, 1, 0]"
132.257898092,,8127,,1583006437,109060049,"""Soft Sip""",[0.2078358680009842],"[0, 0, 1, 0]"
132.269684076,,8128,,1583006437,121043920,"""Soft Sip""",[0.2186940312385559],"[0, 0, 1, 0]"
132.302747965,,8129,,1583006437,155060052,"""Soft Sip""",[0.2078358680009842],"[0, 0, 1, 0]"
132.315531015,,8130,,1583006437,166951894,"""Soft Sip""",[0.19697770476341248],"[0, 0, 1, 0]"
132.327857256,,8131,,1583006437,179124116,"""Soft Sip""",[0.18611954152584076],"[0, 0, 1, 0]"
132.346615314,,8132,,1583006437,199079036,"""Soft Sip""",[0.17529350519180298],"[0, 0, 1, 0]"
132.367054939,,8133,,1583006437,219077110,"""Soft Sip""",[0.18611954152584076],"[0, 0, 1, 0]"
132.373821974,,8134,,1583006437,225168943,"""Soft Sip""",[0.17529350519180298],"[0, 0, 1, 0]"
132.378789425,,8135,,1583006437,231921911,"""Soft Sip""",[0.18611954152584076],"[0, 0, 1, 0]"
132.406642437,,8136,,1583006437,257049083,"""Soft Sip""",[0.19697770476341248],"[0, 0, 1, 0]"
132.413906336,,8137,,1583006437,264704942,"""Soft Sip""",[0.18611954152584076],"[0, 0, 1, 0]"
132.422021627,,8138,,1583006437,271980047,"""Soft Sip""",[0.19697770476341248],"[0, 0, 1, 0]"
132.428085566,,8139,,1583006437,280087947,"""Soft Sip""",[0.18611954152584076],"[0, 0, 1, 0]"
132.43388176,,8140,,1583006437,286109924,"""Soft Sip""",[0.19697770476341248],"[0, 0, 1, 0]"
132.438429117,,8141,,1583006437,291958093,"""Soft Sip""",[0.18611954152584076],"[0, 0, 1, 0]"
132.445569277,,8142,,1583006437,296490907,"""Soft Sip""",[0.19697770476341248],"[0, 0, 1, 0]"
132.452209234,,8143,,1583006437,303550004,"""Soft Sip""",[0.18611954152584076],"[0, 0, 1, 0]"
132.458137035,,8144,,1583006437,310973882,"""Soft Sip""",[0.19697770476341248],"[0, 0, 1, 0]"
132.477058172,,8145,,1583006437,327056884,"""Soft Sip""",[0.2078358680009842],"[0, 0, 1, 0]"
132.491440535,,8146,,1583006437,343023061,"""Soft Sip""",[0.2186940312385559],"[0, 0, 1, 0]"
132.553207159,,8147,,1583006437,405105113,"""Soft Sip""",[0.22955219447612762],"[0, 0, 1, 0]"
132.559717894,,8148,,1583006437,411197900,"""Soft Sip""",[0.2186940312385559],"[0, 0, 1, 0]"
132.566462755,,8149,,1583006437,417829990,"""Soft Sip""",[0.22955219447612762],"[0, 0, 1, 0]"
132.5726583,,8150,,1583006437,424527883,"""Soft Sip""",[0.2186940312385559],"[0, 0, 1, 0]"
132.59566021,,8151,,1583006437,447057962,"""Soft Sip""",[0.22955219447612762],"[0, 0, 1, 0]"
132.600248098,,8152,,1583006437,453668117,"""Soft Sip""",[0.2186940312385559],"[0, 0, 1, 0]"
132.607792377,,8153,,1583006437,458317995,"""Soft Sip""",[0.22955219447612762],"[0, 0, 1, 0]"
132.628137112,,8154,,1583006437,479052066,"""Soft Sip""",[0.2403782308101654],"[0, 0, 1, 0]"
132.644192934,,8155,,1583006437,495016098,"""Soft Sip""",[0.2512364089488983],"[0, 0, 1, 0]"
132.659620762,,8156,,1583006437,509004116,"""Soft Sip""",[0.26209455728530884],"[0, 0, 1, 0]"
132.670828819,,8157,,1583006437,523017883,"""Soft Sip""",[0.27295273542404175],"[0, 0, 1, 0]"
132.697848082,,8158,,1583006437,549047946,"""Soft Sip""",[0.28381088376045227],"[0, 0, 1, 0]"
132.708621025,,8159,,1583006437,560976028,"""Soft Sip""",[0.2946690618991852],"[0, 0, 1, 0]"
132.718011379,,8160,,1583006437,575033903,"""Soft-Hard Sip Deadband""",[0.30549511313438416],"[0, 0, 0, 0]"
132.787574768,,8161,,1583006437,639138936,"""Soft Sip""",[0.2946690618991852],"[0, 0, 1, 0]"
132.788681507,,8162,,1583006437,645647048,"""Soft-Hard Sip Deadband""",[0.30549511313438416],"[0, 0, 0, 0]"
132.795311213,,8163,,1583006437,646790981,"""Soft Sip""",[0.2946690618991852],"[0, 0, 1, 0]"
132.796334028,,8164,,1583006437,653379917,"""Soft-Hard Sip Deadband""",[0.30549511313438416],"[0, 0, 0, 0]"
132.803504467,,8165,,1583006437,654937982,"""Soft Sip""",[0.2946690618991852],"[0, 0, 1, 0]"
132.804549932,,8166,,1583006437,661581993,"""Soft-Hard Sip Deadband""",[0.30549511313438416],"[0, 0, 0, 0]"
132.820593119,,8167,,1583006437,671087980,"""Soft Sip""",[0.2946690618991852],"[0, 0, 1, 0]"
132.821752787,,8168,,1583006437,678699970,"""Soft-Hard Sip Deadband""",[0.30549511313438416],"[0, 0, 0, 0]"
132.828378439,,8169,,1583006437,679838895,"""Soft Sip""",[0.2946690618991852],"[0, 0, 1, 0]"
132.82930088,,8170,,1583006437,686451911,"""Soft-Hard Sip Deadband""",[0.30549511313438416],"[0, 0, 0, 0]"
132.834470034,,8171,,1583006437,687361955,"""Soft Sip""",[0.2946690618991852],"[0, 0, 1, 0]"
132.835362196,,8172,,1583006437,692542076,"""Soft-Hard Sip Deadband""",[0.30549511313438416],"[0, 0, 0, 0]"
132.859660149,,8173,,1583006437,711108922,"""Soft Sip""",[0.2946690618991852],"[0, 0, 1, 0]"
132.86084795,,8174,,1583006437,717770099,"""Soft-Hard Sip Deadband""",[0.30549511313438416],"[0, 0, 0, 0]"
132.866527796,,8175,,1583006437,719012975,"""Soft Sip""",[0.2946690618991852],"[0, 0, 1, 0]"
132.867394686,,8176,,1583006437,724533081,"""Soft-Hard Sip Deadband""",[0.30549511313438416],"[0, 0, 0, 0]"
132.873076677,,8177,,1583006437,725446939,"""Soft Sip""",[0.2946690618991852],"[0, 0, 1, 0]"
132.874133825,,8178,,1583006437,731156110,"""Soft-Hard Sip Deadband""",[0.30549511313438416],"[0, 0, 0, 0]"
132.882740736,,8179,,1583006437,732151031,"""Soft Sip""",[0.2946690618991852],"[0, 0, 1, 0]"
132.883928061,,8180,,1583006437,740833997,"""Soft-Hard Sip Deadband""",[0.30549511313438416],"[0, 0, 0, 0]"
132.889396429,,8181,,1583006437,741905927,"""Soft Sip""",[0.2946690618991852],"[0, 0, 1, 0]"
132.890234232,,8182,,1583006437,747483015,"""Soft-Hard Sip Deadband""",[0.30549511313438416],"[0, 0, 0, 0]"
132.910858631,,8183,,1583006437,767162084,"""Soft-Hard Sip Deadband""",[0.3163532614707947],"[0, 0, 0, 0]"
132.928339481,,8184,,1583006437,785088062,"""Soft-Hard Sip Deadband""",[0.3272114396095276],"[0, 0, 0, 0]"
132.944592953,,8185,,1583006437,801126003,"""Soft-Hard Sip Deadband""",[0.3380695879459381],"[0, 0, 0, 0]"
132.994372606,,8186,,1583006437,851049900,"""Soft-Hard Sip Deadband""",[0.3272114396095276],"[0, 0, 0, 0]"
133.014296055,,8187,,1583006437,871100902,"""Soft-Hard Sip Deadband""",[0.3163532614707947],"[0, 0, 0, 0]"
133.038140297,,8188,,1583006437,895045995,"""Soft-Hard Sip Deadband""",[0.3272114396095276],"[0, 0, 0, 0]"
133.044120312,,8189,,1583006437,901036024,"""Soft-Hard Sip Deadband""",[0.3163532614707947],"[0, 0, 0, 0]"
133.04577899,,8190,,1583006437,902976036,"""Soft-Hard Sip Deadband""",[0.3272114396095276],"[0, 0, 0, 0]"
133.088232279,,8191,,1583006437,945103883,"""Soft-Hard Sip Deadband""",[0.3163532614707947],"[0, 0, 0, 0]"
133.090110302,,8192,,1583006437,947042942,"""Soft-Hard Sip Deadband""",[0.3272114396095276],"[0, 0, 0, 0]"
133.09175396,,8193,,1583006437,948931932,"""Soft-Hard Sip Deadband""",[0.3163532614707947],"[0, 0, 0, 0]"
133.096002579,,8194,,1583006437,953037023,"""Soft-Hard Sip Deadband""",[0.3272114396095276],"[0, 0, 0, 0]"
133.09781146,,8195,,1583006437,955003976,"""Soft-Hard Sip Deadband""",[0.3163532614707947],"[0, 0, 0, 0]"
133.11634922,,8196,,1583006437,973064899,"""Soft-Hard Sip Deadband""",[0.30549511313438416],"[0, 0, 0, 0]"
133.13653636,,8197,,1583006437,989048004,"""Soft Sip""",[0.2946690618991852],"[0, 0, 1, 0]"
133.171191931,,8198,,1583006438,23226022,"""Soft Sip""",[0.28381088376045227],"[0, 0, 1, 0]"
133.197821379,,8199,,1583006438,49061059,"""Soft Sip""",[0.27295273542404175],"[0, 0, 1, 0]"
133.203902245,,8200,,1583006438,55953025,"""Soft Sip""",[0.28381088376045227],"[0, 0, 1, 0]"
133.208892345,,8201,,1583006438,61971902,"""Soft Sip""",[0.27295273542404175],"[0, 0, 1, 0]"
133.215741158,,8202,,1583006438,66979885,"""Soft Sip""",[0.26209455728530884],"[0, 0, 1, 0]"
133.220649719,,8203,,1583006438,73775053,"""Soft Sip""",[0.2512364089488983],"[0, 0, 1, 0]"
133.227613211,,8204,,1583006438,78695058,"""Soft Sip""",[0.2403782308101654],"[0, 0, 1, 0]"
133.233093739,,8205,,1583006438,85680961,"""Soft Sip""",[0.22955219447612762],"[0, 0, 1, 0]"
133.23831439,,8206,,1583006438,91159105,"""Soft Sip""",[0.2186940312385559],"[0, 0, 1, 0]"
133.244582176,,8207,,1583006438,96384048,"""Soft Sip""",[0.2078358680009842],"[0, 0, 1, 0]"
133.249555588,,8208,,1583006438,102602005,"""Soft Sip""",[0.19697770476341248],"[0, 0, 1, 0]"
133.254184484,,8209,,1583006438,107637882,"""Soft Sip""",[0.18611954152584076],"[0, 0, 1, 0]"
133.259841204,,8210,,1583006438,112241983,"""Soft Sip""",[0.19697770476341248],"[0, 0, 1, 0]"
133.266985416,,8211,,1583006438,117974996,"""Soft Sip""",[0.18611954152584076],"[0, 0, 1, 0]"
133.271687746,,8212,,1583006438,124984979,"""Soft Sip""",[0.19697770476341248],"[0, 0, 1, 0]"
133.313948393,,8213,,1583006438,129777908,"""Soft Sip""",[0.2078358680009842],"[0, 0, 1, 0]"
133.319436789,,8214,,1583006438,172007083,"""Soft Sip""",[0.2186940312385559],"[0, 0, 1, 0]"
133.325339794,,8215,,1583006438,177550077,"""Soft Sip""",[0.22955219447612762],"[0, 0, 1, 0]"
133.331675053,,8216,,1583006438,183312892,"""Soft Sip""",[0.2403782308101654],"[0, 0, 1, 0]"
133.336713314,,8217,,1583006438,189687967,"""Soft Sip""",[0.2512364089488983],"[0, 0, 1, 0]"
133.343185425,,8218,,1583006438,194706916,"""Soft Sip""",[0.26209455728530884],"[0, 0, 1, 0]"
133.348767042,,8219,,1583006438,201208114,"""Soft Sip""",[0.27295273542404175],"[0, 0, 1, 0]"
133.355000734,,8220,,1583006438,206839084,"""Soft Sip""",[0.28381088376045227],"[0, 0, 1, 0]"
133.361372948,,8221,,1583006438,213164091,"""Soft Sip""",[0.2946690618991852],"[0, 0, 1, 0]"
133.362353563,,8222,,1583006438,219362974,"""Soft-Hard Sip Deadband""",[0.30549511313438416],"[0, 0, 0, 0]"
133.363222599,,8223,,1583006438,220331907,"""Soft-Hard Sip Deadband""",[0.3163532614707947],"[0, 0, 0, 0]"
133.36400342,,8224,,1583006438,221230030,"""Soft-Hard Sip Deadband""",[0.3272114396095276],"[0, 0, 0, 0]"
133.365089417,,8225,,1583006438,222081899,"""Soft-Hard Sip Deadband""",[0.3380695879459381],"[0, 0, 0, 0]"
133.365924835,,8226,,1583006438,223064899,"""Soft-Hard Sip Deadband""",[0.348927766084671],"[0, 0, 0, 0]"
133.3667202,,8227,,1583006438,223967075,"""Soft-Hard Sip Deadband""",[0.3597537875175476],"[0, 0, 0, 0]"
133.367625952,,8228,,1583006438,224939107,"""Soft-Hard Sip Deadband""",[0.3706119656562805],"[0, 0, 0, 0]"
133.376326323,,8229,,1583006438,233063936,"""Soft-Hard Sip Deadband""",[0.38147011399269104],"[0, 0, 0, 0]"
133.382129192,,8230,,1583006438,239095926,"""Soft-Hard Sip Deadband""",[0.39232829213142395],"[0, 0, 0, 0]"
133.392986059,,8231,,1583006438,249082088,"""Soft-Hard Sip Deadband""",[0.4031864404678345],"[0, 0, 0, 0]"
133.394180059,,8232,,1583006438,251120090,"""Soft-Hard Sip Deadband""",[0.39232829213142395],"[0, 0, 0, 0]"
133.412265062,,8233,,1583006438,269030094,"""Soft-Hard Sip Deadband""",[0.4031864404678345],"[0, 0, 0, 0]"
133.415870428,,8234,,1583006438,272938013,"""Soft-Hard Sip Deadband""",[0.39232829213142395],"[0, 0, 0, 0]"
133.428286791,,8235,,1583006438,285051107,"""Soft-Hard Sip Deadband""",[0.4031864404678345],"[0, 0, 0, 0]"
133.429901838,,8236,,1583006438,286978960,"""Soft-Hard Sip Deadband""",[0.39232829213142395],"[0, 0, 0, 0]"
133.435778618,,8237,,1583006438,292943954,"""Soft-Hard Sip Deadband""",[0.4031864404678345],"[0, 0, 0, 0]"
133.480484486,,8238,,1583006438,337132930,"""Soft-Hard Sip Deadband""",[0.4140446186065674],"[0, 0, 0, 0]"
133.481934071,,8239,,1583006438,338995933,"""Soft-Hard Sip Deadband""",[0.4031864404678345],"[0, 0, 0, 0]"
133.499966621,,8240,,1583006438,356993913,"""Soft-Hard Sip Deadband""",[0.4140446186065674],"[0, 0, 0, 0]"
133.503920317,,8241,,1583006438,360984086,"""Soft-Hard Sip Deadband""",[0.4031864404678345],"[0, 0, 0, 0]"
133.505919456,,8242,,1583006438,362951993,"""Soft-Hard Sip Deadband""",[0.4140446186065674],"[0, 0, 0, 0]"
133.512215376,,8243,,1583006438,369045019,"""Soft-Hard Sip Deadband""",[0.4031864404678345],"[0, 0, 0, 0]"
133.519902706,,8244,,1583006438,376979112,"""Soft-Hard Sip Deadband""",[0.4140446186065674],"[0, 0, 0, 0]"
133.524039984,,8245,,1583006438,380987882,"""Soft-Hard Sip Deadband""",[0.4031864404678345],"[0, 0, 0, 0]"
133.527955532,,8246,,1583006438,384979009,"""Soft-Hard Sip Deadband""",[0.4140446186065674],"[0, 0, 0, 0]"
133.534086466,,8247,,1583006438,391064882,"""Soft-Hard Sip Deadband""",[0.4031864404678345],"[0, 0, 0, 0]"
133.538015842,,8248,,1583006438,395006895,"""Soft-Hard Sip Deadband""",[0.4140446186065674],"[0, 0, 0, 0]"
133.539890051,,8249,,1583006438,396980047,"""Soft-Hard Sip Deadband""",[0.4031864404678345],"[0, 0, 0, 0]"
133.564263821,,8250,,1583006438,421088933,"""Soft-Hard Sip Deadband""",[0.39232829213142395],"[0, 0, 0, 0]"
133.592458248,,8251,,1583006438,449105024,"""Soft-Hard Sip Deadband""",[0.38147011399269104],"[0, 0, 0, 0]"
133.594088554,,8252,,1583006438,450994968,"""Soft-Hard Sip Deadband""",[0.39232829213142395],"[0, 0, 0, 0]"
133.618467093,,8253,,1583006438,475130081,"""Soft-Hard Sip Deadband""",[0.38147011399269104],"[0, 0, 0, 0]"
133.620224476,,8254,,1583006438,476999044,"""Soft-Hard Sip Deadband""",[0.39232829213142395],"[0, 0, 0, 0]"
133.632238626,,8255,,1583006438,489015102,"""Soft-Hard Sip Deadband""",[0.38147011399269104],"[0, 0, 0, 0]"
133.633928061,,8256,,1583006438,490972995,"""Soft-Hard Sip Deadband""",[0.39232829213142395],"[0, 0, 0, 0]"
133.635881186,,8257,,1583006438,492949962,"""Soft-Hard Sip Deadband""",[0.38147011399269104],"[0, 0, 0, 0]"
133.654191256,,8258,,1583006438,511080980,"""Soft-Hard Sip Deadband""",[0.3706119656562805],"[0, 0, 0, 0]"
133.657906771,,8259,,1583006438,514990091,"""Soft-Hard Sip Deadband""",[0.38147011399269104],"[0, 0, 0, 0]"
133.668111086,,8260,,1583006438,525016069,"""Soft-Hard Sip Deadband""",[0.3706119656562805],"[0, 0, 0, 0]"
133.688092232,,8261,,1583006438,545016050,"""Soft-Hard Sip Deadband""",[0.3597537875175476],"[0, 0, 0, 0]"
133.691957951,,8262,,1583006438,549045085,"""Soft-Hard Sip Deadband""",[0.3706119656562805],"[0, 0, 0, 0]"
133.693723202,,8263,,1583006438,550932884,"""Soft-Hard Sip Deadband""",[0.3597537875175476],"[0, 0, 0, 0]"
133.736253023,,8264,,1583006438,593091011,"""Soft-Hard Sip Deadband""",[0.3706119656562805],"[0, 0, 0, 0]"
133.753973007,,8265,,1583006438,611005067,"""Soft-Hard Sip Deadband""",[0.38147011399269104],"[0, 0, 0, 0]"
133.766206026,,8266,,1583006438,623063087,"""Soft-Hard Sip Deadband""",[0.39232829213142395],"[0, 0, 0, 0]"
133.84244132,,8267,,1583006438,699150085,"""Soft-Hard Sip Deadband""",[0.38147011399269104],"[0, 0, 0, 0]"
133.866499901,,8268,,1583006438,723107099,"""Soft-Hard Sip Deadband""",[0.3706119656562805],"[0, 0, 0, 0]"
133.876332998,,8269,,1583006438,733016014,"""Soft-Hard Sip Deadband""",[0.3597537875175476],"[0, 0, 0, 0]"
133.888145447,,8270,,1583006438,745068073,"""Soft-Hard Sip Deadband""",[0.348927766084671],"[0, 0, 0, 0]"
133.90007329,,8271,,1583006438,756977081,"""Soft-Hard Sip Deadband""",[0.3380695879459381],"[0, 0, 0, 0]"
133.936256647,,8272,,1583006438,793100118,"""Soft-Hard Sip Deadband""",[0.3272114396095276],"[0, 0, 0, 0]"
133.954029799,,8273,,1583006438,811080932,"""Soft-Hard Sip Deadband""",[0.3163532614707947],"[0, 0, 0, 0]"
133.966340065,,8274,,1583006438,823082923,"""Soft-Hard Sip Deadband""",[0.30549511313438416],"[0, 0, 0, 0]"
133.977559566,,8275,,1583006438,828963041,"""Soft Sip""",[0.2946690618991852],"[0, 0, 1, 0]"
133.998066425,,8276,,1583006438,849049091,"""Soft Sip""",[0.28381088376045227],"[0, 0, 1, 0]"
134.01347065,,8277,,1583006438,863095045,"""Soft Sip""",[0.2946690618991852],"[0, 0, 1, 0]"
134.02218461,,8278,,1583006438,879072904,"""Soft-Hard Sip Deadband""",[0.30549511313438416],"[0, 0, 0, 0]"
134.041515589,,8279,,1583006438,897242069,"""Soft-Hard Sip Deadband""",[0.3163532614707947],"[0, 0, 0, 0]"
134.042651176,,8280,,1583006438,899595975,"""Soft-Hard Sip Deadband""",[0.30549511313438416],"[0, 0, 0, 0]"
134.048036575,,8281,,1583006438,904953956,"""Soft-Hard Sip Deadband""",[0.3163532614707947],"[0, 0, 0, 0]"
134.092415571,,8282,,1583006438,949085950,"""Soft-Hard Sip Deadband""",[0.30549511313438416],"[0, 0, 0, 0]"
134.094141483,,8283,,1583006438,951080083,"""Soft-Hard Sip Deadband""",[0.3163532614707947],"[0, 0, 0, 0]"
134.095816612,,8284,,1583006438,952938079,"""Soft-Hard Sip Deadband""",[0.30549511313438416],"[0, 0, 0, 0]"
134.099860907,,8285,,1583006438,956989049,"""Soft-Hard Sip Deadband""",[0.3163532614707947],"[0, 0, 0, 0]"
134.156471729,,8286,,1583006439,13073921,"""Soft-Hard Sip Deadband""",[0.30549511313438416],"[0, 0, 0, 0]"
134.172446012,,8287,,1583006439,25022983,"""Soft Sip""",[0.2946690618991852],"[0, 0, 1, 0]"
134.179126263,,8288,,1583006439,30958890,"""Soft Sip""",[0.28381088376045227],"[0, 0, 1, 0]"
134.184183598,,8289,,1583006439,37194013,"""Soft Sip""",[0.27295273542404175],"[0, 0, 1, 0]"
134.191144466,,8290,,1583006439,43020963,"""Soft Sip""",[0.26209455728530884],"[0, 0, 1, 0]"
134.197155476,,8291,,1583006439,49170017,"""Soft Sip""",[0.2512364089488983],"[0, 0, 1, 0]"
134.203863382,,8292,,1583006439,55227994,"""Soft Sip""",[0.2403782308101654],"[0, 0, 1, 0]"
134.209985971,,8293,,1583006439,61939001,"""Soft Sip""",[0.22955219447612762],"[0, 0, 1, 0]"
134.216491699,,8294,,1583006439,67962884,"""Soft Sip""",[0.2186940312385559],"[0, 0, 1, 0]"
134.222086191,,8295,,1583006439,74557065,"""Soft Sip""",[0.2078358680009842],"[0, 0, 1, 0]"
134.228059292,,8296,,1583006439,80071926,"""Soft Sip""",[0.19697770476341248],"[0, 0, 1, 0]"
134.234388828,,8297,,1583006439,86153984,"""Soft Sip""",[0.18611954152584076],"[0, 0, 1, 0]"
134.241089106,,8298,,1583006439,92367887,"""Soft Sip""",[0.17529350519180298],"[0, 0, 1, 0]"
134.247227669,,8299,,1583006439,99137067,"""Soft Sip""",[0.16443534195423126],"[0, 0, 1, 0]"
134.253068209,,8300,,1583006439,105212926,"""Soft Sip""",[0.15357716381549835],"[0, 0, 1, 0]"
134.25851202,,8301,,1583006439,111164093,"""Soft Sip""",[0.14271900057792664],"[0, 0, 1, 0]"
134.265714884,,8302,,1583006439,116488933,"""Soft Sip""",[0.13186083734035492],"[0, 0, 1, 0]"
134.272652864,,8303,,1583006439,123807907,"""Soft Sip""",[0.12103480100631714],"[0, 0, 1, 0]"
134.278719187,,8304,,1583006439,130660057,"""Soft Sip""",[0.13186083734035492],"[0, 0, 1, 0]"
134.283668518,,8305,,1583006439,136769056,"""Soft Sip""",[0.14271900057792664],"[0, 0, 1, 0]"
134.289706945,,8306,,1583006439,141736030,"""Soft Sip""",[0.15357716381549835],"[0, 0, 1, 0]"
134.294816256,,8307,,1583006439,147701025,"""Soft Sip""",[0.16443534195423126],"[0, 0, 1, 0]"
134.302539587,,8308,,1583006439,152887105,"""Soft Sip""",[0.17529350519180298],"[0, 0, 1, 0]"
134.309536457,,8309,,1583006439,160769939,"""Soft Sip""",[0.18611954152584076],"[0, 0, 1, 0]"
134.315303326,,8310,,1583006439,167526006,"""Soft Sip""",[0.19697770476341248],"[0, 0, 1, 0]"
134.322207689,,8311,,1583006439,173312902,"""Soft Sip""",[0.2078358680009842],"[0, 0, 1, 0]"
134.327559233,,8312,,1583006439,180285930,"""Soft Sip""",[0.2186940312385559],"[0, 0, 1, 0]"
134.333279133,,8313,,1583006439,185575008,"""Soft Sip""",[0.22955219447612762],"[0, 0, 1, 0]"
134.340416193,,8314,,1583006439,191468000,"""Soft Sip""",[0.2403782308101654],"[0, 0, 1, 0]"
134.346215487,,8315,,1583006439,198398113,"""Soft Sip""",[0.2512364089488983],"[0, 0, 1, 0]"
134.351991177,,8316,,1583006439,204199075,"""Soft Sip""",[0.26209455728530884],"[0, 0, 1, 0]"
134.358545065,,8317,,1583006439,209952116,"""Soft Sip""",[0.27295273542404175],"[0, 0, 1, 0]"
134.363761663,,8318,,1583006439,216555118,"""Soft Sip""",[0.28381088376045227],"[0, 0, 1, 0]"
134.369124651,,8319,,1583006439,221847057,"""Soft Sip""",[0.2946690618991852],"[0, 0, 1, 0]"
134.370178461,,8320,,1583006439,227144002,"""Soft-Hard Sip Deadband""",[0.30549511313438416],"[0, 0, 0, 0]"
134.371012449,,8321,,1583006439,228147029,"""Soft-Hard Sip Deadband""",[0.3163532614707947],"[0, 0, 0, 0]"
134.371754646,,8322,,1583006439,229016065,"""Soft-Hard Sip Deadband""",[0.3380695879459381],"[0, 0, 0, 0]"
134.372670412,,8323,,1583006439,229897975,"""Soft-Hard Sip Deadband""",[0.348927766084671],"[0, 0, 0, 0]"
134.373651743,,8324,,1583006439,230671882,"""Soft-Hard Sip Deadband""",[0.3597537875175476],"[0, 0, 0, 0]"
134.3744452,,8325,,1583006439,231632947,"""Soft-Hard Sip Deadband""",[0.3706119656562805],"[0, 0, 0, 0]"
134.375178814,,8326,,1583006439,232415914,"""Soft-Hard Sip Deadband""",[0.38147011399269104],"[0, 0, 0, 0]"
134.375986576,,8327,,1583006439,233179092,"""Soft-Hard Sip Deadband""",[0.39232829213142395],"[0, 0, 0, 0]"
134.376675606,,8328,,1583006439,233961105,"""Soft-Hard Sip Deadband""",[0.4031864404678345],"[0, 0, 0, 0]"
134.377382278,,8329,,1583006439,234648942,"""Soft-Hard Sip Deadband""",[0.4140446186065674],"[0, 0, 0, 0]"
134.378105164,,8330,,1583006439,235351085,"""Soft-Hard Sip Deadband""",[0.42487066984176636],"[0, 0, 0, 0]"
134.378852844,,8331,,1583006439,236191034,"""Soft-Hard Sip Deadband""",[0.4357288181781769],"[0, 0, 0, 0]"
134.379567146,,8332,,1583006439,236821889,"""Soft-Hard Sip Deadband""",[0.4465869963169098],"[0, 0, 0, 0]"
134.380371094,,8333,,1583006439,237606048,"""Soft-Hard Sip Deadband""",[0.4574451446533203],"[0, 0, 0, 0]"
134.388600349,,8334,,1583006439,245021104,"""Soft-Hard Sip Deadband""",[0.4683033227920532],"[0, 0, 0, 0]"
134.404102802,,8335,,1583006439,261044979,"""Soft-Hard Sip Deadband""",[0.4574451446533203],"[0, 0, 0, 0]"
134.430031776,,8336,,1583006439,287079095,"""Soft-Hard Sip Deadband""",[0.4465869963169098],"[0, 0, 0, 0]"
134.468242168,,8337,,1583006439,325094938,"""Soft-Hard Sip Deadband""",[0.4574451446533203],"[0, 0, 0, 0]"
134.482059479,,8338,,1583006439,339024066,"""Soft-Hard Sip Deadband""",[0.4683033227920532],"[0, 0, 0, 0]"
134.487936497,,8339,,1583006439,344949007,"""Soft-Hard Sip Deadband""",[0.4791293442249298],"[0, 0, 0, 0]"
134.494889498,,8340,,1583006439,351197004,"""Soft-Hard Sip Deadband""",[0.4899875223636627],"[0, 0, 0, 0]"
134.511404753,,8341,,1583006439,363080024,"""Zero Band""",[0.5008456707000732],"[0, 0, 0, 0]"
134.540454149,,8342,,1583006439,391100883,"""Zero Band""",[0.5117038488388062],"[0, 0, 0, 0]"
134.559380054,,8343,,1583006439,411066055,"""Zero Band""",[0.5225620269775391],"[0, 0, 0, 0]"
134.616643429,,8344,,1583006439,469039916,"""Zero Band""",[0.5117038488388062],"[0, 0, 0, 0]"
134.633590698,,8345,,1583006439,485196113,"""Zero Band""",[0.5008456707000732],"[0, 0, 0, 0]"
134.644563198,,8346,,1583006439,501099109,"""Soft-Hard Sip Deadband""",[0.4899875223636627],"[0, 0, 0, 0]"
134.654158831,,8347,,1583006439,511059045,"""Soft-Hard Sip Deadband""",[0.4791293442249298],"[0, 0, 0, 0]"
134.666004419,,8348,,1583006439,523072004,"""Soft-Hard Sip Deadband""",[0.4683033227920532],"[0, 0, 0, 0]"
134.669838428,,8349,,1583006439,527002096,"""Soft-Hard Sip Deadband""",[0.4791293442249298],"[0, 0, 0, 0]"
134.67179513,,8350,,1583006439,528959989,"""Soft-Hard Sip Deadband""",[0.4683033227920532],"[0, 0, 0, 0]"
134.698214293,,8351,,1583006439,555069923,"""Soft-Hard Sip Deadband""",[0.4574451446533203],"[0, 0, 0, 0]"
134.722182512,,8352,,1583006439,579077959,"""Soft-Hard Sip Deadband""",[0.4465869963169098],"[0, 0, 0, 0]"
134.734276056,,8353,,1583006439,590992927,"""Soft-Hard Sip Deadband""",[0.4357288181781769],"[0, 0, 0, 0]"
134.740305662,,8354,,1583006439,597001075,"""Soft-Hard Sip Deadband""",[0.42487066984176636],"[0, 0, 0, 0]"
134.748157024,,8355,,1583006439,605068922,"""Soft-Hard Sip Deadband""",[0.4140446186065674],"[0, 0, 0, 0]"
134.751915693,,8356,,1583006439,609002113,"""Soft-Hard Sip Deadband""",[0.4031864404678345],"[0, 0, 0, 0]"
134.757972717,,8357,,1583006439,615027904,"""Soft-Hard Sip Deadband""",[0.39232829213142395],"[0, 0, 0, 0]"
134.774164438,,8358,,1583006439,631046056,"""Soft-Hard Sip Deadband""",[0.4031864404678345],"[0, 0, 0, 0]"
134.790705681,,8359,,1583006439,647187948,"""Soft-Hard Sip Deadband""",[0.4140446186065674],"[0, 0, 0, 0]"
134.794369459,,8360,,1583006439,651038885,"""Soft-Hard Sip Deadband""",[0.42487066984176636],"[0, 0, 0, 0]"
134.802104712,,8361,,1583006439,659032106,"""Soft-Hard Sip Deadband""",[0.4357288181781769],"[0, 0, 0, 0]"
134.803739309,,8362,,1583006439,660926103,"""Soft-Hard Sip Deadband""",[0.4465869963169098],"[0, 0, 0, 0]"
134.811904669,,8363,,1583006439,669023990,"""Soft-Hard Sip Deadband""",[0.4574451446533203],"[0, 0, 0, 0]"
134.817872047,,8364,,1583006439,674998998,"""Soft-Hard Sip Deadband""",[0.4683033227920532],"[0, 0, 0, 0]"
134.828271866,,8365,,1583006439,685142040,"""Soft-Hard Sip Deadband""",[0.4791293442249298],"[0, 0, 0, 0]"
134.844042063,,8366,,1583006439,701066970,"""Soft-Hard Sip Deadband""",[0.4683033227920532],"[0, 0, 0, 0]"
134.852215052,,8367,,1583006439,709063053,"""Soft-Hard Sip Deadband""",[0.4574451446533203],"[0, 0, 0, 0]"
134.856136322,,8368,,1583006439,713032007,"""Soft-Hard Sip Deadband""",[0.4465869963169098],"[0, 0, 0, 0]"
134.862236738,,8369,,1583006439,719113111,"""Soft-Hard Sip Deadband""",[0.4357288181781769],"[0, 0, 0, 0]"
134.868031263,,8370,,1583006439,725012063,"""Soft-Hard Sip Deadband""",[0.42487066984176636],"[0, 0, 0, 0]"
134.871835709,,8371,,1583006439,728936910,"""Soft-Hard Sip Deadband""",[0.4140446186065674],"[0, 0, 0, 0]"
134.8780334,,8372,,1583006439,735050916,"""Soft-Hard Sip Deadband""",[0.4031864404678345],"[0, 0, 0, 0]"
134.88188529,,8373,,1583006439,738996028,"""Soft-Hard Sip Deadband""",[0.39232829213142395],"[0, 0, 0, 0]"
134.890042543,,8374,,1583006439,747044086,"""Soft-Hard Sip Deadband""",[0.38147011399269104],"[0, 0, 0, 0]"
134.895771742,,8375,,1583006439,752960920,"""Soft-Hard Sip Deadband""",[0.39232829213142395],"[0, 0, 0, 0]"
134.897718906,,8376,,1583006439,754935026,"""Soft-Hard Sip Deadband""",[0.38147011399269104],"[0, 0, 0, 0]"
134.905991316,,8377,,1583006439,762984991,"""Soft-Hard Sip Deadband""",[0.3706119656562805],"[0, 0, 0, 0]"
134.914314747,,8378,,1583006439,771070957,"""Soft-Hard Sip Deadband""",[0.3597537875175476],"[0, 0, 0, 0]"
134.92028904,,8379,,1583006439,777003049,"""Soft-Hard Sip Deadband""",[0.348927766084671],"[0, 0, 0, 0]"
134.921869278,,8380,,1583006439,778948068,"""Soft-Hard Sip Deadband""",[0.3380695879459381],"[0, 0, 0, 0]"
134.928427696,,8381,,1583006439,785058975,"""Soft-Hard Sip Deadband""",[0.3272114396095276],"[0, 0, 0, 0]"
134.929804564,,8382,,1583006439,786981105,"""Soft-Hard Sip Deadband""",[0.3163532614707947],"[0, 0, 0, 0]"
134.931800127,,8383,,1583006439,788945913,"""Soft-Hard Sip Deadband""",[0.30549511313438416],"[0, 0, 0, 0]"
134.93835783,,8384,,1583006439,790936946,"""Soft Sip""",[0.2946690618991852],"[0, 0, 1, 0]"
134.945251226,,8385,,1583006439,796415090,"""Soft Sip""",[0.28381088376045227],"[0, 0, 1, 0]"
134.951004028,,8386,,1583006439,803035020,"""Soft Sip""",[0.26209455728530884],"[0, 0, 1, 0]"
134.956695795,,8387,,1583006439,809034109,"""Soft Sip""",[0.2512364089488983],"[0, 0, 1, 0]"
134.962871552,,8388,,1583006439,814668893,"""Soft Sip""",[0.22955219447612762],"[0, 0, 1, 0]"
134.968526602,,8389,,1583006439,820949077,"""Soft Sip""",[0.2186940312385559],"[0, 0, 1, 0]"
134.975204945,,8390,,1583006439,826503038,"""Soft Sip""",[0.19697770476341248],"[0, 0, 1, 0]"
134.980389357,,8391,,1583006439,832984924,"""Soft Sip""",[0.17529350519180298],"[0, 0, 1, 0]"
134.985027313,,8392,,1583006439,838279008,"""Soft Sip""",[0.15357716381549835],"[0, 0, 1, 0]"
134.991102457,,8393,,1583006439,843039989,"""Soft Sip""",[0.13186083734035492],"[0, 0, 1, 0]"
134.996851444,,8394,,1583006439,848997116,"""Soft Sip""",[0.12103480100631714],"[0, 0, 1, 0]"
135.00343895,,8395,,1583006439,854949951,"""Soft Sip""",[0.0993184745311737],"[0, 0, 1, 0]"
135.008661509,,8396,,1583006439,861299991,"""Soft Sip""",[0.07760214805603027],"[0, 0, 1, 0]"
135.014986277,,8397,,1583006439,866626024,"""Soft Sip""",[0.06674397736787796],"[0, 0, 1, 0]"
135.020344734,,8398,,1583006439,872958898,"""Soft Sip""",[0.04505977779626846],"[0, 0, 1, 0]"
135.025910378,,8399,,1583006439,878318071,"""Soft Sip""",[0.03420161083340645],"[0, 0, 1, 0]"
135.03413105,,8400,,1583006439,884021997,"""Soft Sip""",[0.012485282495617867],"[0, 0, 1, 0]"
135.035046816,,8401,,1583006439,892149925,"""Zero Band""",[-0.0],"[0, 0, 0, 0]"
135.035933971,,8402,,1583006439,893038034,"""Zero Band""",[-0.0],"[0, 0, 0, 0]"
135.036729574,,8403,,1583006439,893881082,"""Zero Band""",[-0.0],"[0, 0, 0, 0]"
135.03741622,,8404,,1583006439,894689083,"""Zero Band""",[-0.0],"[0, 0, 0, 0]"
135.038101673,,8405,,1583006439,895397901,"""Zero Band""",[-0.0],"[0, 0, 0, 0]"
135.038834333,,8406,,1583006439,896146059,"""Zero Band""",[-0.0],"[0, 0, 0, 0]"
135.038942575,,8407,,1583006439,896146059,"""input stopped""",[-0.0],"[0, 0, 0, 0]"
135.395624876,,8408,,1583006440,252135038,"""Zero Band""",[-0.0],"[0, 0, 0, 0]"
135.406030178,,8409,,1583006440,263046979,"""Zero Band""",[-0.0],"[0, 0, 0, 0]"
135.414370775,,8410,,1583006440,271099090,"""Zero Band""",[-0.0],"[0, 0, 0, 0]"
135.420248508,,8411,,1583006440,277019023,"""Zero Band""",[-0.0],"[0, 0, 0, 0]"
135.430151701,,8412,,1583006440,287070035,"""Zero Band""",[-0.0],"[0, 0, 0, 0]"
135.437985182,,8413,,1583006440,295023918,"""Zero Band""",[0.0016592431347817183],"[0, 0, 0, 0]"
135.446237326,,8414,,1583006440,299022912,"""Soft Sip""",[0.012485282495617867],"[0, 0, 1, 0]"
135.452670574,,8415,,1583006440,304955005,"""Soft Sip""",[0.023343447595834732],"[0, 0, 1, 0]"
135.461172581,,8416,,1583006440,312937974,"""Soft Sip""",[0.03420161083340645],"[0, 0, 1, 0]"
135.467406034,,8417,,1583006440,319437026,"""Soft Sip""",[0.04505977779626846],"[0, 0, 1, 0]"
135.471960068,,8418,,1583006440,325484991,"""Soft Sip""",[0.05591794103384018],"[0, 0, 1, 0]"
135.478178263,,8419,,1583006440,330027103,"""Soft Sip""",[0.06674397736787796],"[0, 0, 1, 0]"
135.485171318,,8420,,1583006440,336285114,"""Soft Sip""",[0.07760214805603027],"[0, 0, 1, 0]"
135.492313147,,8421,,1583006440,343251943,"""Soft Sip""",[0.08846031129360199],"[0, 0, 1, 0]"
135.498987675,,8422,,1583006440,350418090,"""Soft Sip""",[0.0993184745311737],"[0, 0, 1, 0]"
135.50454402,,8423,,1583006440,357065916,"""Soft Sip""",[0.11017663776874542],"[0, 0, 1, 0]"
135.515100956,,8424,,1583006440,367101907,"""Soft Sip""",[0.12103480100631714],"[0, 0, 1, 0]"
135.534100533,,8425,,1583006440,385127067,"""Soft Sip""",[0.13186083734035492],"[0, 0, 1, 0]"
135.542203665,,8426,,1583006440,393002033,"""Soft Sip""",[0.14271900057792664],"[0, 0, 1, 0]"
135.547784805,,8427,,1583006440,400254964,"""Soft Sip""",[0.15357716381549835],"[0, 0, 1, 0]"
135.553534031,,8428,,1583006440,405850887,"""Soft Sip""",[0.16443534195423126],"[0, 0, 1, 0]"
135.559228897,,8429,,1583006440,411612033,"""Soft Sip""",[0.17529350519180298],"[0, 0, 1, 0]"
135.565604925,,8430,,1583006440,417356967,"""Soft Sip""",[0.18611954152584076],"[0, 0, 1, 0]"
135.572355032,,8431,,1583006440,423722028,"""Soft Sip""",[0.19697770476341248],"[0, 0, 1, 0]"
135.579499245,,8432,,1583006440,430453062,"""Soft Sip""",[0.2078358680009842],"[0, 0, 1, 0]"
135.584572792,,8433,,1583006440,437566995,"""Soft Sip""",[0.2186940312385559],"[0, 0, 1, 0]"
135.589839935,,8434,,1583006440,442567110,"""Soft Sip""",[0.22955219447612762],"[0, 0, 1, 0]"
135.597293377,,8435,,1583006440,447917938,"""Soft Sip""",[0.2403782308101654],"[0, 0, 1, 0]"
135.603306532,,8436,,1583006440,455267906,"""Soft Sip""",[0.2512364089488983],"[0, 0, 1, 0]"
135.608427763,,8437,,1583006440,461438894,"""Soft Sip""",[0.26209455728530884],"[0, 0, 1, 0]"
135.615982533,,8438,,1583006440,466404914,"""Soft Sip""",[0.27295273542404175],"[0, 0, 1, 0]"
135.621805668,,8439,,1583006440,473958015,"""Soft Sip""",[0.28381088376045227],"[0, 0, 1, 0]"
135.628203154,,8440,,1583006440,479772090,"""Soft Sip""",[0.2946690618991852],"[0, 0, 1, 0]"
135.62911129,,8441,,1583006440,486160993,"""Soft-Hard Sip Deadband""",[0.30549511313438416],"[0, 0, 0, 0]"
135.629998684,,8442,,1583006440,487196922,"""Soft-Hard Sip Deadband""",[0.3163532614707947],"[0, 0, 0, 0]"
135.630773783,,8443,,1583006440,487986087,"""Soft-Hard Sip Deadband""",[0.3272114396095276],"[0, 0, 0, 0]"
135.631645203,,8444,,1583006440,488770961,"""Soft-Hard Sip Deadband""",[0.3380695879459381],"[0, 0, 0, 0]"
135.632501602,,8445,,1583006440,489698886,"""Soft-Hard Sip Deadband""",[0.348927766084671],"[0, 0, 0, 0]"
135.646394014,,8446,,1583006440,503128051,"""Soft-Hard Sip Deadband""",[0.3597537875175476],"[0, 0, 0, 0]"
135.655919313,,8447,,1583006440,512975931,"""Soft-Hard Sip Deadband""",[0.3706119656562805],"[0, 0, 0, 0]"
135.664058685,,8448,,1583006440,521018981,"""Soft-Hard Sip Deadband""",[0.38147011399269104],"[0, 0, 0, 0]"
135.66574192,,8449,,1583006440,522958993,"""Soft-Hard Sip Deadband""",[0.3706119656562805],"[0, 0, 0, 0]"
135.667751551,,8450,,1583006440,524956941,"""Soft-Hard Sip Deadband""",[0.38147011399269104],"[0, 0, 0, 0]"
135.675860643,,8451,,1583006440,532975912,"""Soft-Hard Sip Deadband""",[0.39232829213142395],"[0, 0, 0, 0]"
135.724365473,,8452,,1583006440,581073045,"""Soft-Hard Sip Deadband""",[0.4031864404678345],"[0, 0, 0, 0]"
135.725804806,,8453,,1583006440,582953929,"""Soft-Hard Sip Deadband""",[0.39232829213142395],"[0, 0, 0, 0]"
135.728200436,,8454,,1583006440,584952116,"""Soft-Hard Sip Deadband""",[0.4031864404678345],"[0, 0, 0, 0]"
135.740087509,,8455,,1583006440,597055912,"""Soft-Hard Sip Deadband""",[0.4140446186065674],"[0, 0, 0, 0]"
135.750302792,,8456,,1583006440,607084035,"""Soft-Hard Sip Deadband""",[0.42487066984176636],"[0, 0, 0, 0]"
135.760335684,,8457,,1583006440,617027044,"""Soft-Hard Sip Deadband""",[0.4357288181781769],"[0, 0, 0, 0]"
135.772237062,,8458,,1583006440,629062891,"""Soft-Hard Sip Deadband""",[0.4465869963169098],"[0, 0, 0, 0]"
135.776052713,,8459,,1583006440,632968902,"""Soft-Hard Sip Deadband""",[0.4357288181781769],"[0, 0, 0, 0]"
135.778192282,,8460,,1583006440,635004997,"""Soft-Hard Sip Deadband""",[0.4465869963169098],"[0, 0, 0, 0]"
135.779867887,,8461,,1583006440,636954069,"""Soft-Hard Sip Deadband""",[0.4357288181781769],"[0, 0, 0, 0]"
135.784047127,,8462,,1583006440,641005039,"""Soft-Hard Sip Deadband""",[0.4465869963169098],"[0, 0, 0, 0]"
135.794266462,,8463,,1583006440,651067972,"""Soft-Hard Sip Deadband""",[0.4357288181781769],"[0, 0, 0, 0]"
135.810287952,,8464,,1583006440,667054891,"""Soft-Hard Sip Deadband""",[0.42487066984176636],"[0, 0, 0, 0]"
135.820135117,,8465,,1583006440,677078962,"""Soft-Hard Sip Deadband""",[0.4140446186065674],"[0, 0, 0, 0]"
135.827985287,,8466,,1583006440,684995889,"""Soft-Hard Sip Deadband""",[0.4031864404678345],"[0, 0, 0, 0]"
135.838020325,,8467,,1583006440,695028066,"""Soft-Hard Sip Deadband""",[0.39232829213142395],"[0, 0, 0, 0]"
135.844237328,,8468,,1583006440,701095104,"""Soft-Hard Sip Deadband""",[0.38147011399269104],"[0, 0, 0, 0]"
135.85242939,,8469,,1583006440,709091901,"""Soft-Hard Sip Deadband""",[0.3706119656562805],"[0, 0, 0, 0]"
135.874484777,,8470,,1583006440,731101036,"""Soft-Hard Sip Deadband""",[0.38147011399269104],"[0, 0, 0, 0]"
135.87831521,,8471,,1583006440,735079050,"""Soft-Hard Sip Deadband""",[0.3706119656562805],"[0, 0, 0, 0]"
135.882239103,,8472,,1583006440,739042043,"""Soft-Hard Sip Deadband""",[0.38147011399269104],"[0, 0, 0, 0]"
135.896244526,,8473,,1583006440,753093004,"""Soft-Hard Sip Deadband""",[0.39232829213142395],"[0, 0, 0, 0]"
135.913868189,,8474,,1583006440,771008014,"""Soft-Hard Sip Deadband""",[0.38147011399269104],"[0, 0, 0, 0]"
135.921895981,,8475,,1583006440,778985977,"""Soft-Hard Sip Deadband""",[0.3706119656562805],"[0, 0, 0, 0]"
135.925811291,,8476,,1583006440,782947063,"""Soft-Hard Sip Deadband""",[0.3597537875175476],"[0, 0, 0, 0]"
135.930231094,,8477,,1583006440,787040948,"""Soft-Hard Sip Deadband""",[0.348927766084671],"[0, 0, 0, 0]"
135.933826923,,8478,,1583006440,790967941,"""Soft-Hard Sip Deadband""",[0.3380695879459381],"[0, 0, 0, 0]"
135.939922333,,8479,,1583006440,797008991,"""Soft-Hard Sip Deadband""",[0.3272114396095276],"[0, 0, 0, 0]"
135.948154926,,8480,,1583006440,805057048,"""Soft-Hard Sip Deadband""",[0.3163532614707947],"[0, 0, 0, 0]"
135.951813459,,8481,,1583006440,808959960,"""Soft-Hard Sip Deadband""",[0.30549511313438416],"[0, 0, 0, 0]"
135.964117289,,8482,,1583006440,817039012,"""Soft Sip""",[0.2946690618991852],"[0, 0, 1, 0]"
135.972230434,,8483,,1583006440,824980020,"""Soft Sip""",[0.28381088376045227],"[0, 0, 1, 0]"
135.979093075,,8484,,1583006440,830952882,"""Soft Sip""",[0.27295273542404175],"[0, 0, 1, 0]"
135.998527765,,8485,,1583006440,849049091,"""Soft Sip""",[0.28381088376045227],"[0, 0, 1, 0]"
136.017020226,,8486,,1583006440,869133949,"""Soft Sip""",[0.2946690618991852],"[0, 0, 1, 0]"
136.022039652,,8487,,1583006440,879030942,"""Soft-Hard Sip Deadband""",[0.30549511313438416],"[0, 0, 0, 0]"
136.034198761,,8488,,1583006440,891082048,"""Soft-Hard Sip Deadband""",[0.3163532614707947],"[0, 0, 0, 0]"
136.046577454,,8489,,1583006440,903099060,"""Soft-Hard Sip Deadband""",[0.30549511313438416],"[0, 0, 0, 0]"
136.058394909,,8490,,1583006440,911066055,"""Soft Sip""",[0.2946690618991852],"[0, 0, 1, 0]"
136.064681292,,8491,,1583006440,916990995,"""Soft Sip""",[0.28381088376045227],"[0, 0, 1, 0]"
136.069884062,,8492,,1583006440,922766923,"""Soft Sip""",[0.27295273542404175],"[0, 0, 1, 0]"
136.074908018,,8493,,1583006440,927932977,"""Soft Sip""",[0.26209455728530884],"[0, 0, 1, 0]"
136.081480503,,8494,,1583006440,932987928,"""Soft Sip""",[0.2512364089488983],"[0, 0, 1, 0]"
136.086676598,,8495,,1583006440,939538002,"""Soft Sip""",[0.2403782308101654],"[0, 0, 1, 0]"
136.093166351,,8496,,1583006440,944653987,"""Soft Sip""",[0.22955219447612762],"[0, 0, 1, 0]"
136.099391699,,8497,,1583006440,951255083,"""Soft Sip""",[0.2186940312385559],"[0, 0, 1, 0]"
136.10477376,,8498,,1583006440,957370042,"""Soft Sip""",[0.2078358680009842],"[0, 0, 1, 0]"
136.109519005,,8499,,1583006440,962933063,"""Soft Sip""",[0.18611954152584076],"[0, 0, 1, 0]"
136.114170074,,8500,,1583006440,967494010,"""Soft Sip""",[0.17529350519180298],"[0, 0, 1, 0]"
136.119119406,,8501,,1583006440,972147941,"""Soft Sip""",[0.15357716381549835],"[0, 0, 1, 0]"
136.126062393,,8502,,1583006440,977257013,"""Soft Sip""",[0.14271900057792664],"[0, 0, 1, 0]"
136.130795002,,8503,,1583006440,984046936,"""Soft Sip""",[0.13186083734035492],"[0, 0, 1, 0]"
136.136631489,,8504,,1583006440,988776922,"""Soft Sip""",[0.12103480100631714],"[0, 0, 1, 0]"
136.14272356,,8505,,1583006440,994757890,"""Soft Sip""",[0.11017663776874542],"[0, 0, 1, 0]"
136.147491693,,8506,,1583006441,705957,"""Soft Sip""",[0.0993184745311737],"[0, 0, 1, 0]"
136.153962851,,8507,,1583006441,5491018,"""Soft Sip""",[0.08846031129360199],"[0, 0, 1, 0]"
136.159652472,,8508,,1583006441,11936902,"""Soft Sip""",[0.07760214805603027],"[0, 0, 1, 0]"
136.165290356,,8509,,1583006441,17724037,"""Soft Sip""",[0.06674397736787796],"[0, 0, 1, 0]"
136.170524359,,8510,,1583006441,23334026,"""Soft Sip""",[0.07760214805603027],"[0, 0, 1, 0]"
136.176619291,,8511,,1583006441,28592109,"""Soft Sip""",[0.08846031129360199],"[0, 0, 1, 0]"
136.191695452,,8512,,1583006441,43116092,"""Soft Sip""",[0.0993184745311737],"[0, 0, 1, 0]"
136.213516951,,8513,,1583006441,65085887,"""Soft Sip""",[0.11017663776874542],"[0, 0, 1, 0]"
136.222259045,,8514,,1583006441,75036048,"""Soft Sip""",[0.12103480100631714],"[0, 0, 1, 0]"
136.234027624,,8515,,1583006441,85021972,"""Soft Sip""",[0.13186083734035492],"[0, 0, 1, 0]"
136.2429142,,8516,,1583006441,94991922,"""Soft Sip""",[0.14271900057792664],"[0, 0, 1, 0]"
136.255427599,,8517,,1583006441,107153892,"""Soft Sip""",[0.15357716381549835],"[0, 0, 1, 0]"
136.262230635,,8518,,1583006441,113482952,"""Soft Sip""",[0.16443534195423126],"[0, 0, 1, 0]"
136.281747103,,8519,,1583006441,133070945,"""Soft Sip""",[0.17529350519180298],"[0, 0, 1, 0]"
136.335711002,,8520,,1583006441,187119960,"""Soft Sip""",[0.18611954152584076],"[0, 0, 1, 0]"
136.353343487,,8521,,1583006441,205033063,"""Soft Sip""",[0.19697770476341248],"[0, 0, 1, 0]"
136.366686583,,8522,,1583006441,219023942,"""Soft Sip""",[0.2078358680009842],"[0, 0, 1, 0]"
136.406574488,,8523,,1583006441,257174968,"""Soft Sip""",[0.19697770476341248],"[0, 0, 1, 0]"
136.438715935,,8524,,1583006441,291095972,"""Soft Sip""",[0.18611954152584076],"[0, 0, 1, 0]"
136.454669476,,8525,,1583006441,305012941,"""Soft Sip""",[0.19697770476341248],"[0, 0, 1, 0]"
136.47892046,,8526,,1583006441,331083059,"""Soft Sip""",[0.2078358680009842],"[0, 0, 1, 0]"
136.514826775,,8527,,1583006441,367093086,"""Soft Sip""",[0.2186940312385559],"[0, 0, 1, 0]"
136.535785913,,8528,,1583006441,387131929,"""Soft Sip""",[0.22955219447612762],"[0, 0, 1, 0]"
136.541148424,,8529,,1583006441,393865108,"""Soft Sip""",[0.2186940312385559],"[0, 0, 1, 0]"
136.545451403,,8530,,1583006441,399159908,"""Soft Sip""",[0.22955219447612762],"[0, 0, 1, 0]"
136.583749771,,8531,,1583006441,435139894,"""Soft Sip""",[0.2403782308101654],"[0, 0, 1, 0]"
136.603817463,,8532,,1583006441,455167055,"""Soft Sip""",[0.2512364089488983],"[0, 0, 1, 0]"
136.665007591,,8533,,1583006441,517040014,"""Soft Sip""",[0.26209455728530884],"[0, 0, 1, 0]"
136.769937038,,8534,,1583006441,621119022,"""Soft Sip""",[0.27295273542404175],"[0, 0, 1, 0]"
136.774877787,,8535,,1583006441,627995014,"""Soft Sip""",[0.26209455728530884],"[0, 0, 1, 0]"
136.780452013,,8536,,1583006441,632915973,"""Soft Sip""",[0.27295273542404175],"[0, 0, 1, 0]"
136.835320711,,8537,,1583006441,687302112,"""Soft Sip""",[0.26209455728530884],"[0, 0, 1, 0]"
136.843014956,,8538,,1583006441,694983959,"""Soft Sip""",[0.27295273542404175],"[0, 0, 1, 0]"
136.851241112,,8539,,1583006441,701144933,"""Soft Sip""",[0.26209455728530884],"[0, 0, 1, 0]"
136.857184649,,8540,,1583006441,709341049,"""Soft Sip""",[0.27295273542404175],"[0, 0, 1, 0]"
136.864085674,,8541,,1583006441,715256929,"""Soft Sip""",[0.26209455728530884],"[0, 0, 1, 0]"
136.871148348,,8542,,1583006441,722182989,"""Soft Sip""",[0.27295273542404175],"[0, 0, 1, 0]"
136.876477718,,8543,,1583006441,729131937,"""Soft Sip""",[0.26209455728530884],"[0, 0, 1, 0]"
136.88269949,,8544,,1583006441,733836889,"""Soft Sip""",[0.27295273542404175],"[0, 0, 1, 0]"
136.888749838,,8545,,1583006441,740770101,"""Soft Sip""",[0.26209455728530884],"[0, 0, 1, 0]"
136.900977612,,8546,,1583006441,751147985,"""Soft Sip""",[0.2512364089488983],"[0, 0, 1, 0]"
136.955514193,,8547,,1583006441,807034969,"""Soft Sip""",[0.26209455728530884],"[0, 0, 1, 0]"
136.965497971,,8548,,1583006441,817143917,"""Soft Sip""",[0.27295273542404175],"[0, 0, 1, 0]"
136.983294249,,8549,,1583006441,835051059,"""Soft Sip""",[0.28381088376045227],"[0, 0, 1, 0]"
136.991094589,,8550,,1583006441,842987060,"""Soft Sip""",[0.2946690618991852],"[0, 0, 1, 0]"
136.992223024,,8551,,1583006441,849169969,"""Soft-Hard Sip Deadband""",[0.30549511313438416],"[0, 0, 0, 0]"
136.99811244,,8552,,1583006441,855098009,"""Soft-Hard Sip Deadband""",[0.3163532614707947],"[0, 0, 0, 0]"
137.003951311,,8553,,1583006441,861006021,"""Soft-Hard Sip Deadband""",[0.3272114396095276],"[0, 0, 0, 0]"
137.012485504,,8554,,1583006441,869024038,"""Soft-Hard Sip Deadband""",[0.3380695879459381],"[0, 0, 0, 0]"
137.0224545,,8555,,1583006441,879072904,"""Soft-Hard Sip Deadband""",[0.348927766084671],"[0, 0, 0, 0]"
137.032228231,,8556,,1583006441,889019966,"""Soft-Hard Sip Deadband""",[0.3597537875175476],"[0, 0, 0, 0]"
137.066191912,,8557,,1583006441,923067092,"""Soft-Hard Sip Deadband""",[0.348927766084671],"[0, 0, 0, 0]"
137.073984623,,8558,,1583006441,931014060,"""Soft-Hard Sip Deadband""",[0.3597537875175476],"[0, 0, 0, 0]"
137.088142395,,8559,,1583006441,945040941,"""Soft-Hard Sip Deadband""",[0.3706119656562805],"[0, 0, 0, 0]"
137.124418259,,8560,,1583006441,981115102,"""Soft-Hard Sip Deadband""",[0.3597537875175476],"[0, 0, 0, 0]"
137.126311064,,8561,,1583006441,983006954,"""Soft-Hard Sip Deadband""",[0.3706119656562805],"[0, 0, 0, 0]"
137.127940178,,8562,,1583006441,984971046,"""Soft-Hard Sip Deadband""",[0.3597537875175476],"[0, 0, 0, 0]"
137.142301321,,8563,,1583006441,999072074,"""Soft-Hard Sip Deadband""",[0.348927766084671],"[0, 0, 0, 0]"
137.160192251,,8564,,1583006442,17064094,"""Soft-Hard Sip Deadband""",[0.3380695879459381],"[0, 0, 0, 0]"
137.161941051,,8565,,1583006442,18985986,"""Soft-Hard Sip Deadband""",[0.348927766084671],"[0, 0, 0, 0]"
137.170186043,,8566,,1583006442,27082920,"""Soft-Hard Sip Deadband""",[0.3380695879459381],"[0, 0, 0, 0]"
137.186148167,,8567,,1583006442,43044090,"""Soft-Hard Sip Deadband""",[0.3272114396095276],"[0, 0, 0, 0]"
137.192098379,,8568,,1583006442,49015998,"""Soft-Hard Sip Deadband""",[0.3163532614707947],"[0, 0, 0, 0]"
137.194142103,,8569,,1583006442,51012039,"""Soft-Hard Sip Deadband""",[0.30549511313438416],"[0, 0, 0, 0]"
137.20262146,,8570,,1583006442,55048942,"""Zero Band""",[0.2946690618991852],"[0, 0, 0, 0]"
137.207741261,,8571,,1583006442,60677051,"""Zero Band""",[0.28381088376045227],"[0, 0, 0, 0]"
137.214354038,,8572,,1583006442,65793037,"""Zero Band""",[0.27295273542404175],"[0, 0, 0, 0]"
137.220594168,,8573,,1583006442,72563886,"""Zero Band""",[0.26209455728530884],"[0, 0, 0, 0]"
137.225747585,,8574,,1583006442,78759908,"""Zero Band""",[0.2512364089488983],"[0, 0, 0, 0]"
137.233167887,,8575,,1583006442,83734035,"""Zero Band""",[0.22955219447612762],"[0, 0, 0, 0]"
137.238541365,,8576,,1583006442,91144084,"""Zero Band""",[0.2186940312385559],"[0, 0, 0, 0]"
137.243789911,,8577,,1583006442,96576929,"""Zero Band""",[0.2078358680009842],"[0, 0, 0, 0]"
137.249307871,,8578,,1583006442,101664066,"""Zero Band""",[0.19697770476341248],"[0, 0, 0, 0]"
137.254277945,,8579,,1583006442,107423067,"""Zero Band""",[0.17529350519180298],"[0, 0, 0, 0]"
137.259551287,,8580,,1583006442,112287998,"""Zero Band""",[0.16443534195423126],"[0, 0, 0, 0]"
137.267073631,,8581,,1583006442,117536067,"""Zero Band""",[0.14271900057792664],"[0, 0, 0, 0]"
137.272937775,,8582,,1583006442,125091075,"""Zero Band""",[0.13186083734035492],"[0, 0, 0, 0]"
137.277662754,,8583,,1583006442,130917072,"""Zero Band""",[0.11017663776874542],"[0, 0, 0, 0]"
137.282863855,,8584,,1583006442,135689020,"""Zero Band""",[0.0993184745311737],"[0, 0, 0, 0]"
137.289173841,,8585,,1583006442,140932083,"""Zero Band""",[0.08846031129360199],"[0, 0, 0, 0]"
137.294634819,,8586,,1583006442,147315025,"""Zero Band""",[0.06674397736787796],"[0, 0, 0, 0]"
137.300586939,,8587,,1583006442,152479887,"""Zero Band""",[0.05591794103384018],"[0, 0, 0, 0]"
137.305834293,,8588,,1583006442,158560991,"""Zero Band""",[0.04505977779626846],"[0, 0, 0, 0]"
137.312651873,,8589,,1583006442,163815021,"""Zero Band""",[0.03420161083340645],"[0, 0, 0, 0]"
137.319962502,,8590,,1583006442,170777082,"""Zero Band""",[0.012485282495617867],"[0, 0, 0, 0]"
137.320855379,,8591,,1583006442,177933931,"""Zero Band""",[0.0016592431347817183],"[0, 0, 0, 0]"
137.321665525,,8592,,1583006442,178838968,"""Zero Band""",[-0.0],"[0, 0, 0, 0]"
137.322550535,,8593,,1583006442,179641962,"""Zero Band""",[-0.0],"[0, 0, 0, 0]"
137.323319674,,8594,,1583006442,180531978,"""Zero Band""",[-0.0],"[0, 0, 0, 0]"
137.324091434,,8595,,1583006442,181299924,"""Zero Band""",[-0.0],"[0, 0, 0, 0]"
137.324833632,,8596,,1583006442,182061910,"""Zero Band""",[-0.0],"[0, 0, 0, 0]"
137.324915171,,8597,,1583006442,182061910,"""input stopped""",[-0.0],"[0, 0, 0, 0]"
138.013504267,,8598,,1583006442,870088100,"""Zero Band""",[-0.0],"[0, 0, 0, 0]"
138.016004801,,8599,,1583006442,872989892,"""Zero Band""",[0.0016592431347817183],"[0, 0, 0, 0]"
138.024023533,,8600,,1583006442,874979019,"""Zero Band""",[0.06674397736787796],"[0, 0, 0, 0]"
138.029042006,,8601,,1583006442,882059097,"""Zero Band""",[0.12103480100631714],"[0, 0, 0, 0]"
138.033741951,,8602,,1583006442,887025117,"""Zero Band""",[0.17529350519180298],"[0, 0, 0, 0]"
138.041031599,,8603,,1583006442,891840934,"""Zero Band""",[0.2512364089488983],"[0, 0, 0, 0]"
138.041958094,,8604,,1583006442,899022102,"""Soft-Hard Sip Deadband""",[0.3163532614707947],"[0, 0, 0, 0]"
138.042683363,,8605,,1583006442,899844884,"""Soft-Hard Sip Deadband""",[0.38147011399269104],"[0, 0, 0, 0]"
138.043542147,,8606,,1583006442,900664091,"""Soft-Hard Sip Deadband""",[0.4791293442249298],"[0, 0, 0, 0]"
138.048791885,,8607,,1583006442,901643991,"""Hard Sip""",[0.5551043748855591],"[0, 0, 0, 1]"
138.055148125,,8608,,1583006442,906775951,"""Hard Sip""",[0.6310794353485107],"[0, 0, 0, 1]"
138.060904026,,8609,,1583006442,913136005,"""Hard Sip""",[0.7287386655807495],"[0, 0, 0, 1]"
138.066459656,,8610,,1583006442,918889045,"""Hard Sip""",[0.8155718445777893],"[0, 0, 0, 1]"
138.071011305,,8611,,1583006442,924521923,"""Hard Sip""",[0.9023728966712952],"[0, 0, 0, 1]"
138.076549053,,8612,,1583006442,928980112,"""Zero Band""",[1.0],"[0, 0, 0, 0]"
138.40213728,,8613,,1583006443,253057003,"""Zero Band""",[0.9674897789955139],"[0, 0, 0, 0]"
138.407093048,,8614,,1583006443,260226011,"""Zero Band""",[0.8806886672973633],"[0, 0, 0, 0]"
138.411886692,,8615,,1583006443,265079975,"""Zero Band""",[0.7938554883003235],"[0, 0, 0, 0]"
138.41867137,,8616,,1583006443,269969940,"""Zero Band""",[0.6961962580680847],"[0, 0, 0, 0]"
138.423539162,,8617,,1583006443,276650905,"""Zero Band""",[0.6093630790710449],"[0, 0, 0, 0]"
138.42949152,,8618,,1583006443,281524896,"""Zero Band""",[0.533388078212738],"[0, 0, 0, 0]"
138.430601358,,8619,,1583006443,287482976,"""Soft-Hard Sip Deadband""",[0.4683033227920532],"[0, 0, 0, 0]"
138.431861162,,8620,,1583006443,288702011,"""Soft-Hard Sip Deadband""",[0.39232829213142395],"[0, 0, 0, 0]"
138.432758808,,8621,,1583006443,289830923,"""Soft-Hard Sip Deadband""",[0.3272114396095276],"[0, 0, 0, 0]"
138.438424349,,8622,,1583006443,290735006,"""Zero Band""",[0.27295273542404175],"[0, 0, 0, 0]"
138.444515944,,8623,,1583006443,296411991,"""Zero Band""",[0.2078358680009842],"[0, 0, 0, 0]"
138.448962212,,8624,,1583006443,302491903,"""Zero Band""",[0.16443534195423126],"[0, 0, 0, 0]"
138.453187943,,8625,,1583006443,306941986,"""Zero Band""",[0.12103480100631714],"[0, 0, 0, 0]"
138.457634926,,8626,,1583006443,311187982,"""Zero Band""",[0.06674397736787796],"[0, 0, 0, 0]"
138.464429379,,8627,,1583006443,315720081,"""Zero Band""",[0.03420161083340645],"[0, 0, 0, 0]"
138.470484734,,8628,,1583006443,322419881,"""Zero Band""",[0.012485282495617867],"[0, 0, 0, 0]"
138.471449852,,8629,,1583006443,328461885,"""Zero Band""",[-0.0],"[0, 0, 0, 0]"
138.472344875,,8630,,1583006443,329524993,"""Zero Band""",[-0.0],"[0, 0, 0, 0]"
138.473117113,,8631,,1583006443,330322027,"""Zero Band""",[-0.0],"[0, 0, 0, 0]"
138.473267317,,8632,,1583006443,330322027,"""input stopped""",[-0.0],"[0, 0, 0, 0]"
139.133100033,,8633,,1583006443,990016937,"""Zero Band""",[-0.0],"[0, 0, 0, 0]"
139.140008211,,8634,,1583006443,996980905,"""Zero Band""",[-0.0],"[0, 0, 0, 0]"
139.141807556,,8635,,1583006443,998965024,"""Zero Band""",[-0.0],"[0, 0, 0, 0]"
139.148124695,,8636,,1583006444,5044937,"""Zero Band""",[-0.0],"[0, 0, 0, 0]"
139.154604673,,8637,,1583006444,11038064,"""Zero Band""",[-0.0],"[0, 0, 0, 0]"
139.15799427,,8638,,1583006444,15027999,"""Zero Band""",[-0.0016271184431388974],"[0, 0, 0, 0]"
139.1651721,,8639,,1583006444,16993999,"""Soft Puff""",[-0.012453158386051655],"[0, 1, 0, 0]"
139.206930161,,8640,,1583006444,23228883,"""Soft Puff""",[-0.023311322554945946],"[0, 1, 0, 0]"
139.212186813,,8641,,1583006444,65071105,"""Soft Puff""",[-0.03416948765516281],"[0, 1, 0, 0]"
139.217972279,,8642,,1583006444,70231914,"""Soft Puff""",[-0.04502765089273453],"[0, 1, 0, 0]"
139.224034786,,8643,,1583006444,75957059,"""Soft Puff""",[-0.055885814130306244],"[0, 1, 0, 0]"
139.231461048,,8644,,1583006444,82042932,"""Soft Puff""",[-0.06671185791492462],"[0, 1, 0, 0]"
139.236930847,,8645,,1583006444,89436054,"""Soft Puff""",[-0.07757002115249634],"[0, 1, 0, 0]"
139.243900061,,8646,,1583006444,94922065,"""Soft Puff""",[-0.08842818439006805],"[0, 1, 0, 0]"
139.250688553,,8647,,1583006444,102018117,"""Soft Puff""",[-0.09928634762763977],"[0, 1, 0, 0]"
139.256355286,,8648,,1583006444,108670949,"""Soft Puff""",[-0.11014451086521149],"[0, 1, 0, 0]"
139.262137413,,8649,,1583006444,114343881,"""Soft Puff""",[-0.1210026741027832],"[0, 1, 0, 0]"
139.26756072,,8650,,1583006444,120230913,"""Soft Puff""",[-0.13182871043682098],"[0, 1, 0, 0]"
139.27263546,,8651,,1583006444,125541925,"""Soft Puff""",[-0.1426868885755539],"[0, 1, 0, 0]"
139.277545214,,8652,,1583006444,130700111,"""Soft Puff""",[-0.1535450518131256],"[0, 1, 0, 0]"
139.283085585,,8653,,1583006444,135526895,"""Soft Puff""",[-0.16440321505069733],"[0, 1, 0, 0]"
139.288566351,,8654,,1583006444,141055107,"""Soft Puff""",[-0.17526137828826904],"[0, 1, 0, 0]"
139.293769121,,8655,,1583006444,146641969,"""Soft Puff""",[-0.18608741462230682],"[0, 1, 0, 0]"
139.299928665,,8656,,1583006444,151854038,"""Soft Puff""",[-0.19694557785987854],"[0, 1, 0, 0]"
139.304833889,,8657,,1583006444,157907009,"""Soft Puff""",[-0.20780374109745026],"[0, 1, 0, 0]"
139.310432911,,8658,,1583006444,162909984,"""Soft Puff""",[-0.21866190433502197],"[0, 1, 0, 0]"
139.316324234,,8659,,1583006444,168515920,"""Soft Puff""",[-0.2295200675725937],"[0, 1, 0, 0]"
139.325478315,,8660,,1583006444,177010059,"""Soft Puff""",[-0.24034611880779266],"[0, 1, 0, 0]"
139.345704794,,8661,,1583006444,197065114,"""Soft Puff""",[-0.2512042820453644],"[0, 1, 0, 0]"
139.352894306,,8662,,1583006444,203783988,"""Soft Puff""",[-0.24034611880779266],"[0, 1, 0, 0]"
139.359070539,,8663,,1583006444,210973024,"""Soft Puff""",[-0.2512042820453644],"[0, 1, 0, 0]"
139.366733551,,8664,,1583006444,219027996,"""Soft Puff""",[-0.2620624303817749],"[0, 1, 0, 0]"
139.373067141,,8665,,1583006444,224929094,"""Soft Puff""",[-0.2512042820453644],"[0, 1, 0, 0]"
139.380398035,,8666,,1583006444,231178045,"""Soft Puff""",[-0.2620624303817749],"[0, 1, 0, 0]"
139.387737513,,8667,,1583006444,238482952,"""Soft Puff""",[-0.2729206085205078],"[0, 1, 0, 0]"
139.392618895,,8668,,1583006444,245747089,"""Soft Puff""",[-0.2620624303817749],"[0, 1, 0, 0]"
139.397425652,,8669,,1583006444,250655889,"""Soft Puff""",[-0.2729206085205078],"[0, 1, 0, 0]"
139.402199984,,8670,,1583006444,255490064,"""Soft Puff""",[-0.28377875685691833],"[0, 1, 0, 0]"
139.415230989,,8671,,1583006444,267005920,"""Soft Puff""",[-0.29463693499565125],"[0, 1, 0, 0]"
139.426350832,,8672,,1583006444,283056974,"""Soft-Hard Puff Deadband""",[-0.3054629862308502],"[0, 0, 0, 0]"
139.44427681,,8673,,1583006444,301086902,"""Soft-Hard Puff Deadband""",[-0.31632113456726074],"[0, 0, 0, 0]"
139.5201056,,8674,,1583006444,377073049,"""Soft-Hard Puff Deadband""",[-0.32717931270599365],"[0, 0, 0, 0]"
139.580287933,,8675,,1583006444,437128067,"""Soft-Hard Puff Deadband""",[-0.3380374610424042],"[0, 0, 0, 0]"
139.633893967,,8676,,1583006444,491025924,"""Soft-Hard Puff Deadband""",[-0.3488956391811371],"[0, 0, 0, 0]"
139.637997389,,8677,,1583006444,495049953,"""Soft-Hard Puff Deadband""",[-0.3380374610424042],"[0, 0, 0, 0]"
139.639882565,,8678,,1583006444,497001886,"""Soft-Hard Puff Deadband""",[-0.3488956391811371],"[0, 0, 0, 0]"
139.668425322,,8679,,1583006444,525089979,"""Soft-Hard Puff Deadband""",[-0.35972166061401367],"[0, 0, 0, 0]"
139.674257755,,8680,,1583006444,531074047,"""Soft-Hard Puff Deadband""",[-0.3488956391811371],"[0, 0, 0, 0]"
139.676045418,,8681,,1583006444,533041000,"""Soft-Hard Puff Deadband""",[-0.35972166061401367],"[0, 0, 0, 0]"
139.716439724,,8682,,1583006444,573132991,"""Soft-Hard Puff Deadband""",[-0.3488956391811371],"[0, 0, 0, 0]"
139.812293768,,8683,,1583006444,669115066,"""Soft-Hard Puff Deadband""",[-0.3380374610424042],"[0, 0, 0, 0]"
139.856285572,,8684,,1583006444,713100910,"""Soft-Hard Puff Deadband""",[-0.32717931270599365],"[0, 0, 0, 0]"
139.857919693,,8685,,1583006444,715020895,"""Soft-Hard Puff Deadband""",[-0.3380374610424042],"[0, 0, 0, 0]"
139.862040043,,8686,,1583006444,719050884,"""Soft-Hard Puff Deadband""",[-0.32717931270599365],"[0, 0, 0, 0]"
139.874230623,,8687,,1583006444,731098890,"""Soft-Hard Puff Deadband""",[-0.31632113456726074],"[0, 0, 0, 0]"
139.882164001,,8688,,1583006444,739051103,"""Soft-Hard Puff Deadband""",[-0.3054629862308502],"[0, 0, 0, 0]"
139.898691177,,8689,,1583006444,751020908,"""Soft Puff""",[-0.29463693499565125],"[0, 1, 0, 0]"
139.913310528,,8690,,1583006444,765002965,"""Soft Puff""",[-0.28377875685691833],"[0, 1, 0, 0]"
139.920901775,,8691,,1583006444,773005008,"""Soft Puff""",[-0.2729206085205078],"[0, 1, 0, 0]"
139.933118105,,8692,,1583006444,783010005,"""Soft Puff""",[-0.2620624303817749],"[0, 1, 0, 0]"
139.938456297,,8693,,1583006444,791177988,"""Soft Puff""",[-0.2512042820453644],"[0, 1, 0, 0]"
139.948997021,,8694,,1583006444,801017045,"""Soft Puff""",[-0.24034611880779266],"[0, 1, 0, 0]"
139.955527067,,8695,,1583006444,807331085,"""Soft Puff""",[-0.2295200675725937],"[0, 1, 0, 0]"
139.9640522,,8696,,1583006444,815035104,"""Soft Puff""",[-0.21866190433502197],"[0, 1, 0, 0]"
139.969648123,,8697,,1583006444,822190046,"""Soft Puff""",[-0.20780374109745026],"[0, 1, 0, 0]"
139.975401878,,8698,,1583006444,827729940,"""Soft Puff""",[-0.19694557785987854],"[0, 1, 0, 0]"
139.98171854,,8699,,1583006444,833456039,"""Soft Puff""",[-0.18608741462230682],"[0, 1, 0, 0]"
139.987721205,,8700,,1583006444,839824914,"""Soft Puff""",[-0.17526137828826904],"[0, 1, 0, 0]"
139.993692398,,8701,,1583006444,845808029,"""Soft Puff""",[-0.16440321505069733],"[0, 1, 0, 0]"
140.001155138,,8702,,1583006444,851747989,"""Soft Puff""",[-0.1535450518131256],"[0, 1, 0, 0]"
140.006131411,,8703,,1583006444,859217882,"""Soft Puff""",[-0.1426868885755539],"[0, 1, 0, 0]"
140.012062073,,8704,,1583006444,864160060,"""Soft Puff""",[-0.13182871043682098],"[0, 1, 0, 0]"
140.018550396,,8705,,1583006444,871026992,"""Soft Puff""",[-0.1210026741027832],"[0, 1, 0, 0]"
140.033403158,,8706,,1583006444,885039091,"""Soft Puff""",[-0.11014451086521149],"[0, 1, 0, 0]"
140.044018507,,8707,,1583006444,897027015,"""Soft Puff""",[-0.09928634762763977],"[0, 1, 0, 0]"
140.074515581,,8708,,1583006444,927001953,"""Soft Puff""",[-0.08842818439006805],"[0, 1, 0, 0]"
140.079755068,,8709,,1583006444,932580947,"""Soft Puff""",[-0.09928634762763977],"[0, 1, 0, 0]"
140.086169243,,8710,,1583006444,937833070,"""Soft Puff""",[-0.08842818439006805],"[0, 1, 0, 0]"
140.261817932,,8711,,1583006445,113090991,"""Soft Puff""",[-0.09928634762763977],"[0, 1, 0, 0]"
140.26894784,,8712,,1583006445,119879007,"""Soft Puff""",[-0.08842818439006805],"[0, 1, 0, 0]"
140.273959875,,8713,,1583006445,126962900,"""Soft Puff""",[-0.09928634762763977],"[0, 1, 0, 0]"
140.301650286,,8714,,1583006445,153079986,"""Soft Puff""",[-0.11014451086521149],"[0, 1, 0, 0]"
140.307452917,,8715,,1583006445,159740924,"""Soft Puff""",[-0.09928634762763977],"[0, 1, 0, 0]"
140.31252861,,8716,,1583006445,165466070,"""Soft Puff""",[-0.11014451086521149],"[0, 1, 0, 0]"
140.339865446,,8717,,1583006445,191203117,"""Soft Puff""",[-0.09928634762763977],"[0, 1, 0, 0]"
140.346412897,,8718,,1583006445,197911977,"""Soft Puff""",[-0.11014451086521149],"[0, 1, 0, 0]"
140.35407424,,8719,,1583006445,204545021,"""Soft Puff""",[-0.09928634762763977],"[0, 1, 0, 0]"
140.360411882,,8720,,1583006445,212182998,"""Soft Puff""",[-0.11014451086521149],"[0, 1, 0, 0]"
140.367060184,,8721,,1583006445,218491077,"""Soft Puff""",[-0.09928634762763977],"[0, 1, 0, 0]"
140.383931637,,8722,,1583006445,233026027,"""Soft Puff""",[-0.11014451086521149],"[0, 1, 0, 0]"
140.389658451,,8723,,1583006445,242013931,"""Soft Puff""",[-0.09928634762763977],"[0, 1, 0, 0]"
140.394629955,,8724,,1583006445,247796058,"""Soft Puff""",[-0.11014451086521149],"[0, 1, 0, 0]"
140.401412249,,8725,,1583006445,252675056,"""Soft Puff""",[-0.09928634762763977],"[0, 1, 0, 0]"
140.428631067,,8726,,1583006445,281029939,"""Soft Puff""",[-0.11014451086521149],"[0, 1, 0, 0]"
140.434242964,,8727,,1583006445,286705970,"""Soft Puff""",[-0.09928634762763977],"[0, 1, 0, 0]"
140.50641942,,8728,,1583006445,359040975,"""Soft Puff""",[-0.11014451086521149],"[0, 1, 0, 0]"
140.511063814,,8729,,1583006445,364504098,"""Soft Puff""",[-0.09928634762763977],"[0, 1, 0, 0]"
140.516012192,,8730,,1583006445,369163036,"""Soft Puff""",[-0.11014451086521149],"[0, 1, 0, 0]"
140.52245903,,8731,,1583006445,374092102,"""Soft Puff""",[-0.09928634762763977],"[0, 1, 0, 0]"
140.529044151,,8732,,1583006445,380523920,"""Soft Puff""",[-0.11014451086521149],"[0, 1, 0, 0]"
140.534806252,,8733,,1583006445,387140989,"""Soft Puff""",[-0.09928634762763977],"[0, 1, 0, 0]"
140.540846586,,8734,,1583006445,392781019,"""Soft Puff""",[-0.11014451086521149],"[0, 1, 0, 0]"
140.562841177,,8735,,1583006445,415050983,"""Soft Puff""",[-0.1210026741027832],"[0, 1, 0, 0]"
140.704558134,,8736,,1583006445,557065010,"""Soft Puff""",[-0.11014451086521149],"[0, 1, 0, 0]"
140.839040756,,8737,,1583006445,689136028,"""Soft Puff""",[-0.1210026741027832],"[0, 1, 0, 0]"
140.899321079,,8738,,1583006445,749211072,"""Soft Puff""",[-0.13182871043682098],"[0, 1, 0, 0]"
140.906950951,,8739,,1583006445,757431030,"""Soft Puff""",[-0.1210026741027832],"[0, 1, 0, 0]"
140.913461924,,8740,,1583006445,765013933,"""Soft Puff""",[-0.13182871043682098],"[0, 1, 0, 0]"
140.968084097,,8741,,1583006445,819057941,"""Soft Puff""",[-0.1426868885755539],"[0, 1, 0, 0]"
140.973922968,,8742,,1583006445,826155900,"""Soft Puff""",[-0.13182871043682098],"[0, 1, 0, 0]"
140.980718851,,8743,,1583006445,831924915,"""Soft Puff""",[-0.1426868885755539],"[0, 1, 0, 0]"
140.986116409,,8744,,1583006445,838802099,"""Soft Puff""",[-0.13182871043682098],"[0, 1, 0, 0]"
141.03704524,,8745,,1583006445,887129068,"""Soft Puff""",[-0.1210026741027832],"[0, 1, 0, 0]"
141.04189682,,8746,,1583006445,895128965,"""Soft Puff""",[-0.13182871043682098],"[0, 1, 0, 0]"
141.046257257,,8747,,1583006445,899940013,"""Soft Puff""",[-0.1210026741027832],"[0, 1, 0, 0]"
141.053445578,,8748,,1583006445,904239892,"""Soft Puff""",[-0.13182871043682098],"[0, 1, 0, 0]"
141.060045719,,8749,,1583006445,911539077,"""Soft Puff""",[-0.1210026741027832],"[0, 1, 0, 0]"
141.244009256,,8750,,1583006446,95130920,"""Soft Puff""",[-0.13182871043682098],"[0, 1, 0, 0]"
141.248744011,,8751,,1583006446,102082967,"""Soft Puff""",[-0.1210026741027832],"[0, 1, 0, 0]"
141.253756046,,8752,,1583006446,106801033,"""Soft Puff""",[-0.13182871043682098],"[0, 1, 0, 0]"
141.321851015,,8753,,1583006446,173165082,"""Soft Puff""",[-0.1426868885755539],"[0, 1, 0, 0]"
141.326628447,,8754,,1583006446,179912090,"""Soft Puff""",[-0.13182871043682098],"[0, 1, 0, 0]"
141.331487894,,8755,,1583006446,184700012,"""Soft Puff""",[-0.1426868885755539],"[0, 1, 0, 0]"
141.385088444,,8756,,1583006446,235081911,"""Soft Puff""",[-0.13182871043682098],"[0, 1, 0, 0]"
141.390367508,,8757,,1583006446,243134021,"""Soft Puff""",[-0.1426868885755539],"[0, 1, 0, 0]"
141.437526464,,8758,,1583006446,289088010,"""Soft Puff""",[-0.13182871043682098],"[0, 1, 0, 0]"
141.445435047,,8759,,1583006446,295587062,"""Soft Puff""",[-0.1426868885755539],"[0, 1, 0, 0]"
141.451815128,,8760,,1583006446,303456068,"""Soft Puff""",[-0.13182871043682098],"[0, 1, 0, 0]"
141.456433058,,8761,,1583006446,309683084,"""Soft Puff""",[-0.1426868885755539],"[0, 1, 0, 0]"
141.462343454,,8762,,1583006446,314502000,"""Soft Puff""",[-0.13182871043682098],"[0, 1, 0, 0]"
141.468403816,,8763,,1583006446,320394992,"""Soft Puff""",[-0.1426868885755539],"[0, 1, 0, 0]"
141.473386049,,8764,,1583006446,326458930,"""Soft Puff""",[-0.13182871043682098],"[0, 1, 0, 0]"
141.480648994,,8765,,1583006446,331427097,"""Soft Puff""",[-0.1426868885755539],"[0, 1, 0, 0]"
141.48640275,,8766,,1583006446,338745117,"""Soft Puff""",[-0.13182871043682098],"[0, 1, 0, 0]"
141.49145031,,8767,,1583006446,344454050,"""Soft Puff""",[-0.1426868885755539],"[0, 1, 0, 0]"
141.49642992,,8768,,1583006446,349509000,"""Soft Puff""",[-0.13182871043682098],"[0, 1, 0, 0]"
141.502638578,,8769,,1583006446,354371070,"""Soft Puff""",[-0.1426868885755539],"[0, 1, 0, 0]"
141.616154671,,8770,,1583006446,467072963,"""Soft Puff""",[-0.1535450518131256],"[0, 1, 0, 0]"
141.62078023,,8771,,1583006446,473370075,"""Soft Puff""",[-0.1426868885755539],"[0, 1, 0, 0]"
141.626947641,,8772,,1583006446,478847026,"""Soft Puff""",[-0.1535450518131256],"[0, 1, 0, 0]"
141.694645405,,8773,,1583006446,547120094,"""Soft Puff""",[-0.16440321505069733],"[0, 1, 0, 0]"
141.701354027,,8774,,1583006446,552975893,"""Soft Puff""",[-0.1535450518131256],"[0, 1, 0, 0]"
141.707324028,,8775,,1583006446,559429883,"""Soft Puff""",[-0.16440321505069733],"[0, 1, 0, 0]"
141.739250422,,8776,,1583006446,591068029,"""Soft Puff""",[-0.17526137828826904],"[0, 1, 0, 0]"
141.769008636,,8777,,1583006446,621053934,"""Soft Puff""",[-0.18608741462230682],"[0, 1, 0, 0]"
141.775902271,,8778,,1583006446,628989934,"""Soft Puff""",[-0.17526137828826904],"[0, 1, 0, 0]"
141.781451464,,8779,,1583006446,633896112,"""Soft Puff""",[-0.18608741462230682],"[0, 1, 0, 0]"
141.791856527,,8780,,1583006446,643162012,"""Soft Puff""",[-0.17526137828826904],"[0, 1, 0, 0]"
141.797333717,,8781,,1583006446,649940967,"""Soft Puff""",[-0.18608741462230682],"[0, 1, 0, 0]"
141.805310488,,8782,,1583006446,655404090,"""Soft Puff""",[-0.17526137828826904],"[0, 1, 0, 0]"
141.839159727,,8783,,1583006446,691025018,"""Soft Puff""",[-0.16440321505069733],"[0, 1, 0, 0]"
141.845027685,,8784,,1583006446,697189092,"""Soft Puff""",[-0.17526137828826904],"[0, 1, 0, 0]"
141.858509302,,8785,,1583006446,709117889,"""Soft Puff""",[-0.16440321505069733],"[0, 1, 0, 0]"
141.927022219,,8786,,1583006446,777090072,"""Soft Puff""",[-0.1535450518131256],"[0, 1, 0, 0]"
141.931799412,,8787,,1583006446,785139083,"""Soft Puff""",[-0.16440321505069733],"[0, 1, 0, 0]"
141.936494827,,8788,,1583006446,789897918,"""Soft Puff""",[-0.1535450518131256],"[0, 1, 0, 0]"
141.944210052,,8789,,1583006446,794547080,"""Soft Puff""",[-0.16440321505069733],"[0, 1, 0, 0]"
141.950233698,,8790,,1583006446,802258968,"""Soft Puff""",[-0.1535450518131256],"[0, 1, 0, 0]"
141.955867767,,8791,,1583006446,808293104,"""Soft Puff""",[-0.16440321505069733],"[0, 1, 0, 0]"
141.992984772,,8792,,1583006446,845156908,"""Soft Puff""",[-0.17526137828826904],"[0, 1, 0, 0]"
141.998215199,,8793,,1583006446,851046085,"""Soft Puff""",[-0.16440321505069733],"[0, 1, 0, 0]"
142.004326582,,8794,,1583006446,856302022,"""Soft Puff""",[-0.17526137828826904],"[0, 1, 0, 0]"
142.008984566,,8795,,1583006446,862373113,"""Soft Puff""",[-0.16440321505069733],"[0, 1, 0, 0]"
142.013966322,,8796,,1583006446,867008924,"""Soft Puff""",[-0.17526137828826904],"[0, 1, 0, 0]"
142.021291494,,8797,,1583006446,871938943,"""Soft Puff""",[-0.16440321505069733],"[0, 1, 0, 0]"
142.026290894,,8798,,1583006446,879369974,"""Soft Puff""",[-0.17526137828826904],"[0, 1, 0, 0]"
142.032045126,,8799,,1583006446,885015964,"""Soft Puff""",[-0.18608741462230682],"[0, 1, 0, 0]"
142.037571907,,8800,,1583006446,890141010,"""Soft Puff""",[-0.17526137828826904],"[0, 1, 0, 0]"
142.046006918,,8801,,1583006446,899061918,"""Soft Puff""",[-0.18608741462230682],"[0, 1, 0, 0]"
142.053504944,,8802,,1583006446,904078006,"""Soft Puff""",[-0.17526137828826904],"[0, 1, 0, 0]"
142.058647871,,8803,,1583006446,911686897,"""Soft Puff""",[-0.18608741462230682],"[0, 1, 0, 0]"
142.072547674,,8804,,1583006446,925084114,"""Soft Puff""",[-0.17526137828826904],"[0, 1, 0, 0]"
142.077952385,,8805,,1583006446,930633068,"""Soft Puff""",[-0.18608741462230682],"[0, 1, 0, 0]"
142.083927631,,8806,,1583006446,936022043,"""Soft Puff""",[-0.17526137828826904],"[0, 1, 0, 0]"
142.090245008,,8807,,1583006446,942044019,"""Soft Puff""",[-0.18608741462230682],"[0, 1, 0, 0]"
142.096487522,,8808,,1583006446,948273897,"""Soft Puff""",[-0.17526137828826904],"[0, 1, 0, 0]"
142.125739098,,8809,,1583006446,977164983,"""Soft Puff""",[-0.18608741462230682],"[0, 1, 0, 0]"
142.130738497,,8810,,1583006446,983831882,"""Soft Puff""",[-0.17526137828826904],"[0, 1, 0, 0]"
142.137127161,,8811,,1583006446,988790988,"""Soft Puff""",[-0.18608741462230682],"[0, 1, 0, 0]"
142.171753645,,8812,,1583006447,23073911,"""Soft Puff""",[-0.19694557785987854],"[0, 1, 0, 0]"
142.177370548,,8813,,1583006447,29783010,"""Soft Puff""",[-0.18608741462230682],"[0, 1, 0, 0]"
142.188721895,,8814,,1583006447,39042949,"""Soft Puff""",[-0.19694557785987854],"[0, 1, 0, 0]"
142.193521976,,8815,,1583006447,46771049,"""Soft Puff""",[-0.18608741462230682],"[0, 1, 0, 0]"
142.204636812,,8816,,1583006447,57128906,"""Soft Puff""",[-0.19694557785987854],"[0, 1, 0, 0]"
142.210564137,,8817,,1583006447,62962055,"""Soft Puff""",[-0.18608741462230682],"[0, 1, 0, 0]"
142.217384577,,8818,,1583006447,68614959,"""Soft Puff""",[-0.19694557785987854],"[0, 1, 0, 0]"
142.222851753,,8819,,1583006447,75464010,"""Soft Puff""",[-0.18608741462230682],"[0, 1, 0, 0]"
142.228081226,,8820,,1583006447,80919027,"""Soft Puff""",[-0.19694557785987854],"[0, 1, 0, 0]"
142.234344482,,8821,,1583006447,86184978,"""Soft Puff""",[-0.18608741462230682],"[0, 1, 0, 0]"
142.240402699,,8822,,1583006447,92454910,"""Soft Puff""",[-0.19694557785987854],"[0, 1, 0, 0]"
142.262676477,,8823,,1583006447,115080118,"""Soft Puff""",[-0.20780374109745026],"[0, 1, 0, 0]"
142.321719646,,8824,,1583006447,173146009,"""Soft Puff""",[-0.21866190433502197],"[0, 1, 0, 0]"
142.356895685,,8825,,1583006447,207060098,"""Soft Puff""",[-0.2295200675725937],"[0, 1, 0, 0]"
142.403422117,,8826,,1583006447,253067016,"""Soft Puff""",[-0.24034611880779266],"[0, 1, 0, 0]"
142.40971899,,8827,,1583006447,261511087,"""Soft Puff""",[-0.2295200675725937],"[0, 1, 0, 0]"
142.417181015,,8828,,1583006447,267589092,"""Soft Puff""",[-0.24034611880779266],"[0, 1, 0, 0]"
142.421984911,,8829,,1583006447,275279998,"""Soft Puff""",[-0.2295200675725937],"[0, 1, 0, 0]"
142.426696301,,8830,,1583006447,279982089,"""Soft Puff""",[-0.24034611880779266],"[0, 1, 0, 0]"
142.447847366,,8831,,1583006447,299071073,"""Soft Puff""",[-0.2295200675725937],"[0, 1, 0, 0]"
142.45459342,,8832,,1583006447,305951118,"""Soft Puff""",[-0.24034611880779266],"[0, 1, 0, 0]"
142.460583925,,8833,,1583006447,313005924,"""Soft Puff""",[-0.2295200675725937],"[0, 1, 0, 0]"
142.465735912,,8834,,1583006447,318654060,"""Soft Puff""",[-0.24034611880779266],"[0, 1, 0, 0]"
142.472743034,,8835,,1583006447,323777914,"""Soft Puff""",[-0.2295200675725937],"[0, 1, 0, 0]"
142.479861975,,8836,,1583006447,330787897,"""Soft Puff""",[-0.24034611880779266],"[0, 1, 0, 0]"
142.485489368,,8837,,1583006447,337894916,"""Soft Puff""",[-0.2295200675725937],"[0, 1, 0, 0]"
142.491616488,,8838,,1583006447,343549013,"""Soft Puff""",[-0.24034611880779266],"[0, 1, 0, 0]"
142.496638298,,8839,,1583006447,349704980,"""Soft Puff""",[-0.2295200675725937],"[0, 1, 0, 0]"
142.502607822,,8840,,1583006447,354707002,"""Soft Puff""",[-0.24034611880779266],"[0, 1, 0, 0]"
142.508118629,,8841,,1583006447,360588073,"""Soft Puff""",[-0.2295200675725937],"[0, 1, 0, 0]"
142.517288446,,8842,,1583006447,367098093,"""Soft Puff""",[-0.24034611880779266],"[0, 1, 0, 0]"
142.550503254,,8843,,1583006447,401089906,"""Soft Puff""",[-0.2512042820453644],"[0, 1, 0, 0]"
142.55570364,,8844,,1583006447,408598899,"""Soft Puff""",[-0.24034611880779266],"[0, 1, 0, 0]"
142.561590195,,8845,,1583006447,413749933,"""Soft Puff""",[-0.2512042820453644],"[0, 1, 0, 0]"
142.614537716,,8846,,1583006447,467078924,"""Soft Puff""",[-0.2620624303817749],"[0, 1, 0, 0]"
142.675949812,,8847,,1583006447,529074907,"""Soft Puff""",[-0.2729206085205078],"[0, 1, 0, 0]"
142.7275455,,8848,,1583006447,579145908,"""Soft Puff""",[-0.28377875685691833],"[0, 1, 0, 0]"
142.73500824,,8849,,1583006447,585611104,"""Soft Puff""",[-0.2729206085205078],"[0, 1, 0, 0]"
142.74130702,,8850,,1583006447,593162059,"""Soft Puff""",[-0.28377875685691833],"[0, 1, 0, 0]"
142.746344328,,8851,,1583006447,599371910,"""Soft Puff""",[-0.2729206085205078],"[0, 1, 0, 0]"
142.753181458,,8852,,1583006447,604326963,"""Soft Puff""",[-0.28377875685691833],"[0, 1, 0, 0]"
142.757978201,,8853,,1583006447,611041069,"""Soft Puff""",[-0.2729206085205078],"[0, 1, 0, 0]"
142.763517857,,8854,,1583006447,616065979,"""Soft Puff""",[-0.28377875685691833],"[0, 1, 0, 0]"
142.841558933,,8855,,1583006447,693082094,"""Soft Puff""",[-0.29463693499565125],"[0, 1, 0, 0]"
142.847246408,,8856,,1583006447,699662923,"""Soft Puff""",[-0.28377875685691833],"[0, 1, 0, 0]"
142.853779078,,8857,,1583006447,705348014,"""Soft Puff""",[-0.29463693499565125],"[0, 1, 0, 0]"
142.861102343,,8858,,1583006447,713007926,"""Soft Puff""",[-0.28377875685691833],"[0, 1, 0, 0]"
142.866099358,,8859,,1583006447,719171047,"""Soft Puff""",[-0.29463693499565125],"[0, 1, 0, 0]"
142.888041735,,8860,,1583006447,739105939,"""Soft Puff""",[-0.28377875685691833],"[0, 1, 0, 0]"
142.894064188,,8861,,1583006447,746984004,"""Soft Puff""",[-0.29463693499565125],"[0, 1, 0, 0]"
142.902840376,,8862,,1583006447,755004882,"""Soft Puff""",[-0.28377875685691833],"[0, 1, 0, 0]"
142.940186739,,8863,,1583006447,791274070,"""Soft Puff""",[-0.2729206085205078],"[0, 1, 0, 0]"
142.990767241,,8864,,1583006447,843096971,"""Soft Puff""",[-0.2620624303817749],"[0, 1, 0, 0]"
143.069519281,,8865,,1583006447,921159029,"""Soft Puff""",[-0.2729206085205078],"[0, 1, 0, 0]"
143.07490015,,8866,,1583006447,927577018,"""Soft Puff""",[-0.2620624303817749],"[0, 1, 0, 0]"
143.176460028,,8867,,1583006448,29051065,"""Soft Puff""",[-0.2729206085205078],"[0, 1, 0, 0]"
143.204075575,,8868,,1583006448,55051088,"""Soft Puff""",[-0.28377875685691833],"[0, 1, 0, 0]"
143.301640034,,8869,,1583006448,153100967,"""Soft Puff""",[-0.29463693499565125],"[0, 1, 0, 0]"
143.307614803,,8870,,1583006448,159466981,"""Soft Puff""",[-0.28377875685691833],"[0, 1, 0, 0]"
143.313171864,,8871,,1583006448,165684938,"""Soft Puff""",[-0.29463693499565125],"[0, 1, 0, 0]"
143.325223923,,8872,,1583006448,175132989,"""Soft Puff""",[-0.28377875685691833],"[0, 1, 0, 0]"
143.331762552,,8873,,1583006448,183268070,"""Soft Puff""",[-0.29463693499565125],"[0, 1, 0, 0]"
143.350285053,,8874,,1583006448,201081037,"""Soft Puff""",[-0.28377875685691833],"[0, 1, 0, 0]"
143.356138945,,8875,,1583006448,208437919,"""Soft Puff""",[-0.29463693499565125],"[0, 1, 0, 0]"
143.363017082,,8876,,1583006448,214996099,"""Soft Puff""",[-0.28377875685691833],"[0, 1, 0, 0]"
143.370223999,,8877,,1583006448,221096992,"""Soft Puff""",[-0.29463693499565125],"[0, 1, 0, 0]"
143.376106501,,8878,,1583006448,228327035,"""Soft Puff""",[-0.28377875685691833],"[0, 1, 0, 0]"
143.414655447,,8879,,1583006448,267107963,"""Soft Puff""",[-0.29463693499565125],"[0, 1, 0, 0]"
143.419819355,,8880,,1583006448,272737979,"""Soft Puff""",[-0.28377875685691833],"[0, 1, 0, 0]"
143.42511344,,8881,,1583006448,277863025,"""Soft Puff""",[-0.29463693499565125],"[0, 1, 0, 0]"
143.464417934,,8882,,1583006448,315136909,"""Soft Puff""",[-0.28377875685691833],"[0, 1, 0, 0]"
143.506711721,,8883,,1583006448,359124898,"""Soft Puff""",[-0.2729206085205078],"[0, 1, 0, 0]"
143.542644978,,8884,,1583006448,395060062,"""Soft Puff""",[-0.2620624303817749],"[0, 1, 0, 0]"
143.551263332,,8885,,1583006448,403007984,"""Soft Puff""",[-0.2729206085205078],"[0, 1, 0, 0]"
143.558326244,,8886,,1583006448,409462928,"""Soft Puff""",[-0.2620624303817749],"[0, 1, 0, 0]"
143.564961195,,8887,,1583006448,417009115,"""Soft Puff""",[-0.2729206085205078],"[0, 1, 0, 0]"
143.570971966,,8888,,1583006448,423041105,"""Soft Puff""",[-0.2620624303817749],"[0, 1, 0, 0]"
143.65255332,,8889,,1583006448,505091905,"""Soft Puff""",[-0.2729206085205078],"[0, 1, 0, 0]"
143.732924938,,8890,,1583006448,585098028,"""Soft Puff""",[-0.2620624303817749],"[0, 1, 0, 0]"
143.807411194,,8891,,1583006448,659121990,"""Soft Puff""",[-0.2512042820453644],"[0, 1, 0, 0]"
143.81210494,,8892,,1583006448,665436029,"""Soft Puff""",[-0.2620624303817749],"[0, 1, 0, 0]"
143.818102121,,8893,,1583006448,670186042,"""Soft Puff""",[-0.2512042820453644],"[0, 1, 0, 0]"
143.824618816,,8894,,1583006448,676084995,"""Soft Puff""",[-0.2620624303817749],"[0, 1, 0, 0]"
143.829263449,,8895,,1583006448,682682037,"""Soft Puff""",[-0.2512042820453644],"[0, 1, 0, 0]"
143.867569208,,8896,,1583006448,719070911,"""Soft Puff""",[-0.24034611880779266],"[0, 1, 0, 0]"
143.872786283,,8897,,1583006448,725661993,"""Soft Puff""",[-0.2512042820453644],"[0, 1, 0, 0]"
143.877430677,,8898,,1583006448,730848073,"""Soft Puff""",[-0.24034611880779266],"[0, 1, 0, 0]"
143.884186983,,8899,,1583006448,735512018,"""Soft Puff""",[-0.2512042820453644],"[0, 1, 0, 0]"
143.890356302,,8900,,1583006448,742260932,"""Soft Puff""",[-0.24034611880779266],"[0, 1, 0, 0]"
143.906331062,,8901,,1583006448,757411956,"""Soft Puff""",[-0.2512042820453644],"[0, 1, 0, 0]"
143.923726797,,8902,,1583006448,773051977,"""Soft Puff""",[-0.24034611880779266],"[0, 1, 0, 0]"
143.929873943,,8903,,1583006448,781846046,"""Soft Puff""",[-0.2512042820453644],"[0, 1, 0, 0]"
143.935739279,,8904,,1583006448,787949085,"""Soft Puff""",[-0.24034611880779266],"[0, 1, 0, 0]"
143.941488743,,8905,,1583006448,793834924,"""Soft Puff""",[-0.2512042820453644],"[0, 1, 0, 0]"
143.947244167,,8906,,1583006448,799532890,"""Soft Puff""",[-0.24034611880779266],"[0, 1, 0, 0]"
143.953687668,,8907,,1583006448,805354118,"""Soft Puff""",[-0.2512042820453644],"[0, 1, 0, 0]"
143.960678816,,8908,,1583006448,811688899,"""Soft Puff""",[-0.24034611880779266],"[0, 1, 0, 0]"
143.966649771,,8909,,1583006448,818753957,"""Soft Puff""",[-0.2512042820453644],"[0, 1, 0, 0]"
143.973444939,,8910,,1583006448,824806928,"""Soft Puff""",[-0.24034611880779266],"[0, 1, 0, 0]"
144.146658421,,8911,,1583006448,999073982,"""Soft Puff""",[-0.2512042820453644],"[0, 1, 0, 0]"
144.161238194,,8912,,1583006449,13010025,"""Soft Puff""",[-0.24034611880779266],"[0, 1, 0, 0]"
144.166445971,,8913,,1583006449,19088983,"""Soft Puff""",[-0.2512042820453644],"[0, 1, 0, 0]"
144.184151649,,8914,,1583006449,35187005,"""Soft Puff""",[-0.24034611880779266],"[0, 1, 0, 0]"
144.189569235,,8915,,1583006449,42208909,"""Soft Puff""",[-0.2512042820453644],"[0, 1, 0, 0]"
144.201778412,,8916,,1583006449,53010940,"""Soft Puff""",[-0.24034611880779266],"[0, 1, 0, 0]"
144.223647833,,8917,,1583006449,75290918,"""Soft Puff""",[-0.2512042820453644],"[0, 1, 0, 0]"
144.228207588,,8918,,1583006449,81722021,"""Soft Puff""",[-0.24034611880779266],"[0, 1, 0, 0]"
144.235824347,,8919,,1583006449,86333036,"""Soft Puff""",[-0.2512042820453644],"[0, 1, 0, 0]"
144.241534472,,8920,,1583006449,93933105,"""Soft Puff""",[-0.24034611880779266],"[0, 1, 0, 0]"
144.246285439,,8921,,1583006449,99591970,"""Soft Puff""",[-0.2512042820453644],"[0, 1, 0, 0]"
144.254587173,,8922,,1583006449,105000972,"""Soft Puff""",[-0.24034611880779266],"[0, 1, 0, 0]"
144.259457111,,8923,,1583006449,112692117,"""Soft Puff""",[-0.2512042820453644],"[0, 1, 0, 0]"
144.294563293,,8924,,1583006449,147152900,"""Soft Puff""",[-0.2620624303817749],"[0, 1, 0, 0]"
144.320966959,,8925,,1583006449,173146963,"""Soft Puff""",[-0.2729206085205078],"[0, 1, 0, 0]"
144.327919483,,8926,,1583006449,179017066,"""Soft Puff""",[-0.2620624303817749],"[0, 1, 0, 0]"
144.333272696,,8927,,1583006449,186007976,"""Soft Puff""",[-0.2729206085205078],"[0, 1, 0, 0]"
144.397127628,,8928,,1583006449,249140024,"""Soft Puff""",[-0.28377875685691833],"[0, 1, 0, 0]"
144.484888792,,8929,,1583006449,337042093,"""Soft Puff""",[-0.29463693499565125],"[0, 1, 0, 0]"
144.554208279,,8930,,1583006449,411086082,"""Soft-Hard Puff Deadband""",[-0.3054629862308502],"[0, 0, 0, 0]"
144.56009841,,8931,,1583006449,412998914,"""Soft Puff""",[-0.29463693499565125],"[0, 1, 0, 0]"
144.561112881,,8932,,1583006449,418200016,"""Soft-Hard Puff Deadband""",[-0.3054629862308502],"[0, 0, 0, 0]"
144.578118324,,8933,,1583006449,429074048,"""Soft Puff""",[-0.29463693499565125],"[0, 1, 0, 0]"
144.579037666,,8934,,1583006449,436188936,"""Soft-Hard Puff Deadband""",[-0.3054629862308502],"[0, 0, 0, 0]"
144.668734789,,8935,,1583006449,525085926,"""Soft-Hard Puff Deadband""",[-0.31632113456726074],"[0, 0, 0, 0]"
144.669940233,,8936,,1583006449,527031898,"""Soft-Hard Puff Deadband""",[-0.3054629862308502],"[0, 0, 0, 0]"
144.680080175,,8937,,1583006449,537018060,"""Soft-Hard Puff Deadband""",[-0.31632113456726074],"[0, 0, 0, 0]"
144.706190109,,8938,,1583006449,563076972,"""Soft-Hard Puff Deadband""",[-0.32717931270599365],"[0, 0, 0, 0]"
144.746405363,,8939,,1583006449,603097915,"""Soft-Hard Puff Deadband""",[-0.31632113456726074],"[0, 0, 0, 0]"
144.756026745,,8940,,1583006449,613048076,"""Soft-Hard Puff Deadband""",[-0.32717931270599365],"[0, 0, 0, 0]"
144.759876728,,8941,,1583006449,616974115,"""Soft-Hard Puff Deadband""",[-0.31632113456726074],"[0, 0, 0, 0]"
144.77430892,,8942,,1583006449,631123065,"""Soft-Hard Puff Deadband""",[-0.32717931270599365],"[0, 0, 0, 0]"
144.778146505,,8943,,1583006449,635009050,"""Soft-Hard Puff Deadband""",[-0.31632113456726074],"[0, 0, 0, 0]"
144.779914379,,8944,,1583006449,636977910,"""Soft-Hard Puff Deadband""",[-0.32717931270599365],"[0, 0, 0, 0]"
144.830297709,,8945,,1583006449,687114953,"""Soft-Hard Puff Deadband""",[-0.3380374610424042],"[0, 0, 0, 0]"
144.832208157,,8946,,1583006449,689033031,"""Soft-Hard Puff Deadband""",[-0.32717931270599365],"[0, 0, 0, 0]"
144.864128351,,8947,,1583006449,721090078,"""Soft-Hard Puff Deadband""",[-0.3380374610424042],"[0, 0, 0, 0]"
144.884303331,,8948,,1583006449,741067886,"""Soft-Hard Puff Deadband""",[-0.3488956391811371],"[0, 0, 0, 0]"
144.904174328,,8949,,1583006449,761055946,"""Soft-Hard Puff Deadband""",[-0.35972166061401367],"[0, 0, 0, 0]"
144.924126387,,8950,,1583006449,781033992,"""Soft-Hard Puff Deadband""",[-0.3705798387527466],"[0, 0, 0, 0]"
144.942134142,,8951,,1583006449,799089908,"""Soft-Hard Puff Deadband""",[-0.3814379870891571],"[0, 0, 0, 0]"
144.943838596,,8952,,1583006449,800991058,"""Soft-Hard Puff Deadband""",[-0.3705798387527466],"[0, 0, 0, 0]"
144.954318762,,8953,,1583006449,811064004,"""Soft-Hard Puff Deadband""",[-0.3814379870891571],"[0, 0, 0, 0]"
144.961876631,,8954,,1583006449,818994045,"""Soft-Hard Puff Deadband""",[-0.3705798387527466],"[0, 0, 0, 0]"
144.963802576,,8955,,1583006449,820996046,"""Soft-Hard Puff Deadband""",[-0.3814379870891571],"[0, 0, 0, 0]"
144.976238251,,8956,,1583006449,833080053,"""Soft-Hard Puff Deadband""",[-0.3705798387527466],"[0, 0, 0, 0]"
144.977940083,,8957,,1583006449,834996938,"""Soft-Hard Puff Deadband""",[-0.3814379870891571],"[0, 0, 0, 0]"
144.979884863,,8958,,1583006449,836966991,"""Soft-Hard Puff Deadband""",[-0.3705798387527466],"[0, 0, 0, 0]"
144.994105101,,8959,,1583006449,851087093,"""Soft-Hard Puff Deadband""",[-0.3814379870891571],"[0, 0, 0, 0]"
144.995759964,,8960,,1583006449,852962017,"""Soft-Hard Puff Deadband""",[-0.3705798387527466],"[0, 0, 0, 0]"
144.997840166,,8961,,1583006449,854976892,"""Soft-Hard Puff Deadband""",[-0.3814379870891571],"[0, 0, 0, 0]"
145.002284765,,8962,,1583006449,859080076,"""Soft-Hard Puff Deadband""",[-0.3705798387527466],"[0, 0, 0, 0]"
145.004000664,,8963,,1583006449,861006021,"""Soft-Hard Puff Deadband""",[-0.3814379870891571],"[0, 0, 0, 0]"
145.00585556,,8964,,1583006449,862978935,"""Soft-Hard Puff Deadband""",[-0.3705798387527466],"[0, 0, 0, 0]"
145.011888504,,8965,,1583006449,868985891,"""Soft-Hard Puff Deadband""",[-0.3814379870891571],"[0, 0, 0, 0]"
145.032337189,,8966,,1583006449,889115095,"""Soft-Hard Puff Deadband""",[-0.3705798387527466],"[0, 0, 0, 0]"
145.048140287,,8967,,1583006449,905065059,"""Soft-Hard Puff Deadband""",[-0.35972166061401367],"[0, 0, 0, 0]"
145.056098223,,8968,,1583006449,913022994,"""Soft-Hard Puff Deadband""",[-0.3488956391811371],"[0, 0, 0, 0]"
145.063920259,,8969,,1583006449,921006917,"""Soft-Hard Puff Deadband""",[-0.3380374610424042],"[0, 0, 0, 0]"
145.068140984,,8970,,1583006449,925031900,"""Soft-Hard Puff Deadband""",[-0.32717931270599365],"[0, 0, 0, 0]"
145.074024677,,8971,,1583006449,931113004,"""Soft-Hard Puff Deadband""",[-0.31632113456726074],"[0, 0, 0, 0]"
145.110250473,,8972,,1583006449,967072010,"""Soft-Hard Puff Deadband""",[-0.32717931270599365],"[0, 0, 0, 0]"
145.113865614,,8973,,1583006449,970984935,"""Soft-Hard Puff Deadband""",[-0.31632113456726074],"[0, 0, 0, 0]"
145.124190569,,8974,,1583006449,981079101,"""Soft-Hard Puff Deadband""",[-0.32717931270599365],"[0, 0, 0, 0]"
145.125907183,,8975,,1583006449,982971906,"""Soft-Hard Puff Deadband""",[-0.31632113456726074],"[0, 0, 0, 0]"
145.144040585,,8976,,1583006450,1058101,"""Soft-Hard Puff Deadband""",[-0.3054629862308502],"[0, 0, 0, 0]"
145.166546583,,8977,,1583006450,23134946,"""Soft-Hard Puff Deadband""",[-0.31632113456726074],"[0, 0, 0, 0]"
145.168120623,,8978,,1583006450,25074005,"""Soft-Hard Puff Deadband""",[-0.3054629862308502],"[0, 0, 0, 0]"
145.171921492,,8979,,1583006450,29036998,"""Soft-Hard Puff Deadband""",[-0.31632113456726074],"[0, 0, 0, 0]"
145.175813437,,8980,,1583006450,32989978,"""Soft-Hard Puff Deadband""",[-0.3054629862308502],"[0, 0, 0, 0]"
145.177714586,,8981,,1583006450,34962892,"""Soft-Hard Puff Deadband""",[-0.31632113456726074],"[0, 0, 0, 0]"
145.184055328,,8982,,1583006450,41049957,"""Soft-Hard Puff Deadband""",[-0.3054629862308502],"[0, 0, 0, 0]"
145.18578124,,8983,,1583006450,42972087,"""Soft-Hard Puff Deadband""",[-0.31632113456726074],"[0, 0, 0, 0]"
145.21217227,,8984,,1583006450,69101095,"""Soft-Hard Puff Deadband""",[-0.3054629862308502],"[0, 0, 0, 0]"
145.241183996,,8985,,1583006450,93070983,"""Soft Puff""",[-0.29463693499565125],"[0, 1, 0, 0]"
145.258240223,,8986,,1583006450,115072011,"""Soft-Hard Puff Deadband""",[-0.3054629862308502],"[0, 0, 0, 0]"
145.267077208,,8987,,1583006450,119069099,"""Soft Puff""",[-0.29463693499565125],"[0, 1, 0, 0]"
145.268202543,,8988,,1583006450,125145912,"""Soft-Hard Puff Deadband""",[-0.3054629862308502],"[0, 0, 0, 0]"
145.312734842,,8989,,1583006450,149171113,"""Soft Puff""",[-0.29463693499565125],"[0, 1, 0, 0]"
145.313661098,,8990,,1583006450,170766115,"""Soft-Hard Puff Deadband""",[-0.3054629862308502],"[0, 0, 0, 0]"
145.319542408,,8991,,1583006450,171684026,"""Soft Puff""",[-0.29463693499565125],"[0, 1, 0, 0]"
145.324006319,,8992,,1583006450,177401065,"""Soft Puff""",[-0.28377875685691833],"[0, 1, 0, 0]"
145.33007884,,8993,,1583006450,182049989,"""Soft Puff""",[-0.2729206085205078],"[0, 1, 0, 0]"
145.33788228,,8994,,1583006450,188110113,"""Soft Puff""",[-0.2620624303817749],"[0, 1, 0, 0]"
145.344124556,,8995,,1583006450,195957899,"""Soft Puff""",[-0.2512042820453644],"[0, 1, 0, 0]"
145.349014521,,8996,,1583006450,202191114,"""Soft Puff""",[-0.24034611880779266],"[0, 1, 0, 0]"
145.35533452,,8997,,1583006450,207072019,"""Soft Puff""",[-0.2295200675725937],"[0, 1, 0, 0]"
145.361483574,,8998,,1583006450,213135004,"""Soft Puff""",[-0.21866190433502197],"[0, 1, 0, 0]"
145.370445967,,8999,,1583006450,221122980,"""Soft Puff""",[-0.20780374109745026],"[0, 1, 0, 0]"
145.380545616,,9000,,1583006450,233033895,"""Soft Puff""",[-0.19694557785987854],"[0, 1, 0, 0]"
145.391391993,,9001,,1583006450,243148088,"""Soft Puff""",[-0.18608741462230682],"[0, 1, 0, 0]"
145.402700186,,9002,,1583006450,253201007,"""Soft Puff""",[-0.17526137828826904],"[0, 1, 0, 0]"
145.415320396,,9003,,1583006450,267080068,"""Soft Puff""",[-0.16440321505069733],"[0, 1, 0, 0]"
145.439765692,,9004,,1583006450,291333913,"""Soft Puff""",[-0.1535450518131256],"[0, 1, 0, 0]"
145.492588282,,9005,,1583006450,345114946,"""Soft Puff""",[-0.16440321505069733],"[0, 1, 0, 0]"
145.498885632,,9006,,1583006450,350996017,"""Soft Puff""",[-0.17526137828826904],"[0, 1, 0, 0]"
145.509739399,,9007,,1583006450,361057996,"""Soft Puff""",[-0.18608741462230682],"[0, 1, 0, 0]"
145.515174389,,9008,,1583006450,367827892,"""Soft Puff""",[-0.19694557785987854],"[0, 1, 0, 0]"
145.525905609,,9009,,1583006450,377037048,"""Soft Puff""",[-0.20780374109745026],"[0, 1, 0, 0]"
145.536353827,,9010,,1583006450,389059066,"""Soft Puff""",[-0.21866190433502197],"[0, 1, 0, 0]"
145.54207778,,9011,,1583006450,394359111,"""Soft Puff""",[-0.20780374109745026],"[0, 1, 0, 0]"
145.547230005,,9012,,1583006450,400154113,"""Soft Puff""",[-0.21866190433502197],"[0, 1, 0, 0]"
145.558676958,,9013,,1583006450,409086942,"""Soft Puff""",[-0.2295200675725937],"[0, 1, 0, 0]"
145.580546379,,9014,,1583006450,433083057,"""Soft Puff""",[-0.24034611880779266],"[0, 1, 0, 0]"
145.588497639,,9015,,1583006450,438976049,"""Soft Puff""",[-0.2295200675725937],"[0, 1, 0, 0]"
145.593585253,,9016,,1583006450,446618080,"""Soft Puff""",[-0.24034611880779266],"[0, 1, 0, 0]"
145.597931623,,9017,,1583006450,451627969,"""Soft Puff""",[-0.2295200675725937],"[0, 1, 0, 0]"
145.606180429,,9018,,1583006450,456984043,"""Soft Puff""",[-0.24034611880779266],"[0, 1, 0, 0]"
145.625507832,,9019,,1583006450,477155923,"""Soft Puff""",[-0.2512042820453644],"[0, 1, 0, 0]"
145.631903887,,9020,,1583006450,484986066,"""Soft Puff""",[-0.24034611880779266],"[0, 1, 0, 0]"
145.637820482,,9021,,1583006450,489972114,"""Soft Puff""",[-0.2512042820453644],"[0, 1, 0, 0]"
145.670073509,,9022,,1583006450,521095037,"""Soft Puff""",[-0.2620624303817749],"[0, 1, 0, 0]"
145.686431408,,9023,,1583006450,537096023,"""Soft Puff""",[-0.2729206085205078],"[0, 1, 0, 0]"
145.708421469,,9024,,1583006450,559048891,"""Soft Puff""",[-0.28377875685691833],"[0, 1, 0, 0]"
145.746385813,,9025,,1583006450,599133968,"""Soft Puff""",[-0.2729206085205078],"[0, 1, 0, 0]"
145.814195395,,9026,,1583006450,667104959,"""Soft Puff""",[-0.28377875685691833],"[0, 1, 0, 0]"
145.821353912,,9027,,1583006450,673005104,"""Soft Puff""",[-0.2729206085205078],"[0, 1, 0, 0]"
145.826253176,,9028,,1583006450,679414033,"""Soft Puff""",[-0.28377875685691833],"[0, 1, 0, 0]"
145.837514877,,9029,,1583006450,689052104,"""Soft Puff""",[-0.2729206085205078],"[0, 1, 0, 0]"
145.843305111,,9030,,1583006450,695557117,"""Soft Puff""",[-0.28377875685691833],"[0, 1, 0, 0]"
145.848806858,,9031,,1583006450,701400041,"""Soft Puff""",[-0.2729206085205078],"[0, 1, 0, 0]"
145.855950832,,9032,,1583006450,706906080,"""Soft Puff""",[-0.28377875685691833],"[0, 1, 0, 0]"
145.861075878,,9033,,1583006450,714000940,"""Soft Puff""",[-0.2729206085205078],"[0, 1, 0, 0]"
145.915418863,,9034,,1583006450,767256975,"""Soft Puff""",[-0.2620624303817749],"[0, 1, 0, 0]"
145.920644045,,9035,,1583006450,773446083,"""Soft Puff""",[-0.2729206085205078],"[0, 1, 0, 0]"
145.925945997,,9036,,1583006450,778701066,"""Zero Band""",[-0.2620624303817749],"[0, 0, 0, 0]"
145.932575464,,9037,,1583006450,784020900,"""Zero Band""",[-0.2729206085205078],"[0, 0, 0, 0]"
145.937623262,,9038,,1583006450,790656089,"""Zero Band""",[-0.2620624303817749],"[0, 0, 0, 0]"
145.943789244,,9039,,1583006450,795681953,"""Zero Band""",[-0.2729206085205078],"[0, 0, 0, 0]"
145.964456558,,9040,,1583006450,817085027,"""Zero Band""",[-0.28377875685691833],"[0, 0, 0, 0]"
145.970809221,,9041,,1583006450,822511911,"""Zero Band""",[-0.2729206085205078],"[0, 0, 0, 0]"
145.976132631,,9042,,1583006450,828890085,"""Zero Band""",[-0.28377875685691833],"[0, 0, 0, 0]"
145.981235981,,9043,,1583006450,834250926,"""Zero Band""",[-0.2729206085205078],"[0, 0, 0, 0]"
145.986932755,,9044,,1583006450,839315891,"""Zero Band""",[-0.28377875685691833],"[0, 0, 0, 0]"
145.995987892,,9045,,1583006450,849031925,"""Zero Band""",[-0.29463693499565125],"[0, 0, 0, 0]"
146.008552074,,9046,,1583006450,865106105,"""Soft-Hard Puff Deadband""",[-0.3054629862308502],"[0, 0, 0, 0]"
146.016937494,,9047,,1583006450,869024991,"""Zero Band""",[-0.29463693499565125],"[0, 0, 0, 0]"
146.017971516,,9048,,1583006450,875035047,"""Soft-Hard Puff Deadband""",[-0.3054629862308502],"[0, 0, 0, 0]"
146.036487103,,9049,,1583006450,889067888,"""Zero Band""",[-0.29463693499565125],"[0, 0, 0, 0]"
146.037652731,,9050,,1583006450,894565105,"""Soft-Hard Puff Deadband""",[-0.3054629862308502],"[0, 0, 0, 0]"
146.044556856,,9051,,1583006450,895642042,"""Zero Band""",[-0.29463693499565125],"[0, 0, 0, 0]"
146.045394182,,9052,,1583006450,902622938,"""Soft-Hard Puff Deadband""",[-0.3054629862308502],"[0, 0, 0, 0]"
146.05196476,,9053,,1583006450,903441905,"""Zero Band""",[-0.29463693499565125],"[0, 0, 0, 0]"
146.086051226,,9054,,1583006450,943026065,"""Soft-Hard Puff Deadband""",[-0.3054629862308502],"[0, 0, 0, 0]"
146.106253862,,9055,,1583006450,959064006,"""Zero Band""",[-0.29463693499565125],"[0, 0, 0, 0]"
146.130857229,,9056,,1583006450,983118057,"""Zero Band""",[-0.28377875685691833],"[0, 0, 0, 0]"
146.140665531,,9057,,1583006450,991096019,"""Zero Band""",[-0.2729206085205078],"[0, 0, 0, 0]"
146.147201061,,9058,,1583006450,999036073,"""Zero Band""",[-0.2620624303817749],"[0, 0, 0, 0]"
146.153730154,,9059,,1583006451,7000923,"""Zero Band""",[-0.2512042820453644],"[0, 0, 0, 0]"
146.160086155,,9060,,1583006451,11818885,"""Zero Band""",[-0.24034611880779266],"[0, 0, 0, 0]"
146.166106701,,9061,,1583006451,18116950,"""Zero Band""",[-0.2295200675725937],"[0, 0, 0, 0]"
146.172925949,,9062,,1583006451,24187088,"""Zero Band""",[-0.21866190433502197],"[0, 0, 0, 0]"
146.179275036,,9063,,1583006451,30980110,"""Zero Band""",[-0.20780374109745026],"[0, 0, 0, 0]"
146.184370518,,9064,,1583006451,37381887,"""Zero Band""",[-0.19694557785987854],"[0, 0, 0, 0]"
146.189692974,,9065,,1583006451,42458057,"""Zero Band""",[-0.18608741462230682],"[0, 0, 0, 0]"
146.196380615,,9066,,1583006451,47672986,"""Zero Band""",[-0.17526137828826904],"[0, 0, 0, 0]"
146.202217579,,9067,,1583006451,54366111,"""Zero Band""",[-0.16440321505069733],"[0, 0, 0, 0]"
146.207732916,,9068,,1583006451,60329914,"""Zero Band""",[-0.1535450518131256],"[0, 0, 0, 0]"
146.213897228,,9069,,1583006451,65838098,"""Zero Band""",[-0.1426868885755539],"[0, 0, 0, 0]"
146.219485521,,9070,,1583006451,71876049,"""Zero Band""",[-0.13182871043682098],"[0, 0, 0, 0]"
146.224922657,,9071,,1583006451,77457904,"""Zero Band""",[-0.1210026741027832],"[0, 0, 0, 0]"
146.230417013,,9072,,1583006451,82954883,"""Zero Band""",[-0.11014451086521149],"[0, 0, 0, 0]"
146.236585617,,9073,,1583006451,88397979,"""Zero Band""",[-0.09928634762763977],"[0, 0, 0, 0]"
146.243092537,,9074,,1583006451,94722986,"""Zero Band""",[-0.08842818439006805],"[0, 0, 0, 0]"
146.249190092,,9075,,1583006451,101111888,"""Zero Band""",[-0.07757002115249634],"[0, 0, 0, 0]"
146.256264687,,9076,,1583006451,107333898,"""Zero Band""",[-0.06671185791492462],"[0, 0, 0, 0]"
146.262337446,,9077,,1583006451,114244937,"""Zero Band""",[-0.055885814130306244],"[0, 0, 0, 0]"
146.267428398,,9078,,1583006451,120318889,"""Zero Band""",[-0.04502765089273453],"[0, 0, 0, 0]"
146.272677898,,9079,,1583006451,125396966,"""Zero Band""",[-0.03416948765516281],"[0, 0, 0, 0]"
146.277688742,,9080,,1583006451,130656003,"""Zero Band""",[-0.023311322554945946],"[0, 0, 0, 0]"
146.282900333,,9081,,1583006451,135701894,"""Zero Band""",[-0.012453158386051655],"[0, 0, 0, 0]"
146.283949614,,9082,,1583006451,140908002,"""Zero Band""",[-0.0016271184431388974],"[0, 0, 0, 0]"
146.284934044,,9083,,1583006451,141918897,"""Zero Band""",[-0.0],"[0, 0, 0, 0]"
146.286222935,,9084,,1583006451,143088102,"""Zero Band""",[-0.0],"[0, 0, 0, 0]"
146.28716588,,9085,,1583006451,144227981,"""Zero Band""",[-0.0],"[0, 0, 0, 0]"
146.288151741,,9086,,1583006451,145160913,"""Zero Band""",[-0.0],"[0, 0, 0, 0]"
146.28905344,,9087,,1583006451,146131992,"""Zero Band""",[-0.0],"[0, 0, 0, 0]"
146.29002142,,9088,,1583006451,147135019,"""Zero Band""",[-0.0],"[0, 0, 0, 0]"
146.29015255,,9089,,1583006451,147135019,"""input stopped""",[-0.0],"[0, 0, 0, 0]"
146.404965401,,9090,,1583006451,262013912,"""Zero Band""",[-0.0],"[0, 0, 0, 0]"
146.409982204,,9091,,1583006451,267040967,"""Zero Band""",[0.0016592431347817183],"[0, 0, 0, 0]"
146.417428493,,9092,,1583006451,268970012,"""Zero Band""",[0.04505977779626846],"[0, 0, 0, 0]"
146.423000336,,9093,,1583006451,275527000,"""Zero Band""",[0.0993184745311737],"[0, 0, 0, 0]"
146.427894592,,9094,,1583006451,281079053,"""Zero Band""",[0.15357716381549835],"[0, 0, 0, 0]"
146.433712959,,9095,,1583006451,285945892,"""Zero Band""",[0.2078358680009842],"[0, 0, 0, 0]"
146.440497637,,9096,,1583006451,291707992,"""Zero Band""",[0.27295273542404175],"[0, 0, 0, 0]"
146.441424131,,9097,,1583006451,298471927,"""Soft-Hard Sip Deadband""",[0.3272114396095276],"[0, 0, 0, 0]"
146.442308426,,9098,,1583006451,299495935,"""Soft-Hard Sip Deadband""",[0.39232829213142395],"[0, 0, 0, 0]"
146.443274736,,9099,,1583006451,300398111,"""Soft-Hard Sip Deadband""",[0.4683033227920532],"[0, 0, 0, 0]"
146.448493958,,9100,,1583006451,301245927,"""Zero Band""",[0.5442461967468262],"[0, 0, 0, 0]"
146.454236269,,9101,,1583006451,306350946,"""Zero Band""",[0.6093630790710449],"[0, 0, 0, 0]"
146.459884644,,9102,,1583006451,312218904,"""Zero Band""",[0.6961962580680847],"[0, 0, 0, 0]"
146.464568615,,9103,,1583006451,317862033,"""Zero Band""",[0.7721391916275024],"[0, 0, 0, 0]"
146.471607924,,9104,,1583006451,322602987,"""Zero Band""",[0.8589723706245422],"[0, 0, 0, 0]"
146.478055954,,9105,,1583006451,329684972,"""Zero Band""",[0.9457734227180481],"[0, 0, 0, 0]"
146.48355484,,9106,,1583006451,336081027,"""Zero Band""",[1.0],"[0, 0, 0, 0]"
146.945024252,,9107,,1583006451,795150995,"""Zero Band""",[0.9674897789955139],"[0, 0, 0, 0]"
146.950096846,,9108,,1583006451,803155899,"""Zero Band""",[0.9349473714828491],"[0, 0, 0, 0]"
146.956650972,,9109,,1583006451,808084011,"""Zero Band""",[0.8806886672973633],"[0, 0, 0, 0]"
146.96151495,,9110,,1583006451,814626932,"""Zero Band""",[0.8481141924858093],"[0, 0, 0, 0]"
146.967497349,,9111,,1583006451,819634914,"""Zero Band""",[0.8155718445777893],"[0, 0, 0, 0]"
146.973053455,,9112,,1583006451,825475931,"""Zero Band""",[0.7829973101615906],"[0, 0, 0, 0]"
146.97927022,,9113,,1583006451,831083059,"""Zero Band""",[0.7721391916275024],"[0, 0, 0, 0]"
146.984980822,,9114,,1583006451,837318897,"""Zero Band""",[0.7504549622535706],"[0, 0, 0, 0]"
146.992252827,,9115,,1583006451,842745065,"""Zero Band""",[0.7395967841148376],"[0, 0, 0, 0]"
146.998261929,,9116,,1583006451,850419998,"""Zero Band""",[0.7504549622535706],"[0, 0, 0, 0]"
147.006073952,,9117,,1583006451,856282949,"""Zero Band""",[0.7613131403923035],"[0, 0, 0, 0]"
147.01150322,,9118,,1583006451,864069938,"""Zero Band""",[0.7721391916275024],"[0, 0, 0, 0]"
147.016565323,,9119,,1583006451,869494915,"""Zero Band""",[0.7829973101615906],"[0, 0, 0, 0]"
147.022482872,,9120,,1583006451,874581098,"""Zero Band""",[0.7938554883003235],"[0, 0, 0, 0]"
147.028695583,,9121,,1583006451,880486965,"""Zero Band""",[0.8155718445777893],"[0, 0, 0, 0]"
147.033698082,,9122,,1583006451,886713027,"""Zero Band""",[0.8263978958129883],"[0, 0, 0, 0]"
147.041267157,,9123,,1583006451,891680955,"""Zero Band""",[0.8481141924858093],"[0, 0, 0, 0]"
147.04867053,,9124,,1583006451,899384021,"""Zero Band""",[0.8589723706245422],"[0, 0, 0, 0]"
147.054474354,,9125,,1583006451,906658887,"""Zero Band""",[0.8698305487632751],"[0, 0, 0, 0]"
147.059837103,,9126,,1583006451,912441015,"""Zero Band""",[0.9023728966712952],"[0, 0, 0, 0]"
147.065294266,,9127,,1583006451,917795896,"""Zero Band""",[0.9349473714828491],"[0, 0, 0, 0]"
147.072236061,,9128,,1583006451,923312902,"""Zero Band""",[0.9674897789955139],"[0, 0, 0, 0]"
147.078161478,,9129,,1583006451,930042982,"""Zero Band""",[1.0],"[0, 0, 0, 0]"
147.292681932,,9130,,1583006452,145140886,"""Zero Band""",[0.9457734227180481],"[0, 0, 0, 0]"
147.298832893,,9131,,1583006452,150728940,"""Zero Band""",[0.8481141924858093],"[0, 0, 0, 0]"
147.306236744,,9132,,1583006452,156920909,"""Zero Band""",[0.7504549622535706],"[0, 0, 0, 0]"
147.312263012,,9133,,1583006452,163937091,"""Zero Band""",[0.6310794353485107],"[0, 0, 0, 0]"
147.317546368,,9134,,1583006452,170407056,"""Zero Band""",[0.5442461967468262],"[0, 0, 0, 0]"
147.318238497,,9135,,1583006452,175441026,"""Soft-Hard Sip Deadband""",[0.4574451446533203],"[0, 0, 0, 0]"
147.319170713,,9136,,1583006452,176225900,"""Soft-Hard Sip Deadband""",[0.3597537875175476],"[0, 0, 0, 0]"
147.326645613,,9137,,1583006452,177165031,"""Zero Band""",[0.27295273542404175],"[0, 0, 0, 0]"
147.331549168,,9138,,1583006452,184612035,"""Zero Band""",[0.18611954152584076],"[0, 0, 0, 0]"
147.338335991,,9139,,1583006452,189534902,"""Zero Band""",[0.0993184745311737],"[0, 0, 0, 0]"
147.344761133,,9140,,1583006452,196438074,"""Zero Band""",[0.023343447595834732],"[0, 0, 0, 0]"
147.345747471,,9141,,1583006452,202765941,"""Zero Band""",[-0.0],"[0, 0, 0, 0]"
147.346689463,,9142,,1583006452,203722953,"""Zero Band""",[-0.0],"[0, 0, 0, 0]"
147.346802711,,9143,,1583006452,203722953,"""input stopped""",[-0.0],"[0, 0, 0, 0]"
147.347762823,,9144,,1583006452,204828977,"""Zero Band""",[-0.0],"[0, 0, 0, 0]"
147.354320288,,9145,,1583006452,205638885,"""Zero Band""",[-0.055885814130306244],"[0, 0, 0, 0]"
147.360406399,,9146,,1583006452,212336063,"""Zero Band""",[-0.1210026741027832],"[0, 0, 0, 0]"
147.364978313,,9147,,1583006452,218417882,"""Zero Band""",[-0.19694557785987854],"[0, 0, 0, 0]"
147.37045908,,9148,,1583006452,223051071,"""Zero Band""",[-0.2512042820453644],"[0, 0, 0, 0]"
147.371470451,,9149,,1583006452,228624105,"""Soft-Hard Puff Deadband""",[-0.31632113456726074],"[0, 0, 0, 0]"
147.372255802,,9150,,1583006452,229445934,"""Soft-Hard Puff Deadband""",[-0.39229616522789],"[0, 0, 0, 0]"
147.373015881,,9151,,1583006452,230233907,"""Soft-Hard Puff Deadband""",[-0.44655486941337585],"[0, 0, 0, 0]"
147.373734474,,9152,,1583006452,231007099,"""Soft-Hard Puff Deadband""",[-0.4899553954601288],"[0, 0, 0, 0]"
147.378561735,,9153,,1583006452,231719970,"""Hard Puff""",[-0.5550722479820251],"[1, 0, 0, 0]"
147.38710475,,9154,,1583006452,236543893,"""Hard Puff""",[-0.5984727740287781],"[1, 0, 0, 0]"
147.393404722,,9155,,1583006452,245076894,"""Hard Puff""",[-0.6527314782142639],"[1, 0, 0, 0]"
147.398585081,,9156,,1583006452,251409053,"""Hard Puff""",[-0.7070223093032837],"[1, 0, 0, 0]"
147.405007362,,9157,,1583006452,256562948,"""Hard Puff""",[-0.7504228353500366],"[1, 0, 0, 0]"
147.410441399,,9158,,1583006452,263123035,"""Zero Band""",[-0.7829651832580566],"[0, 0, 0, 0]"
147.41782856,,9159,,1583006452,268434047,"""Zero Band""",[-0.8372238874435425],"[0, 0, 0, 0]"
147.425052881,,9160,,1583006452,275974035,"""Zero Band""",[-0.8697984218597412],"[0, 0, 0, 0]"
147.430442333,,9161,,1583006452,283037900,"""Zero Band""",[-0.9023407697677612],"[0, 0, 0, 0]"
147.437535763,,9162,,1583006452,288429021,"""Zero Band""",[-0.9349152445793152],"[0, 0, 0, 0]"
147.442203522,,9163,,1583006452,295514106,"""Zero Band""",[-0.9565994739532471],"[0, 0, 0, 0]"
147.447925806,,9164,,1583006452,300183057,"""Zero Band""",[-0.9783157706260681],"[0, 0, 0, 0]"
147.454432249,,9165,,1583006452,305887937,"""Zero Band""",[-1.0],"[0, 0, 0, 0]"
147.607424498,,9166,,1583006452,459223985,"""Zero Band""",[-0.9783157706260681],"[0, 0, 0, 0]"
147.612771273,,9167,,1583006452,465450048,"""Zero Band""",[-0.9457412958145142],"[0, 0, 0, 0]"
147.618091345,,9168,,1583006452,470870018,"""Zero Band""",[-0.9023407697677612],"[0, 0, 0, 0]"
147.624570847,,9169,,1583006452,476213932,"""Zero Band""",[-0.8480820655822754],"[0, 0, 0, 0]"
147.629513741,,9170,,1583006452,482553958,"""Zero Band""",[-0.8155397176742554],"[0, 0, 0, 0]"
147.634996176,,9171,,1583006452,487646102,"""Zero Band""",[-0.7721070647239685],"[0, 0, 0, 0]"
147.643130541,,9172,,1583006452,492990970,"""Zero Band""",[-0.7178483605384827],"[0, 0, 0, 0]"
147.648520231,,9173,,1583006452,501225948,"""Zero Band""",[-0.6744478344917297],"[0, 0, 0, 0]"
147.654012203,,9174,,1583006452,506503105,"""Zero Band""",[-0.6419054269790649],"[0, 0, 0, 0]"
147.659751654,,9175,,1583006452,511995077,"""Zero Band""",[-0.5984727740287781],"[0, 0, 0, 0]"
147.665073633,,9176,,1583006452,517754077,"""Zero Band""",[-0.5659304261207581],"[0, 0, 0, 0]"
147.67213273,,9177,,1583006452,523083925,"""Zero Band""",[-0.5333559513092041],"[0, 0, 0, 0]"
147.677809238,,9178,,1583006452,530230998,"""Zero Band""",[-0.5008135437965393],"[0, 0, 0, 0]"
147.678660631,,9179,,1583006452,535851955,"""Soft-Hard Puff Deadband""",[-0.4790972173213959],"[0, 0, 0, 0]"
147.679540873,,9180,,1583006452,536639928,"""Soft-Hard Puff Deadband""",[-0.4574130177497864],"[0, 0, 0, 0]"
147.680227041,,9181,,1583006452,537436962,"""Soft-Hard Puff Deadband""",[-0.43569669127464294],"[0, 0, 0, 0]"
147.680973768,,9182,,1583006452,538225889,"""Soft-Hard Puff Deadband""",[-0.41401249170303345],"[0, 0, 0, 0]"
147.68184638,,9183,,1583006452,539100885,"""Soft-Hard Puff Deadband""",[-0.4031543433666229],"[0, 0, 0, 0]"
147.682587624,,9184,,1583006452,539841890,"""Soft-Hard Puff Deadband""",[-0.3705798387527466],"[0, 0, 0, 0]"
147.683383942,,9185,,1583006452,540560960,"""Soft-Hard Puff Deadband""",[-0.35972166061401367],"[0, 0, 0, 0]"
147.684146643,,9186,,1583006452,541358947,"""Soft-Hard Puff Deadband""",[-0.3380374610424042],"[0, 0, 0, 0]"
147.684969664,,9187,,1583006452,542220115,"""Soft-Hard Puff Deadband""",[-0.32717931270599365],"[0, 0, 0, 0]"
147.685715914,,9188,,1583006452,542962074,"""Soft-Hard Puff Deadband""",[-0.3054629862308502],"[0, 0, 0, 0]"
147.691598892,,9189,,1583006452,543687105,"""Soft Puff""",[-0.29463693499565125],"[0, 1, 0, 0]"
147.69798255,,9190,,1583006452,549576997,"""Soft Puff""",[-0.2729206085205078],"[0, 1, 0, 0]"
147.704660892,,9191,,1583006452,555788993,"""Soft Puff""",[-0.2620624303817749],"[0, 1, 0, 0]"
147.711159468,,9192,,1583006452,562611103,"""Soft Puff""",[-0.24034611880779266],"[0, 1, 0, 0]"
147.716897964,,9193,,1583006452,569183111,"""Soft Puff""",[-0.2295200675725937],"[0, 1, 0, 0]"
147.723167181,,9194,,1583006452,574987888,"""Soft Puff""",[-0.20780374109745026],"[0, 1, 0, 0]"
147.72815752,,9195,,1583006452,581144094,"""Soft Puff""",[-0.19694557785987854],"[0, 1, 0, 0]"
147.733669519,,9196,,1583006452,586107969,"""Soft Puff""",[-0.16440321505069733],"[0, 1, 0, 0]"
147.739755154,,9197,,1583006452,591649055,"""Soft Puff""",[-0.1535450518131256],"[0, 1, 0, 0]"
147.745896339,,9198,,1583006452,597894906,"""Soft Puff""",[-0.1426868885755539],"[0, 1, 0, 0]"
147.750461578,,9199,,1583006452,603873968,"""Soft Puff""",[-0.1210026741027832],"[0, 1, 0, 0]"
147.755823851,,9200,,1583006452,608426094,"""Soft Puff""",[-0.11014451086521149],"[0, 1, 0, 0]"
147.762279987,,9201,,1583006452,613804101,"""Soft Puff""",[-0.09928634762763977],"[0, 1, 0, 0]"
147.767459869,,9202,,1583006452,620237112,"""Soft Puff""",[-0.07757002115249634],"[0, 1, 0, 0]"
147.773245096,,9203,,1583006452,625432014,"""Soft Puff""",[-0.06671185791492462],"[0, 1, 0, 0]"
147.778991699,,9204,,1583006452,631222009,"""Soft Puff""",[-0.055885814130306244],"[0, 1, 0, 0]"
147.784627438,,9205,,1583006452,636966943,"""Soft Puff""",[-0.04502765089273453],"[0, 1, 0, 0]"
147.790768385,,9206,,1583006452,642601013,"""Soft Puff""",[-0.03416948765516281],"[0, 1, 0, 0]"
147.796851635,,9207,,1583006452,648742914,"""Soft Puff""",[-0.023311322554945946],"[0, 1, 0, 0]"
147.803019285,,9208,,1583006452,654990911,"""Soft Puff""",[-0.012453158386051655],"[0, 1, 0, 0]"
147.804690361,,9209,,1583006452,660964012,"""Zero Band""",[-0.0016271184431388974],"[0, 0, 0, 0]"
147.805723667,,9210,,1583006452,662640094,"""Zero Band""",[-0.0],"[0, 0, 0, 0]"
147.806842089,,9211,,1583006452,663700103,"""Zero Band""",[-0.0],"[0, 0, 0, 0]"
147.807995319,,9212,,1583006452,664828062,"""Zero Band""",[-0.0],"[0, 0, 0, 0]"
147.809078455,,9213,,1583006452,665987968,"""Zero Band""",[-0.0],"[0, 0, 0, 0]"
147.81017375,,9214,,1583006452,667069911,"""Zero Band""",[-0.0],"[0, 0, 0, 0]"
147.811223507,,9215,,1583006452,668170928,"""Zero Band""",[-0.0],"[0, 0, 0, 0]"
147.811423779,,9216,,1583006452,668170928,"""input stopped""",[-0.0],"[0, 0, 0, 0]"
148.407243013,,9217,,1583006453,264084100,"""Zero Band""",[-0.0],"[0, 0, 0, 0]"
148.414002657,,9218,,1583006453,271024942,"""Zero Band""",[-0.0],"[0, 0, 0, 0]"
148.418135881,,9219,,1583006453,275054931,"""Zero Band""",[-0.0],"[0, 0, 0, 0]"
148.424186468,,9220,,1583006453,281079053,"""Zero Band""",[-0.0],"[0, 0, 0, 0]"
148.427989721,,9221,,1583006453,285029888,"""Zero Band""",[-0.0],"[0, 0, 0, 0]"
148.470610142,,9222,,1583006453,327085018,"""Zero Band""",[-0.0],"[0, 0, 0, 0]"
148.478142023,,9223,,1583006453,335081100,"""Zero Band""",[-0.0],"[0, 0, 0, 0]"
148.486106396,,9224,,1583006453,343013048,"""Zero Band""",[-0.0],"[0, 0, 0, 0]"
148.491966963,,9225,,1583006453,349008083,"""Zero Band""",[-0.0],"[0, 0, 0, 0]"
148.513271809,,9226,,1583006453,370058059,"""Zero Band""",[-0.0],"[0, 0, 0, 0]"
148.513502598,,9227,,1583006453,370058059,"""input stopped""",[-0.0],"[0, 0, 0, 0]"
148.641205549,,9228,,1583006453,498105049,"""Zero Band""",[-0.0],"[0, 0, 0, 0]"
148.648024082,,9229,,1583006453,505047082,"""Zero Band""",[-0.0],"[0, 0, 0, 0]"
148.650024652,,9230,,1583006453,507055997,"""Zero Band""",[-0.0],"[0, 0, 0, 0]"
148.651885748,,9231,,1583006453,509040117,"""Zero Band""",[-0.0],"[0, 0, 0, 0]"
148.656050205,,9232,,1583006453,513025999,"""Zero Band""",[0.0016592431347817183],"[0, 0, 0, 0]"
148.662114382,,9233,,1583006453,515013933,"""Soft Sip""",[0.012485282495617867],"[0, 0, 1, 0]"
148.667857885,,9234,,1583006453,520185947,"""Soft Sip""",[0.023343447595834732],"[0, 0, 1, 0]"
148.673820734,,9235,,1583006453,525927066,"""Soft Sip""",[0.03420161083340645],"[0, 0, 1, 0]"
148.679192305,,9236,,1583006453,531908035,"""Soft Sip""",[0.04505977779626846],"[0, 0, 1, 0]"
148.684218407,,9237,,1583006453,537172079,"""Soft Sip""",[0.05591794103384018],"[0, 0, 1, 0]"
148.689446211,,9238,,1583006453,542295932,"""Soft Sip""",[0.06674397736787796],"[0, 0, 1, 0]"
148.694979191,,9239,,1583006453,547467947,"""Soft Sip""",[0.07760214805603027],"[0, 0, 1, 0]"
148.700593233,,9240,,1583006453,553075075,"""Soft Sip""",[0.08846031129360199],"[0, 0, 1, 0]"
148.70746851,,9241,,1583006453,558604001,"""Soft Sip""",[0.0993184745311737],"[0, 0, 1, 0]"
148.71295929,,9242,,1583006453,565464019,"""Soft Sip""",[0.11017663776874542],"[0, 0, 1, 0]"
148.71871376,,9243,,1583006453,570983886,"""Soft Sip""",[0.12103480100631714],"[0, 0, 1, 0]"
148.725852251,,9244,,1583006453,576832056,"""Soft Sip""",[0.13186083734035492],"[0, 0, 1, 0]"
148.731441259,,9245,,1583006453,583888053,"""Soft Sip""",[0.14271900057792664],"[0, 0, 1, 0]"
148.737071753,,9246,,1583006453,589442968,"""Soft Sip""",[0.15357716381549835],"[0, 0, 1, 0]"
148.744371414,,9247,,1583006453,595086097,"""Soft Sip""",[0.16443534195423126],"[0, 0, 1, 0]"
148.749576092,,9248,,1583006453,602390050,"""Soft Sip""",[0.17529350519180298],"[0, 0, 1, 0]"
148.756835461,,9249,,1583006453,607737064,"""Soft Sip""",[0.18611954152584076],"[0, 0, 1, 0]"
148.762771845,,9250,,1583006453,614799022,"""Soft Sip""",[0.19697770476341248],"[0, 0, 1, 0]"
148.768103361,,9251,,1583006453,620748043,"""Soft Sip""",[0.2078358680009842],"[0, 0, 1, 0]"
148.773618937,,9252,,1583006453,625998973,"""Soft Sip""",[0.2186940312385559],"[0, 0, 1, 0]"
148.779150486,,9253,,1583006453,631603956,"""Soft Sip""",[0.22955219447612762],"[0, 0, 1, 0]"
148.785231829,,9254,,1583006453,637128114,"""Soft Sip""",[0.2403782308101654],"[0, 0, 1, 0]"
148.793078423,,9255,,1583006453,643392086,"""Soft Sip""",[0.2512364089488983],"[0, 0, 1, 0]"
148.798021793,,9256,,1583006453,651072025,"""Soft Sip""",[0.26209455728530884],"[0, 0, 1, 0]"
148.804694653,,9257,,1583006453,656037092,"""Soft Sip""",[0.27295273542404175],"[0, 0, 1, 0]"
148.810773134,,9258,,1583006453,662647008,"""Soft Sip""",[0.28381088376045227],"[0, 0, 1, 0]"
148.817449093,,9259,,1583006453,668731927,"""Soft Sip""",[0.2946690618991852],"[0, 0, 1, 0]"
148.819440126,,9260,,1583006453,675395011,"""Soft-Hard Sip Deadband""",[0.30549511313438416],"[0, 0, 0, 0]"
148.820697308,,9261,,1583006453,677503108,"""Soft-Hard Sip Deadband""",[0.3163532614707947],"[0, 0, 0, 0]"
148.82194829,,9262,,1583006453,678678035,"""Soft-Hard Sip Deadband""",[0.3272114396095276],"[0, 0, 0, 0]"
148.823366165,,9263,,1583006453,680097103,"""Soft-Hard Sip Deadband""",[0.3380695879459381],"[0, 0, 0, 0]"
148.824227571,,9264,,1583006453,681344985,"""Soft-Hard Sip Deadband""",[0.348927766084671],"[0, 0, 0, 0]"
148.8249259,,9265,,1583006453,682141065,"""Soft-Hard Sip Deadband""",[0.3597537875175476],"[0, 0, 0, 0]"
148.825631142,,9266,,1583006453,682904005,"""Soft-Hard Sip Deadband""",[0.3706119656562805],"[0, 0, 0, 0]"
148.82645154,,9267,,1583006453,683614969,"""Soft-Hard Sip Deadband""",[0.38147011399269104],"[0, 0, 0, 0]"
148.827190876,,9268,,1583006453,684400081,"""Soft-Hard Sip Deadband""",[0.39232829213142395],"[0, 0, 0, 0]"
148.828005314,,9269,,1583006453,685245990,"""Soft-Hard Sip Deadband""",[0.4031864404678345],"[0, 0, 0, 0]"
148.828747272,,9270,,1583006453,685995101,"""Soft-Hard Sip Deadband""",[0.4140446186065674],"[0, 0, 0, 0]"
148.829447508,,9271,,1583006453,686729907,"""Soft-Hard Sip Deadband""",[0.42487066984176636],"[0, 0, 0, 0]"
148.830113173,,9272,,1583006453,687427997,"""Soft-Hard Sip Deadband""",[0.4357288181781769],"[0, 0, 0, 0]"
148.830773592,,9273,,1583006453,688090085,"""Soft-Hard Sip Deadband""",[0.4465869963169098],"[0, 0, 0, 0]"
148.831450224,,9274,,1583006453,688755989,"""Soft-Hard Sip Deadband""",[0.4574451446533203],"[0, 0, 0, 0]"
148.832091331,,9275,,1583006453,689426898,"""Soft-Hard Sip Deadband""",[0.4683033227920532],"[0, 0, 0, 0]"
148.832794666,,9276,,1583006453,690068006,"""Soft-Hard Sip Deadband""",[0.4899875223636627],"[0, 0, 0, 0]"
148.839561939,,9277,,1583006453,690798997,"""Zero Band""",[0.5008456707000732],"[0, 0, 0, 0]"
148.844414234,,9278,,1583006453,697573900,"""Zero Band""",[0.5225620269775391],"[0, 0, 0, 0]"
148.851500034,,9279,,1583006453,702421903,"""Zero Band""",[0.533388078212738],"[0, 0, 0, 0]"
148.857668161,,9280,,1583006453,709469079,"""Zero Band""",[0.5442461967468262],"[0, 0, 0, 0]"
148.862473488,,9281,,1583006453,715750932,"""Zero Band""",[0.5551043748855591],"[0, 0, 0, 0]"
148.868731022,,9282,,1583006453,720454931,"""Zero Band""",[0.565962553024292],"[0, 0, 0, 0]"
148.874543905,,9283,,1583006453,726723909,"""Zero Band""",[0.5768207311630249],"[0, 0, 0, 0]"
148.879304409,,9284,,1583006453,732635021,"""Zero Band""",[0.587678849697113],"[0, 0, 0, 0]"
148.884747982,,9285,,1583006453,737270116,"""Zero Band""",[0.598504900932312],"[0, 0, 0, 0]"
148.892077208,,9286,,1583006453,742723941,"""Zero Band""",[0.6093630790710449],"[0, 0, 0, 0]"
148.897145748,,9287,,1583006453,750056028,"""Zero Band""",[0.6202212572097778],"[0, 0, 0, 0]"
148.901819229,,9288,,1583006453,755125999,"""Zero Band""",[0.6310794353485107],"[0, 0, 0, 0]"
148.909029961,,9289,,1583006453,759922981,"""Zero Band""",[0.6419375538825989],"[0, 0, 0, 0]"
148.913975477,,9290,,1583006453,767007112,"""Zero Band""",[0.6527636051177979],"[0, 0, 0, 0]"
148.919593573,,9291,,1583006453,771975040,"""Zero Band""",[0.6636217832565308],"[0, 0, 0, 0]"
148.927132845,,9292,,1583006453,777663946,"""Zero Band""",[0.6744799613952637],"[0, 0, 0, 0]"
148.932920218,,9293,,1583006453,785115003,"""Zero Band""",[0.6853380799293518],"[0, 0, 0, 0]"
148.938951969,,9294,,1583006453,790929079,"""Zero Band""",[0.6961962580680847],"[0, 0, 0, 0]"
148.946367979,,9295,,1583006453,797039031,"""Zero Band""",[0.7070544362068176],"[0, 0, 0, 0]"
148.951831102,,9296,,1583006453,804459095,"""Zero Band""",[0.7178804874420166],"[0, 0, 0, 0]"
148.957493305,,9297,,1583006453,809868097,"""Zero Band""",[0.7287386655807495],"[0, 0, 0, 0]"
148.963153124,,9298,,1583006453,815488100,"""Zero Band""",[0.7395967841148376],"[0, 0, 0, 0]"
148.968807697,,9299,,1583006453,821214914,"""Zero Band""",[0.7504549622535706],"[0, 0, 0, 0]"
149.00996995,,9300,,1583006453,861159086,"""Zero Band""",[0.7395967841148376],"[0, 0, 0, 0]"
149.041344166,,9301,,1583006453,893076896,"""Zero Band""",[0.7287386655807495],"[0, 0, 0, 0]"
149.046276808,,9302,,1583006453,899432897,"""Zero Band""",[0.7395967841148376],"[0, 0, 0, 0]"
149.052635431,,9303,,1583006453,904349088,"""Zero Band""",[0.7287386655807495],"[0, 0, 0, 0]"
149.059334517,,9304,,1583006453,910734891,"""Zero Band""",[0.7395967841148376],"[0, 0, 0, 0]"
149.064779282,,9305,,1583006453,917443990,"""Zero Band""",[0.7504549622535706],"[0, 0, 0, 0]"
149.085406542,,9306,,1583006453,937125921,"""Zero Band""",[0.7613131403923035],"[0, 0, 0, 0]"
149.096274853,,9307,,1583006453,949074029,"""Zero Band""",[0.7721391916275024],"[0, 0, 0, 0]"
149.11324358,,9308,,1583006453,965130090,"""Zero Band""",[0.7829973101615906],"[0, 0, 0, 0]"
149.131079674,,9309,,1583006453,983114957,"""Zero Band""",[0.7938554883003235],"[0, 0, 0, 0]"
149.144914389,,9310,,1583006453,997154951,"""Zero Band""",[0.8047136664390564],"[0, 0, 0, 0]"
149.155573845,,9311,,1583006454,7071971,"""Zero Band""",[0.8155718445777893],"[0, 0, 0, 0]"
149.16110158,,9312,,1583006454,13669967,"""Zero Band""",[0.8263978958129883],"[0, 0, 0, 0]"
149.16795373,,9313,,1583006454,19146919,"""Zero Band""",[0.8372560143470764],"[0, 0, 0, 0]"
149.182552576,,9314,,1583006454,35135984,"""Zero Band""",[0.8263978958129883],"[0, 0, 0, 0]"
149.19252944,,9315,,1583006454,43071985,"""Zero Band""",[0.8155718445777893],"[0, 0, 0, 0]"
149.21471405,,9316,,1583006454,67126035,"""Zero Band""",[0.8047136664390564],"[0, 0, 0, 0]"
149.231027365,,9317,,1583006454,83122968,"""Zero Band""",[0.7938554883003235],"[0, 0, 0, 0]"
149.236866951,,9318,,1583006454,89073896,"""Zero Band""",[0.7829973101615906],"[0, 0, 0, 0]"
149.245102882,,9319,,1583006454,94980001,"""Zero Band""",[0.7721391916275024],"[0, 0, 0, 0]"
149.250251293,,9320,,1583006454,103137016,"""Zero Band""",[0.7613131403923035],"[0, 0, 0, 0]"
149.2546947,,9321,,1583006454,108326911,"""Zero Band""",[0.7504549622535706],"[0, 0, 0, 0]"
149.259724617,,9322,,1583006454,112674951,"""Zero Band""",[0.7287386655807495],"[0, 0, 0, 0]"
149.265730858,,9323,,1583006454,117610931,"""Zero Band""",[0.7070544362068176],"[0, 0, 0, 0]"
149.271204472,,9324,,1583006454,123703956,"""Zero Band""",[0.6853380799293518],"[0, 0, 0, 0]"
149.27811718,,9325,,1583006454,129271984,"""Zero Band""",[0.6636217832565308],"[0, 0, 0, 0]"
149.285651684,,9326,,1583006454,136353969,"""Zero Band""",[0.6419375538825989],"[0, 0, 0, 0]"
149.290189266,,9327,,1583006454,143637895,"""Zero Band""",[0.6202212572097778],"[0, 0, 0, 0]"
149.296502829,,9328,,1583006454,148159027,"""Zero Band""",[0.598504900932312],"[0, 0, 0, 0]"
149.302185059,,9329,,1583006454,154503107,"""Zero Band""",[0.565962553024292],"[0, 0, 0, 0]"
149.308277369,,9330,,1583006454,159945964,"""Zero Band""",[0.533388078212738],"[0, 0, 0, 0]"
149.314063787,,9331,,1583006454,166174888,"""Zero Band""",[0.5225620269775391],"[0, 0, 0, 0]"
149.320410728,,9332,,1583006454,172025918,"""Zero Band""",[0.5008456707000732],"[0, 0, 0, 0]"
149.321397781,,9333,,1583006454,178282022,"""Soft-Hard Sip Deadband""",[0.4791293442249298],"[0, 0, 0, 0]"
149.322380543,,9334,,1583006454,179367065,"""Soft-Hard Sip Deadband""",[0.4683033227920532],"[0, 0, 0, 0]"
149.323391199,,9335,,1583006454,180562973,"""Soft-Hard Sip Deadband""",[0.4574451446533203],"[0, 0, 0, 0]"
149.32424283,,9336,,1583006454,181377887,"""Soft-Hard Sip Deadband""",[0.4465869963169098],"[0, 0, 0, 0]"
149.324981213,,9337,,1583006454,182229995,"""Soft-Hard Sip Deadband""",[0.4574451446533203],"[0, 0, 0, 0]"
149.325732946,,9338,,1583006454,182962894,"""Soft-Hard Sip Deadband""",[0.4683033227920532],"[0, 0, 0, 0]"
149.326453209,,9339,,1583006454,183712005,"""Soft-Hard Sip Deadband""",[0.4791293442249298],"[0, 0, 0, 0]"
149.327149391,,9340,,1583006454,184433937,"""Soft-Hard Sip Deadband""",[0.4899875223636627],"[0, 0, 0, 0]"
149.332910538,,9341,,1583006454,185125112,"""Zero Band""",[0.5008456707000732],"[0, 0, 0, 0]"
149.337723494,,9342,,1583006454,190917968,"""Zero Band""",[0.5117038488388062],"[0, 0, 0, 0]"
149.343460798,,9343,,1583006454,195709943,"""Zero Band""",[0.5225620269775391],"[0, 0, 0, 0]"
149.349595547,,9344,,1583006454,201539993,"""Zero Band""",[0.533388078212738],"[0, 0, 0, 0]"
149.355522156,,9345,,1583006454,207655906,"""Zero Band""",[0.5225620269775391],"[0, 0, 0, 0]"
149.361573458,,9346,,1583006454,213383913,"""Zero Band""",[0.5117038488388062],"[0, 0, 0, 0]"
149.367296219,,9347,,1583006454,219643115,"""Zero Band""",[0.5008456707000732],"[0, 0, 0, 0]"
149.373731852,,9348,,1583006454,225363969,"""Zero Band""",[0.5117038488388062],"[0, 0, 0, 0]"
149.38044095,,9349,,1583006454,231775999,"""Zero Band""",[0.5225620269775391],"[0, 0, 0, 0]"
149.386673927,,9350,,1583006454,238498926,"""Zero Band""",[0.533388078212738],"[0, 0, 0, 0]"
149.39373064,,9351,,1583006454,244730949,"""Zero Band""",[0.5442461967468262],"[0, 0, 0, 0]"
149.398633957,,9352,,1583006454,251791000,"""Zero Band""",[0.5551043748855591],"[0, 0, 0, 0]"
149.403934717,,9353,,1583006454,256702899,"""Zero Band""",[0.565962553024292],"[0, 0, 0, 0]"
149.409690857,,9354,,1583006454,261825084,"""Zero Band""",[0.5768207311630249],"[0, 0, 0, 0]"
149.414111376,,9355,,1583006454,267767906,"""Zero Band""",[0.587678849697113],"[0, 0, 0, 0]"
149.419560909,,9356,,1583006454,272161960,"""Zero Band""",[0.598504900932312],"[0, 0, 0, 0]"
149.425085068,,9357,,1583006454,277540922,"""Zero Band""",[0.6093630790710449],"[0, 0, 0, 0]"
149.430157185,,9358,,1583006454,283119916,"""Zero Band""",[0.598504900932312],"[0, 0, 0, 0]"
149.436190844,,9359,,1583006454,288239002,"""Zero Band""",[0.587678849697113],"[0, 0, 0, 0]"
149.4406569,,9360,,1583006454,294241905,"""Zero Band""",[0.5768207311630249],"[0, 0, 0, 0]"
149.446117878,,9361,,1583006454,298731088,"""Zero Band""",[0.565962553024292],"[0, 0, 0, 0]"
149.452434778,,9362,,1583006454,304166078,"""Zero Band""",[0.5551043748855591],"[0, 0, 0, 0]"
149.459750175,,9363,,1583006454,310571908,"""Zero Band""",[0.5442461967468262],"[0, 0, 0, 0]"
149.464996815,,9364,,1583006454,317749977,"""Zero Band""",[0.533388078212738],"[0, 0, 0, 0]"
149.470187902,,9365,,1583006454,323066949,"""Zero Band""",[0.5225620269775391],"[0, 0, 0, 0]"
149.4759202,,9366,,1583006454,328255891,"""Zero Band""",[0.5117038488388062],"[0, 0, 0, 0]"
149.48011446,,9367,,1583006454,333796024,"""Zero Band""",[0.5008456707000732],"[0, 0, 0, 0]"
149.481231213,,9368,,1583006454,338099956,"""Soft-Hard Sip Deadband""",[0.4899875223636627],"[0, 0, 0, 0]"
149.482901096,,9369,,1583006454,339287042,"""Soft-Hard Sip Deadband""",[0.4791293442249298],"[0, 0, 0, 0]"
149.484009266,,9370,,1583006454,341016054,"""Soft-Hard Sip Deadband""",[0.4683033227920532],"[0, 0, 0, 0]"
149.484882593,,9371,,1583006454,341969966,"""Soft-Hard Sip Deadband""",[0.4574451446533203],"[0, 0, 0, 0]"
149.486260891,,9372,,1583006454,343009948,"""Soft-Hard Sip Deadband""",[0.4465869963169098],"[0, 0, 0, 0]"
149.489858627,,9373,,1583006454,347002029,"""Soft-Hard Sip Deadband""",[0.4357288181781769],"[0, 0, 0, 0]"
149.499963999,,9374,,1583006454,357034921,"""Soft-Hard Sip Deadband""",[0.42487066984176636],"[0, 0, 0, 0]"
149.508127451,,9375,,1583006454,365052938,"""Soft-Hard Sip Deadband""",[0.4357288181781769],"[0, 0, 0, 0]"
149.520340443,,9376,,1583006454,377074956,"""Soft-Hard Sip Deadband""",[0.42487066984176636],"[0, 0, 0, 0]"
149.522571087,,9377,,1583006454,379101991,"""Soft-Hard Sip Deadband""",[0.4357288181781769],"[0, 0, 0, 0]"
149.526108265,,9378,,1583006454,383024930,"""Soft-Hard Sip Deadband""",[0.42487066984176636],"[0, 0, 0, 0]"
149.529839516,,9379,,1583006454,386990070,"""Soft-Hard Sip Deadband""",[0.4357288181781769],"[0, 0, 0, 0]"
149.542078972,,9380,,1583006454,399041891,"""Soft-Hard Sip Deadband""",[0.4465869963169098],"[0, 0, 0, 0]"
149.547870874,,9381,,1583006454,405060052,"""Soft-Hard Sip Deadband""",[0.4574451446533203],"[0, 0, 0, 0]"
149.558265686,,9382,,1583006454,415105104,"""Soft-Hard Sip Deadband""",[0.4683033227920532],"[0, 0, 0, 0]"
149.565881729,,9383,,1583006454,423017024,"""Soft-Hard Sip Deadband""",[0.4791293442249298],"[0, 0, 0, 0]"
149.57425952,,9384,,1583006454,431082010,"""Soft-Hard Sip Deadband""",[0.4899875223636627],"[0, 0, 0, 0]"
149.607053995,,9385,,1583006454,459101915,"""Zero Band""",[0.5008456707000732],"[0, 0, 0, 0]"
149.616085052,,9386,,1583006454,469033956,"""Zero Band""",[0.5117038488388062],"[0, 0, 0, 0]"
149.628624916,,9387,,1583006454,481070041,"""Zero Band""",[0.5225620269775391],"[0, 0, 0, 0]"
149.637667656,,9388,,1583006454,489041090,"""Zero Band""",[0.533388078212738],"[0, 0, 0, 0]"
149.645859003,,9389,,1583006454,495801925,"""Zero Band""",[0.5442461967468262],"[0, 0, 0, 0]"
149.650660276,,9390,,1583006454,503912925,"""Zero Band""",[0.5551043748855591],"[0, 0, 0, 0]"
149.657556534,,9391,,1583006454,508754014,"""Zero Band""",[0.565962553024292],"[0, 0, 0, 0]"
149.663927078,,9392,,1583006454,515532970,"""Zero Band""",[0.5768207311630249],"[0, 0, 0, 0]"
149.670031309,,9393,,1583006454,521739006,"""Zero Band""",[0.587678849697113],"[0, 0, 0, 0]"
149.676661015,,9394,,1583006454,528142929,"""Zero Band""",[0.598504900932312],"[0, 0, 0, 0]"
149.681454897,,9395,,1583006454,534749984,"""Zero Band""",[0.6093630790710449],"[0, 0, 0, 0]"
149.686132431,,9396,,1583006454,539433956,"""Zero Band""",[0.6202212572097778],"[0, 0, 0, 0]"
149.692264795,,9397,,1583006454,544111013,"""Zero Band""",[0.6310794353485107],"[0, 0, 0, 0]"
149.697823763,,9398,,1583006454,550245046,"""Zero Band""",[0.6419375538825989],"[0, 0, 0, 0]"
149.705862284,,9399,,1583006454,555877923,"""Zero Band""",[0.6527636051177979],"[0, 0, 0, 0]"
149.710654497,,9400,,1583006454,563937902,"""Zero Band""",[0.6419375538825989],"[0, 0, 0, 0]"
149.715883732,,9401,,1583006454,568656921,"""Zero Band""",[0.6527636051177979],"[0, 0, 0, 0]"
149.722034216,,9402,,1583006454,573929071,"""Zero Band""",[0.6419375538825989],"[0, 0, 0, 0]"
149.728105783,,9403,,1583006454,580094099,"""Zero Band""",[0.6310794353485107],"[0, 0, 0, 0]"
149.735610247,,9404,,1583006454,586128950,"""Zero Band""",[0.6202212572097778],"[0, 0, 0, 0]"
149.742428064,,9405,,1583006454,593621969,"""Zero Band""",[0.6093630790710449],"[0, 0, 0, 0]"
149.74889183,,9406,,1583006454,600564002,"""Zero Band""",[0.598504900932312],"[0, 0, 0, 0]"
149.755107403,,9407,,1583006454,607006072,"""Zero Band""",[0.587678849697113],"[0, 0, 0, 0]"
149.75987339,,9408,,1583006454,613091945,"""Zero Band""",[0.5768207311630249],"[0, 0, 0, 0]"
149.766308069,,9409,,1583006454,617856025,"""Zero Band""",[0.565962553024292],"[0, 0, 0, 0]"
149.772232533,,9410,,1583006454,624380111,"""Zero Band""",[0.5551043748855591],"[0, 0, 0, 0]"
149.777598858,,9411,,1583006454,630234003,"""Zero Band""",[0.5442461967468262],"[0, 0, 0, 0]"
149.782794714,,9412,,1583006454,635689973,"""Zero Band""",[0.5225620269775391],"[0, 0, 0, 0]"
149.788228035,,9413,,1583006454,640780925,"""Zero Band""",[0.5117038488388062],"[0, 0, 0, 0]"
149.794286251,,9414,,1583006454,646212100,"""Zero Band""",[0.5008456707000732],"[0, 0, 0, 0]"
149.795520067,,9415,,1583006454,652313947,"""Soft-Hard Sip Deadband""",[0.4899875223636627],"[0, 0, 0, 0]"
149.796272039,,9416,,1583006454,653366088,"""Soft-Hard Sip Deadband""",[0.4683033227920532],"[0, 0, 0, 0]"
149.797390461,,9417,,1583006454,654367923,"""Soft-Hard Sip Deadband""",[0.4574451446533203],"[0, 0, 0, 0]"
149.798238993,,9418,,1583006454,655337095,"""Soft-Hard Sip Deadband""",[0.4465869963169098],"[0, 0, 0, 0]"
149.799309015,,9419,,1583006454,656215906,"""Soft-Hard Sip Deadband""",[0.4357288181781769],"[0, 0, 0, 0]"
149.800183535,,9420,,1583006454,657325983,"""Soft-Hard Sip Deadband""",[0.42487066984176636],"[0, 0, 0, 0]"
149.801470518,,9421,,1583006454,658324003,"""Soft-Hard Sip Deadband""",[0.4140446186065674],"[0, 0, 0, 0]"
149.802154303,,9422,,1583006454,659210920,"""Soft-Hard Sip Deadband""",[0.4031864404678345],"[0, 0, 0, 0]"
149.803114414,,9423,,1583006454,660113096,"""Soft-Hard Sip Deadband""",[0.39232829213142395],"[0, 0, 0, 0]"
149.803994656,,9424,,1583006454,661081075,"""Soft-Hard Sip Deadband""",[0.38147011399269104],"[0, 0, 0, 0]"
149.804782867,,9425,,1583006454,661973953,"""Soft-Hard Sip Deadband""",[0.3706119656562805],"[0, 0, 0, 0]"
149.805584669,,9426,,1583006454,662846088,"""Soft-Hard Sip Deadband""",[0.3597537875175476],"[0, 0, 0, 0]"
149.806344509,,9427,,1583006454,663639068,"""Soft-Hard Sip Deadband""",[0.348927766084671],"[0, 0, 0, 0]"
149.807690859,,9428,,1583006454,664994001,"""Soft-Hard Sip Deadband""",[0.3380695879459381],"[0, 0, 0, 0]"
149.815829754,,9429,,1583006454,673041105,"""Soft-Hard Sip Deadband""",[0.3272114396095276],"[0, 0, 0, 0]"
149.842330933,,9430,,1583006454,699158906,"""Soft-Hard Sip Deadband""",[0.3163532614707947],"[0, 0, 0, 0]"
149.852939606,,9431,,1583006454,709089040,"""Soft-Hard Sip Deadband""",[0.30549511313438416],"[0, 0, 0, 0]"
149.886529684,,9432,,1583006454,743120908,"""Soft-Hard Sip Deadband""",[0.3163532614707947],"[0, 0, 0, 0]"
149.8941257,,9433,,1583006454,751055955,"""Soft-Hard Sip Deadband""",[0.3272114396095276],"[0, 0, 0, 0]"
149.904046297,,9434,,1583006454,761096954,"""Soft-Hard Sip Deadband""",[0.3380695879459381],"[0, 0, 0, 0]"
149.914064169,,9435,,1583006454,771116971,"""Soft-Hard Sip Deadband""",[0.348927766084671],"[0, 0, 0, 0]"
149.922647476,,9436,,1583006454,779125928,"""Soft-Hard Sip Deadband""",[0.3597537875175476],"[0, 0, 0, 0]"
149.931972504,,9437,,1583006454,789035081,"""Soft-Hard Sip Deadband""",[0.3706119656562805],"[0, 0, 0, 0]"
149.936110973,,9438,,1583006454,793049097,"""Soft-Hard Sip Deadband""",[0.3597537875175476],"[0, 0, 0, 0]"
149.940202475,,9439,,1583006454,797049045,"""Soft-Hard Sip Deadband""",[0.3706119656562805],"[0, 0, 0, 0]"
149.964050531,,9440,,1583006454,821057081,"""Soft-Hard Sip Deadband""",[0.38147011399269104],"[0, 0, 0, 0]"
149.970353127,,9441,,1583006454,827074050,"""Soft-Hard Sip Deadband""",[0.39232829213142395],"[0, 0, 0, 0]"
149.978214502,,9442,,1583006454,835082054,"""Soft-Hard Sip Deadband""",[0.4031864404678345],"[0, 0, 0, 0]"
149.979934216,,9443,,1583006454,836991071,"""Soft-Hard Sip Deadband""",[0.4140446186065674],"[0, 0, 0, 0]"
149.988188744,,9444,,1583006454,845021963,"""Soft-Hard Sip Deadband""",[0.42487066984176636],"[0, 0, 0, 0]"
149.992107153,,9445,,1583006454,849062919,"""Soft-Hard Sip Deadband""",[0.4357288181781769],"[0, 0, 0, 0]"
150.008272886,,9446,,1583006454,865044116,"""Soft-Hard Sip Deadband""",[0.4465869963169098],"[0, 0, 0, 0]"
150.009903669,,9447,,1583006454,867022037,"""Soft-Hard Sip Deadband""",[0.4357288181781769],"[0, 0, 0, 0]"
150.022339344,,9448,,1583006454,879053115,"""Soft-Hard Sip Deadband""",[0.42487066984176636],"[0, 0, 0, 0]"
150.026012897,,9449,,1583006454,883033990,"""Soft-Hard Sip Deadband""",[0.4140446186065674],"[0, 0, 0, 0]"
150.032061338,,9450,,1583006454,889085054,"""Soft-Hard Sip Deadband""",[0.4031864404678345],"[0, 0, 0, 0]"
150.036062002,,9451,,1583006454,893038034,"""Soft-Hard Sip Deadband""",[0.39232829213142395],"[0, 0, 0, 0]"
150.042196035,,9452,,1583006454,899152994,"""Soft-Hard Sip Deadband""",[0.38147011399269104],"[0, 0, 0, 0]"
150.043873787,,9453,,1583006454,901009082,"""Soft-Hard Sip Deadband""",[0.3706119656562805],"[0, 0, 0, 0]"
150.050011635,,9454,,1583006454,906984090,"""Soft-Hard Sip Deadband""",[0.3597537875175476],"[0, 0, 0, 0]"
150.051864147,,9455,,1583006454,909004926,"""Soft-Hard Sip Deadband""",[0.348927766084671],"[0, 0, 0, 0]"
150.055793524,,9456,,1583006454,913012981,"""Soft-Hard Sip Deadband""",[0.3380695879459381],"[0, 0, 0, 0]"
150.059938908,,9457,,1583006454,916980028,"""Soft-Hard Sip Deadband""",[0.3272114396095276],"[0, 0, 0, 0]"
150.065864325,,9458,,1583006454,923053979,"""Soft-Hard Sip Deadband""",[0.3163532614707947],"[0, 0, 0, 0]"
150.067812443,,9459,,1583006454,924997091,"""Soft-Hard Sip Deadband""",[0.30549511313438416],"[0, 0, 0, 0]"
150.080262423,,9460,,1583006454,933090925,"""Soft Sip""",[0.2946690618991852],"[0, 0, 1, 0]"
150.08381319,,9461,,1583006454,940995931,"""Soft-Hard Sip Deadband""",[0.30549511313438416],"[0, 0, 0, 0]"
150.092121363,,9462,,1583006454,949062108,"""Soft-Hard Sip Deadband""",[0.3163532614707947],"[0, 0, 0, 0]"
150.102399111,,9463,,1583006454,959136009,"""Soft-Hard Sip Deadband""",[0.3272114396095276],"[0, 0, 0, 0]"
150.110407114,,9464,,1583006454,967133045,"""Soft-Hard Sip Deadband""",[0.3380695879459381],"[0, 0, 0, 0]"
150.114245415,,9465,,1583006454,971123933,"""Soft-Hard Sip Deadband""",[0.348927766084671],"[0, 0, 0, 0]"
150.120127439,,9466,,1583006454,977004051,"""Soft-Hard Sip Deadband""",[0.3597537875175476],"[0, 0, 0, 0]"
150.128191948,,9467,,1583006454,985030889,"""Soft-Hard Sip Deadband""",[0.3706119656562805],"[0, 0, 0, 0]"
150.143994331,,9468,,1583006455,1039028,"""Soft-Hard Sip Deadband""",[0.3597537875175476],"[0, 0, 0, 0]"
150.152105808,,9469,,1583006455,9069919,"""Soft-Hard Sip Deadband""",[0.348927766084671],"[0, 0, 0, 0]"
150.162113667,,9470,,1583006455,19081115,"""Soft-Hard Sip Deadband""",[0.3380695879459381],"[0, 0, 0, 0]"
150.172485828,,9471,,1583006455,29078960,"""Soft-Hard Sip Deadband""",[0.3272114396095276],"[0, 0, 0, 0]"
150.180001736,,9472,,1583006455,37074089,"""Soft-Hard Sip Deadband""",[0.3380695879459381],"[0, 0, 0, 0]"
150.181855679,,9473,,1583006455,39009094,"""Soft-Hard Sip Deadband""",[0.3272114396095276],"[0, 0, 0, 0]"
150.192338228,,9474,,1583006455,49015998,"""Soft-Hard Sip Deadband""",[0.3163532614707947],"[0, 0, 0, 0]"
150.198015213,,9475,,1583006455,55079936,"""Soft-Hard Sip Deadband""",[0.30549511313438416],"[0, 0, 0, 0]"
150.209276915,,9476,,1583006455,61064958,"""Soft Sip""",[0.2946690618991852],"[0, 0, 1, 0]"
150.214303255,,9477,,1583006455,67352056,"""Soft Sip""",[0.28381088376045227],"[0, 0, 1, 0]"
150.21890521,,9478,,1583006455,72374105,"""Soft Sip""",[0.27295273542404175],"[0, 0, 1, 0]"
150.225967169,,9479,,1583006455,76977968,"""Soft Sip""",[0.2512364089488983],"[0, 0, 1, 0]"
150.232031584,,9480,,1583006455,83997964,"""Soft Sip""",[0.2403782308101654],"[0, 0, 1, 0]"
150.23921895,,9481,,1583006455,90111970,"""Soft Sip""",[0.22955219447612762],"[0, 0, 1, 0]"
150.247138023,,9482,,1583006455,97183942,"""Soft Sip""",[0.2186940312385559],"[0, 0, 1, 0]"
150.252704859,,9483,,1583006455,105313062,"""Soft Sip""",[0.19697770476341248],"[0, 0, 1, 0]"
150.257508039,,9484,,1583006455,110548019,"""Soft Sip""",[0.18611954152584076],"[0, 0, 1, 0]"
150.262769938,,9485,,1583006455,115484952,"""Soft Sip""",[0.16443534195423126],"[0, 0, 1, 0]"
150.268642187,,9486,,1583006455,120874881,"""Soft Sip""",[0.14271900057792664],"[0, 0, 1, 0]"
150.276368141,,9487,,1583006455,126641035,"""Soft Sip""",[0.12103480100631714],"[0, 0, 1, 0]"
150.282209396,,9488,,1583006455,134475946,"""Soft Sip""",[0.0993184745311737],"[0, 0, 1, 0]"
150.287053823,,9489,,1583006455,140202045,"""Soft Sip""",[0.07760214805603027],"[0, 0, 1, 0]"
150.293975592,,9490,,1583006455,145037889,"""Soft Sip""",[0.05591794103384018],"[0, 0, 1, 0]"
150.299926519,,9491,,1583006455,151938915,"""Soft Sip""",[0.023343447595834732],"[0, 0, 1, 0]"
150.301483631,,9492,,1583006455,157870054,"""Zero Band""",[0.0016592431347817183],"[0, 0, 0, 0]"
150.302528143,,9493,,1583006455,159451007,"""Zero Band""",[-0.0],"[0, 0, 0, 0]"
150.303391695,,9494,,1583006455,160558938,"""Zero Band""",[-0.0],"[0, 0, 0, 0]"
150.304409504,,9495,,1583006455,161401033,"""Zero Band""",[-0.0],"[0, 0, 0, 0]"
150.305560112,,9496,,1583006455,162369966,"""Zero Band""",[-0.0],"[0, 0, 0, 0]"
150.3056283,,9497,,1583006455,162369966,"""input stopped""",[-0.0],"[0, 0, 0, 0]"
150.63103652,,9498,,1583006455,488034009,"""Zero Band""",[-0.0],"[0, 0, 0, 0]"
150.640292645,,9499,,1583006455,497174978,"""Zero Band""",[-0.0],"[0, 0, 0, 0]"
150.647997141,,9500,,1583006455,505053997,"""Zero Band""",[-0.0],"[0, 0, 0, 0]"
150.651938677,,9501,,1583006455,508997917,"""Zero Band""",[-0.0],"[0, 0, 0, 0]"
150.65392375,,9502,,1583006455,511033058,"""Zero Band""",[-0.0],"[0, 0, 0, 0]"
150.657862902,,9503,,1583006455,514997005,"""Zero Band""",[-0.0],"[0, 0, 0, 0]"
150.672377586,,9504,,1583006455,529098033,"""Zero Band""",[-0.0],"[0, 0, 0, 0]"
150.673835039,,9505,,1583006455,530997037,"""Zero Band""",[-0.0],"[0, 0, 0, 0]"
150.678036451,,9506,,1583006455,535042047,"""Zero Band""",[-0.0],"[0, 0, 0, 0]"
150.766113043,,9507,,1583006455,623114109,"""Zero Band""",[-0.0],"[0, 0, 0, 0]"
150.767851591,,9508,,1583006455,624996900,"""Zero Band""",[-0.0],"[0, 0, 0, 0]"
150.774440527,,9509,,1583006455,631206035,"""Zero Band""",[-0.0],"[0, 0, 0, 0]"
150.776020527,,9510,,1583006455,632998943,"""Zero Band""",[-0.0],"[0, 0, 0, 0]"
150.782076836,,9511,,1583006455,639048099,"""Zero Band""",[0.0016592431347817183],"[0, 0, 0, 0]"
150.790917635,,9512,,1583006455,641033887,"""Soft Sip""",[0.012485282495617867],"[0, 0, 1, 0]"
150.798264027,,9513,,1583006455,649032115,"""Soft Sip""",[0.023343447595834732],"[0, 0, 1, 0]"
150.805137873,,9514,,1583006455,656328916,"""Soft Sip""",[0.03420161083340645],"[0, 0, 1, 0]"
150.811763763,,9515,,1583006455,663238048,"""Soft Sip""",[0.04505977779626846],"[0, 0, 1, 0]"
150.819332838,,9516,,1583006455,669615030,"""Soft Sip""",[0.05591794103384018],"[0, 0, 1, 0]"
150.825794697,,9517,,1583006455,677474975,"""Soft Sip""",[0.06674397736787796],"[0, 0, 1, 0]"
150.831409216,,9518,,1583006455,683670997,"""Soft Sip""",[0.07760214805603027],"[0, 0, 1, 0]"
150.837162733,,9519,,1583006455,689502000,"""Soft Sip""",[0.08846031129360199],"[0, 0, 1, 0]"
150.843509436,,9520,,1583006455,695146083,"""Soft Sip""",[0.0993184745311737],"[0, 0, 1, 0]"
150.849955559,,9521,,1583006455,701486110,"""Soft Sip""",[0.11017663776874542],"[0, 0, 1, 0]"
150.85624218,,9522,,1583006455,707926034,"""Soft Sip""",[0.12103480100631714],"[0, 0, 1, 0]"
150.861726999,,9523,,1583006455,714214086,"""Soft Sip""",[0.13186083734035492],"[0, 0, 1, 0]"
150.867161989,,9524,,1583006455,719811916,"""Soft Sip""",[0.14271900057792664],"[0, 0, 1, 0]"
150.872507334,,9525,,1583006455,725158929,"""Soft Sip""",[0.15357716381549835],"[0, 0, 1, 0]"
150.879941225,,9526,,1583006455,730539083,"""Soft Sip""",[0.16443534195423126],"[0, 0, 1, 0]"
150.886025667,,9527,,1583006455,738042116,"""Soft Sip""",[0.17529350519180298],"[0, 0, 1, 0]"
150.891987085,,9528,,1583006455,744009971,"""Soft Sip""",[0.18611954152584076],"[0, 0, 1, 0]"
150.897269726,,9529,,1583006455,749768018,"""Soft Sip""",[0.19697770476341248],"[0, 0, 1, 0]"
150.901946545,,9530,,1583006455,755251884,"""Soft Sip""",[0.2078358680009842],"[0, 0, 1, 0]"
150.908263922,,9531,,1583006455,759926080,"""Soft Sip""",[0.2186940312385559],"[0, 0, 1, 0]"
150.914366484,,9532,,1583006455,766113996,"""Soft Sip""",[0.22955219447612762],"[0, 0, 1, 0]"
150.920262098,,9533,,1583006455,772454977,"""Soft Sip""",[0.2403782308101654],"[0, 0, 1, 0]"
150.925960541,,9534,,1583006455,778234958,"""Soft Sip""",[0.2512364089488983],"[0, 0, 1, 0]"
150.930719614,,9535,,1583006455,784034013,"""Soft Sip""",[0.26209455728530884],"[0, 0, 1, 0]"
150.936555386,,9536,,1583006455,788727045,"""Soft Sip""",[0.2512364089488983],"[0, 0, 1, 0]"
150.941349983,,9537,,1583006455,794610977,"""Soft Sip""",[0.2403782308101654],"[0, 0, 1, 0]"
150.946690321,,9538,,1583006455,799396991,"""Soft Sip""",[0.22955219447612762],"[0, 0, 1, 0]"
150.955126524,,9539,,1583006455,807178020,"""Soft Sip""",[0.2186940312385559],"[0, 0, 1, 0]"
150.962434769,,9540,,1583006455,815013885,"""Soft Sip""",[0.2078358680009842],"[0, 0, 1, 0]"
150.970967293,,9541,,1583006455,823142051,"""Soft Sip""",[0.19697770476341248],"[0, 0, 1, 0]"
150.978094816,,9542,,1583006455,829054117,"""Soft Sip""",[0.18611954152584076],"[0, 0, 1, 0]"
150.985699654,,9543,,1583006455,836163043,"""Soft Sip""",[0.17529350519180298],"[0, 0, 1, 0]"
150.995458364,,9544,,1583006455,847057104,"""Soft Sip""",[0.16443534195423126],"[0, 0, 1, 0]"
151.000590563,,9545,,1583006455,853514909,"""Soft Sip""",[0.17529350519180298],"[0, 0, 1, 0]"
151.005521536,,9546,,1583006455,858700037,"""Soft Sip""",[0.16443534195423126],"[0, 0, 1, 0]"
151.012151957,,9547,,1583006455,863593101,"""Soft Sip""",[0.17529350519180298],"[0, 0, 1, 0]"
151.019711018,,9548,,1583006455,870229959,"""Soft Sip""",[0.16443534195423126],"[0, 0, 1, 0]"
151.025123835,,9549,,1583006455,877542018,"""Soft Sip""",[0.17529350519180298],"[0, 0, 1, 0]"
151.033082485,,9550,,1583006455,883136987,"""Soft Sip""",[0.16443534195423126],"[0, 0, 1, 0]"
151.038082838,,9551,,1583006455,890980005,"""Soft Sip""",[0.17529350519180298],"[0, 0, 1, 0]"
151.043550491,,9552,,1583006455,896178007,"""Soft Sip""",[0.18611954152584076],"[0, 0, 1, 0]"
151.050257444,,9553,,1583006455,901702880,"""Soft Sip""",[0.19697770476341248],"[0, 0, 1, 0]"
151.056148767,,9554,,1583006455,908256053,"""Soft Sip""",[0.2078358680009842],"[0, 0, 1, 0]"
151.060771227,,9555,,1583006455,914134979,"""Soft Sip""",[0.2186940312385559],"[0, 0, 1, 0]"
151.067665339,,9556,,1583006455,918829917,"""Soft Sip""",[0.22955219447612762],"[0, 0, 1, 0]"
151.073495388,,9557,,1583006455,925674915,"""Soft Sip""",[0.2403782308101654],"[0, 0, 1, 0]"
151.079392433,,9558,,1583006455,931654930,"""Soft Sip""",[0.2512364089488983],"[0, 0, 1, 0]"
151.085557938,,9559,,1583006455,937372922,"""Soft Sip""",[0.26209455728530884],"[0, 0, 1, 0]"
151.092474222,,9560,,1583006455,943592071,"""Soft Sip""",[0.27295273542404175],"[0, 0, 1, 0]"
151.097968817,,9561,,1583006455,950453996,"""Soft Sip""",[0.2946690618991852],"[0, 0, 1, 0]"
151.09911108,,9562,,1583006455,955952882,"""Soft-Hard Sip Deadband""",[0.30549511313438416],"[0, 0, 0, 0]"
151.100174427,,9563,,1583006455,957082986,"""Soft-Hard Sip Deadband""",[0.3272114396095276],"[0, 0, 0, 0]"
151.101053238,,9564,,1583006455,958276987,"""Soft-Hard Sip Deadband""",[0.348927766084671],"[0, 0, 0, 0]"
151.10180831,,9565,,1583006455,959044933,"""Soft-Hard Sip Deadband""",[0.3706119656562805],"[0, 0, 0, 0]"
151.102637291,,9566,,1583006455,959810972,"""Soft-Hard Sip Deadband""",[0.39232829213142395],"[0, 0, 0, 0]"
151.103452206,,9567,,1583006455,960613965,"""Soft-Hard Sip Deadband""",[0.4140446186065674],"[0, 0, 0, 0]"
151.104421854,,9568,,1583006455,961427927,"""Soft-Hard Sip Deadband""",[0.42487066984176636],"[0, 0, 0, 0]"
151.105322361,,9569,,1583006455,962573051,"""Soft-Hard Sip Deadband""",[0.4574451446533203],"[0, 0, 0, 0]"
151.106190205,,9570,,1583006455,963308095,"""Soft-Hard Sip Deadband""",[0.4683033227920532],"[0, 0, 0, 0]"
151.106824875,,9571,,1583006455,964112997,"""Soft-Hard Sip Deadband""",[0.4899875223636627],"[0, 0, 0, 0]"
151.111637592,,9572,,1583006455,964828014,"""Zero Band""",[0.5117038488388062],"[0, 0, 0, 0]"
151.116770506,,9573,,1583006455,969664096,"""Zero Band""",[0.533388078212738],"[0, 0, 0, 0]"
151.122885704,,9574,,1583006455,974749088,"""Zero Band""",[0.5442461967468262],"[0, 0, 0, 0]"
151.128955364,,9575,,1583006455,981003046,"""Zero Band""",[0.565962553024292],"[0, 0, 0, 0]"
151.135550976,,9576,,1583006455,986963987,"""Zero Band""",[0.5768207311630249],"[0, 0, 0, 0]"
151.140875816,,9577,,1583006455,993520975,"""Zero Band""",[0.598504900932312],"[0, 0, 0, 0]"
151.14650774,,9578,,1583006455,998853921,"""Zero Band""",[0.6093630790710449],"[0, 0, 0, 0]"
151.152765274,,9579,,1583006456,4584074,"""Zero Band""",[0.6202212572097778],"[0, 0, 0, 0]"
151.158555508,,9580,,1583006456,10734081,"""Zero Band""",[0.6310794353485107],"[0, 0, 0, 0]"
151.165604115,,9581,,1583006456,16740083,"""Zero Band""",[0.6419375538825989],"[0, 0, 0, 0]"
151.172685862,,9582,,1583006456,23605108,"""Zero Band""",[0.6527636051177979],"[0, 0, 0, 0]"
151.177761078,,9583,,1583006456,30670881,"""Zero Band""",[0.6636217832565308],"[0, 0, 0, 0]"
151.183644295,,9584,,1583006456,35737991,"""Zero Band""",[0.6744799613952637],"[0, 0, 0, 0]"
151.18862009,,9585,,1583006456,41636943,"""Zero Band""",[0.6636217832565308],"[0, 0, 0, 0]"
151.194184542,,9586,,1583006456,46647071,"""Zero Band""",[0.6527636051177979],"[0, 0, 0, 0]"
151.200890303,,9587,,1583006456,52190065,"""Zero Band""",[0.6419375538825989],"[0, 0, 0, 0]"
151.207303047,,9588,,1583006456,58852910,"""Zero Band""",[0.6310794353485107],"[0, 0, 0, 0]"
151.212356567,,9589,,1583006456,65262079,"""Zero Band""",[0.6202212572097778],"[0, 0, 0, 0]"
151.219193697,,9590,,1583006456,70352077,"""Zero Band""",[0.6093630790710449],"[0, 0, 0, 0]"
151.226103306,,9591,,1583006456,77229022,"""Zero Band""",[0.587678849697113],"[0, 0, 0, 0]"
151.232993603,,9592,,1583006456,84111928,"""Zero Band""",[0.5768207311630249],"[0, 0, 0, 0]"
151.238912344,,9593,,1583006456,91267108,"""Zero Band""",[0.5551043748855591],"[0, 0, 0, 0]"
151.244647503,,9594,,1583006456,96942901,"""Zero Band""",[0.533388078212738],"[0, 0, 0, 0]"
151.249245644,,9595,,1583006456,102615118,"""Zero Band""",[0.5225620269775391],"[0, 0, 0, 0]"
151.254619122,,9596,,1583006456,107219934,"""Zero Band""",[0.5008456707000732],"[0, 0, 0, 0]"
151.25575304,,9597,,1583006456,112612962,"""Soft-Hard Sip Deadband""",[0.4899875223636627],"[0, 0, 0, 0]"
151.256793976,,9598,,1583006456,113864898,"""Soft-Hard Sip Deadband""",[0.4683033227920532],"[0, 0, 0, 0]"
151.257793903,,9599,,1583006456,114790916,"""Soft-Hard Sip Deadband""",[0.4574451446533203],"[0, 0, 0, 0]"
151.258324623,,9600,,1583006456,115602970,"""Soft-Hard Sip Deadband""",[0.4357288181781769],"[0, 0, 0, 0]"
151.259046555,,9601,,1583006456,116306066,"""Soft-Hard Sip Deadband""",[0.4140446186065674],"[0, 0, 0, 0]"
151.259782314,,9602,,1583006456,117042064,"""Soft-Hard Sip Deadband""",[0.4031864404678345],"[0, 0, 0, 0]"
151.260522127,,9603,,1583006456,117774963,"""Soft-Hard Sip Deadband""",[0.39232829213142395],"[0, 0, 0, 0]"
151.261327028,,9604,,1583006456,118529081,"""Soft-Hard Sip Deadband""",[0.38147011399269104],"[0, 0, 0, 0]"
151.262190819,,9605,,1583006456,119301080,"""Soft-Hard Sip Deadband""",[0.3706119656562805],"[0, 0, 0, 0]"
151.262970448,,9606,,1583006456,120167970,"""Soft-Hard Sip Deadband""",[0.3597537875175476],"[0, 0, 0, 0]"
151.263736963,,9607,,1583006456,120975971,"""Soft-Hard Sip Deadband""",[0.348927766084671],"[0, 0, 0, 0]"
151.264451027,,9608,,1583006456,121714115,"""Soft-Hard Sip Deadband""",[0.3380695879459381],"[0, 0, 0, 0]"
151.265242338,,9609,,1583006456,122423887,"""Soft-Hard Sip Deadband""",[0.3272114396095276],"[0, 0, 0, 0]"
151.265958548,,9610,,1583006456,123297929,"""Soft-Hard Sip Deadband""",[0.3163532614707947],"[0, 0, 0, 0]"
151.266675234,,9611,,1583006456,124018907,"""Soft-Hard Sip Deadband""",[0.3272114396095276],"[0, 0, 0, 0]"
151.267375708,,9612,,1583006456,124653100,"""Soft-Hard Sip Deadband""",[0.3380695879459381],"[0, 0, 0, 0]"
151.268138647,,9613,,1583006456,125360012,"""Soft-Hard Sip Deadband""",[0.348927766084671],"[0, 0, 0, 0]"
151.268834591,,9614,,1583006456,126115083,"""Soft-Hard Sip Deadband""",[0.3597537875175476],"[0, 0, 0, 0]"
151.269831181,,9615,,1583006456,126802921,"""Soft-Hard Sip Deadband""",[0.3706119656562805],"[0, 0, 0, 0]"
151.278235674,,9616,,1583006456,135113000,"""Soft-Hard Sip Deadband""",[0.38147011399269104],"[0, 0, 0, 0]"
151.304187298,,9617,,1583006456,161107063,"""Soft-Hard Sip Deadband""",[0.39232829213142395],"[0, 0, 0, 0]"
151.312703848,,9618,,1583006456,169150114,"""Soft-Hard Sip Deadband""",[0.4031864404678345],"[0, 0, 0, 0]"
151.32004571,,9619,,1583006456,177035093,"""Soft-Hard Sip Deadband""",[0.4140446186065674],"[0, 0, 0, 0]"
151.326247454,,9620,,1583006456,183093070,"""Soft-Hard Sip Deadband""",[0.42487066984176636],"[0, 0, 0, 0]"
151.336376667,,9621,,1583006456,193058967,"""Soft-Hard Sip Deadband""",[0.4357288181781769],"[0, 0, 0, 0]"
151.344201565,,9622,,1583006456,201064109,"""Soft-Hard Sip Deadband""",[0.4465869963169098],"[0, 0, 0, 0]"
151.351989031,,9623,,1583006456,209047079,"""Soft-Hard Sip Deadband""",[0.4574451446533203],"[0, 0, 0, 0]"
151.366022825,,9624,,1583006456,223107099,"""Soft-Hard Sip Deadband""",[0.4465869963169098],"[0, 0, 0, 0]"
151.378240824,,9625,,1583006456,235102891,"""Soft-Hard Sip Deadband""",[0.4357288181781769],"[0, 0, 0, 0]"
151.381872177,,9626,,1583006456,239048957,"""Soft-Hard Sip Deadband""",[0.42487066984176636],"[0, 0, 0, 0]"
151.383912802,,9627,,1583006456,241022109,"""Soft-Hard Sip Deadband""",[0.4140446186065674],"[0, 0, 0, 0]"
151.387937546,,9628,,1583006456,245038032,"""Soft-Hard Sip Deadband""",[0.4031864404678345],"[0, 0, 0, 0]"
151.391969681,,9629,,1583006456,249058008,"""Soft-Hard Sip Deadband""",[0.39232829213142395],"[0, 0, 0, 0]"
151.395859003,,9630,,1583006456,253000974,"""Soft-Hard Sip Deadband""",[0.38147011399269104],"[0, 0, 0, 0]"
151.397716522,,9631,,1583006456,254990100,"""Soft-Hard Sip Deadband""",[0.3706119656562805],"[0, 0, 0, 0]"
151.400145292,,9632,,1583006456,257083892,"""Soft-Hard Sip Deadband""",[0.3597537875175476],"[0, 0, 0, 0]"
151.404068708,,9633,,1583006456,261024951,"""Soft-Hard Sip Deadband""",[0.348927766084671],"[0, 0, 0, 0]"
151.406079292,,9634,,1583006456,262984991,"""Soft-Hard Sip Deadband""",[0.3380695879459381],"[0, 0, 0, 0]"
151.410102606,,9635,,1583006456,267035961,"""Soft-Hard Sip Deadband""",[0.3272114396095276],"[0, 0, 0, 0]"
151.414229155,,9636,,1583006456,271018981,"""Soft-Hard Sip Deadband""",[0.3163532614707947],"[0, 0, 0, 0]"
151.415939808,,9637,,1583006456,273013114,"""Soft-Hard Sip Deadband""",[0.30549511313438416],"[0, 0, 0, 0]"
151.424574852,,9638,,1583006456,274983882,"""Soft Sip""",[0.2946690618991852],"[0, 0, 1, 0]"
151.429841518,,9639,,1583006456,282643079,"""Soft Sip""",[0.28381088376045227],"[0, 0, 1, 0]"
151.434790373,,9640,,1583006456,287870883,"""Soft Sip""",[0.27295273542404175],"[0, 0, 1, 0]"
151.440330744,,9641,,1583006456,292905092,"""Soft Sip""",[0.26209455728530884],"[0, 0, 1, 0]"
151.445050001,,9642,,1583006456,298396110,"""Soft Sip""",[0.2512364089488983],"[0, 0, 1, 0]"
151.468453169,,9643,,1583006456,321079969,"""Soft Sip""",[0.26209455728530884],"[0, 0, 1, 0]"
151.480325699,,9644,,1583006456,333074092,"""Soft Sip""",[0.27295273542404175],"[0, 0, 1, 0]"
151.487389565,,9645,,1583006456,339035987,"""Soft Sip""",[0.28381088376045227],"[0, 0, 1, 0]"
151.496003389,,9646,,1583006456,347199916,"""Soft Sip""",[0.2946690618991852],"[0, 0, 1, 0]"
151.496903896,,9647,,1583006456,354087114,"""Soft-Hard Sip Deadband""",[0.30549511313438416],"[0, 0, 0, 0]"
151.508258343,,9648,,1583006456,365185022,"""Soft-Hard Sip Deadband""",[0.3163532614707947],"[0, 0, 0, 0]"
151.518334389,,9649,,1583006456,375144004,"""Soft-Hard Sip Deadband""",[0.3272114396095276],"[0, 0, 0, 0]"
151.526249886,,9650,,1583006456,383095979,"""Soft-Hard Sip Deadband""",[0.3380695879459381],"[0, 0, 0, 0]"
151.527903557,,9651,,1583006456,385032892,"""Soft-Hard Sip Deadband""",[0.348927766084671],"[0, 0, 0, 0]"
151.529694557,,9652,,1583006456,386984109,"""Soft-Hard Sip Deadband""",[0.3597537875175476],"[0, 0, 0, 0]"
151.534294128,,9653,,1583006456,391103982,"""Soft-Hard Sip Deadband""",[0.3706119656562805],"[0, 0, 0, 0]"
151.535891533,,9654,,1583006456,393001079,"""Soft-Hard Sip Deadband""",[0.38147011399269104],"[0, 0, 0, 0]"
151.542215347,,9655,,1583006456,399095058,"""Soft-Hard Sip Deadband""",[0.39232829213142395],"[0, 0, 0, 0]"
151.543927908,,9656,,1583006456,401019096,"""Soft-Hard Sip Deadband""",[0.4031864404678345],"[0, 0, 0, 0]"
151.545857191,,9657,,1583006456,403007984,"""Soft-Hard Sip Deadband""",[0.4140446186065674],"[0, 0, 0, 0]"
151.552011251,,9658,,1583006456,409066915,"""Soft-Hard Sip Deadband""",[0.42487066984176636],"[0, 0, 0, 0]"
151.555902243,,9659,,1583006456,413048028,"""Soft-Hard Sip Deadband""",[0.4357288181781769],"[0, 0, 0, 0]"
151.561970949,,9660,,1583006456,419044017,"""Soft-Hard Sip Deadband""",[0.4465869963169098],"[0, 0, 0, 0]"
151.578293085,,9661,,1583006456,435080051,"""Soft-Hard Sip Deadband""",[0.4574451446533203],"[0, 0, 0, 0]"
151.58638835,,9662,,1583006456,443083047,"""Soft-Hard Sip Deadband""",[0.4465869963169098],"[0, 0, 0, 0]"
151.590601683,,9663,,1583006456,447252035,"""Soft-Hard Sip Deadband""",[0.4357288181781769],"[0, 0, 0, 0]"
151.596303463,,9664,,1583006456,453063011,"""Soft-Hard Sip Deadband""",[0.42487066984176636],"[0, 0, 0, 0]"
151.597927094,,9665,,1583006456,455002069,"""Soft-Hard Sip Deadband""",[0.4140446186065674],"[0, 0, 0, 0]"
151.604068279,,9666,,1583006456,461019039,"""Soft-Hard Sip Deadband""",[0.4031864404678345],"[0, 0, 0, 0]"
151.608150482,,9667,,1583006456,465073108,"""Soft-Hard Sip Deadband""",[0.39232829213142395],"[0, 0, 0, 0]"
151.611996889,,9668,,1583006456,468988895,"""Soft-Hard Sip Deadband""",[0.38147011399269104],"[0, 0, 0, 0]"
151.613919258,,9669,,1583006456,471016883,"""Soft-Hard Sip Deadband""",[0.3706119656562805],"[0, 0, 0, 0]"
151.619903564,,9670,,1583006456,477029085,"""Soft-Hard Sip Deadband""",[0.3597537875175476],"[0, 0, 0, 0]"
151.62188983,,9671,,1583006456,479031085,"""Soft-Hard Sip Deadband""",[0.348927766084671],"[0, 0, 0, 0]"
151.626007795,,9672,,1583006456,483016967,"""Soft-Hard Sip Deadband""",[0.3380695879459381],"[0, 0, 0, 0]"
151.632643461,,9673,,1583006456,489162921,"""Soft-Hard Sip Deadband""",[0.3272114396095276],"[0, 0, 0, 0]"
151.638396263,,9674,,1583006456,495122909,"""Soft-Hard Sip Deadband""",[0.3163532614707947],"[0, 0, 0, 0]"
151.642384052,,9675,,1583006456,499119997,"""Soft-Hard Sip Deadband""",[0.30549511313438416],"[0, 0, 0, 0]"
151.661222458,,9676,,1583006456,507240056,"""Soft Sip""",[0.2946690618991852],"[0, 0, 1, 0]"
151.667310953,,9677,,1583006456,519289970,"""Soft Sip""",[0.28381088376045227],"[0, 0, 1, 0]"
151.671856165,,9678,,1583006456,525352001,"""Soft Sip""",[0.27295273542404175],"[0, 0, 1, 0]"
151.677870989,,9679,,1583006456,529882907,"""Soft Sip""",[0.26209455728530884],"[0, 0, 1, 0]"
151.684591293,,9680,,1583006456,537023067,"""Soft Sip""",[0.2512364089488983],"[0, 0, 1, 0]"
151.693487406,,9681,,1583006456,542649030,"""Soft Sip""",[0.2403782308101654],"[0, 0, 1, 0]"
151.704554796,,9682,,1583006456,557087898,"""Soft Sip""",[0.22955219447612762],"[0, 0, 1, 0]"
151.710658312,,9683,,1583006456,563019990,"""Soft Sip""",[0.2186940312385559],"[0, 0, 1, 0]"
151.732449532,,9684,,1583006456,585077047,"""Soft Sip""",[0.22955219447612762],"[0, 0, 1, 0]"
151.749213696,,9685,,1583006456,601144075,"""Soft Sip""",[0.2403782308101654],"[0, 0, 1, 0]"
151.762362957,,9686,,1583006456,615165948,"""Soft Sip""",[0.2512364089488983],"[0, 0, 1, 0]"
151.775030613,,9687,,1583006456,627136945,"""Soft Sip""",[0.26209455728530884],"[0, 0, 1, 0]"
151.780442953,,9688,,1583006456,633074045,"""Soft Sip""",[0.27295273542404175],"[0, 0, 1, 0]"
151.791487694,,9689,,1583006456,643205881,"""Soft Sip""",[0.28381088376045227],"[0, 0, 1, 0]"
151.797228813,,9690,,1583006456,649560928,"""Soft Sip""",[0.2946690618991852],"[0, 0, 1, 0]"
151.798020601,,9691,,1583006456,655284881,"""Soft-Hard Sip Deadband""",[0.30549511313438416],"[0, 0, 0, 0]"
151.801870346,,9692,,1583006456,658989906,"""Soft-Hard Sip Deadband""",[0.3163532614707947],"[0, 0, 0, 0]"
151.803878546,,9693,,1583006456,660996913,"""Soft-Hard Sip Deadband""",[0.3272114396095276],"[0, 0, 0, 0]"
151.810297728,,9694,,1583006456,667114019,"""Soft-Hard Sip Deadband""",[0.3380695879459381],"[0, 0, 0, 0]"
151.811725378,,9695,,1583006456,669007062,"""Soft-Hard Sip Deadband""",[0.348927766084671],"[0, 0, 0, 0]"
151.813775539,,9696,,1583006456,671044111,"""Soft-Hard Sip Deadband""",[0.3597537875175476],"[0, 0, 0, 0]"
151.82033205,,9697,,1583006456,677066087,"""Soft-Hard Sip Deadband""",[0.38147011399269104],"[0, 0, 0, 0]"
151.824819565,,9698,,1583006456,681147098,"""Soft-Hard Sip Deadband""",[0.39232829213142395],"[0, 0, 0, 0]"
151.828013897,,9699,,1583006456,684999942,"""Soft-Hard Sip Deadband""",[0.4031864404678345],"[0, 0, 0, 0]"
151.829904079,,9700,,1583006456,686999082,"""Soft-Hard Sip Deadband""",[0.4140446186065674],"[0, 0, 0, 0]"
151.831715345,,9701,,1583006456,688967943,"""Soft-Hard Sip Deadband""",[0.42487066984176636],"[0, 0, 0, 0]"
151.835724592,,9702,,1583006456,693000078,"""Soft-Hard Sip Deadband""",[0.4465869963169098],"[0, 0, 0, 0]"
151.839731693,,9703,,1583006456,696994066,"""Soft-Hard Sip Deadband""",[0.4574451446533203],"[0, 0, 0, 0]"
151.843755484,,9704,,1583006456,700985908,"""Soft-Hard Sip Deadband""",[0.4683033227920532],"[0, 0, 0, 0]"
151.84585166,,9705,,1583006456,702987909,"""Soft-Hard Sip Deadband""",[0.4791293442249298],"[0, 0, 0, 0]"
151.85002327,,9706,,1583006456,707063913,"""Soft-Hard Sip Deadband""",[0.4899875223636627],"[0, 0, 0, 0]"
151.859972,,9707,,1583006456,711092948,"""Zero Band""",[0.5008456707000732],"[0, 0, 0, 0]"
151.864824295,,9708,,1583006456,717974901,"""Zero Band""",[0.5117038488388062],"[0, 0, 0, 0]"
151.870021582,,9709,,1583006456,723015069,"""Zero Band""",[0.5225620269775391],"[0, 0, 0, 0]"
151.895489216,,9710,,1583006456,747121095,"""Zero Band""",[0.5117038488388062],"[0, 0, 0, 0]"
151.923540115,,9711,,1583006456,775104999,"""Zero Band""",[0.5225620269775391],"[0, 0, 0, 0]"
151.936081409,,9712,,1583006456,789076089,"""Zero Band""",[0.533388078212738],"[0, 0, 0, 0]"
151.942072392,,9713,,1583006456,794112920,"""Zero Band""",[0.5442461967468262],"[0, 0, 0, 0]"
151.948955774,,9714,,1583006456,801028013,"""Zero Band""",[0.5551043748855591],"[0, 0, 0, 0]"
151.956816673,,9715,,1583006456,809042930,"""Zero Band""",[0.565962553024292],"[0, 0, 0, 0]"
151.963644743,,9716,,1583006456,815041065,"""Zero Band""",[0.5768207311630249],"[0, 0, 0, 0]"
151.970186234,,9717,,1583006456,821719884,"""Zero Band""",[0.587678849697113],"[0, 0, 0, 0]"
151.976894617,,9718,,1583006456,828278064,"""Zero Band""",[0.598504900932312],"[0, 0, 0, 0]"
151.982073545,,9719,,1583006456,834958076,"""Zero Band""",[0.6093630790710449],"[0, 0, 0, 0]"
151.989814281,,9720,,1583006456,841075897,"""Zero Band""",[0.6202212572097778],"[0, 0, 0, 0]"
151.998127937,,9721,,1583006456,851097106,"""Zero Band""",[0.6310794353485107],"[0, 0, 0, 0]"
152.032812119,,9722,,1583006456,885188102,"""Zero Band""",[0.6202212572097778],"[0, 0, 0, 0]"
152.049637079,,9723,,1583006456,901159048,"""Zero Band""",[0.6093630790710449],"[0, 0, 0, 0]"
152.068226337,,9724,,1583006456,921055078,"""Zero Band""",[0.598504900932312],"[0, 0, 0, 0]"
152.077914476,,9725,,1583006456,929019927,"""Zero Band""",[0.587678849697113],"[0, 0, 0, 0]"
152.086282253,,9726,,1583006456,939054965,"""Zero Band""",[0.5768207311630249],"[0, 0, 0, 0]"
152.093712568,,9727,,1583006456,944339990,"""Zero Band""",[0.565962553024292],"[0, 0, 0, 0]"
152.098641157,,9728,,1583006456,951752901,"""Zero Band""",[0.5551043748855591],"[0, 0, 0, 0]"
152.104352951,,9729,,1583006456,957009077,"""Zero Band""",[0.5442461967468262],"[0, 0, 0, 0]"
152.113555193,,9730,,1583006456,965027093,"""Zero Band""",[0.533388078212738],"[0, 0, 0, 0]"
152.119024038,,9731,,1583006456,971765995,"""Zero Band""",[0.5225620269775391],"[0, 0, 0, 0]"
152.126385689,,9732,,1583006456,979031085,"""Zero Band""",[0.5117038488388062],"[0, 0, 0, 0]"
152.132770777,,9733,,1583006456,984422922,"""Zero Band""",[0.5008456707000732],"[0, 0, 0, 0]"
152.137992144,,9734,,1583006456,995033025,"""Soft-Hard Sip Deadband""",[0.4899875223636627],"[0, 0, 0, 0]"
152.142105579,,9735,,1583006456,999059915,"""Soft-Hard Sip Deadband""",[0.4791293442249298],"[0, 0, 0, 0]"
152.150324345,,9736,,1583006457,7148027,"""Soft-Hard Sip Deadband""",[0.4683033227920532],"[0, 0, 0, 0]"
152.158193827,,9737,,1583006457,15103101,"""Soft-Hard Sip Deadband""",[0.4574451446533203],"[0, 0, 0, 0]"
152.178282499,,9738,,1583006457,35092115,"""Soft-Hard Sip Deadband""",[0.4465869963169098],"[0, 0, 0, 0]"
152.186122417,,9739,,1583006457,43104887,"""Soft-Hard Sip Deadband""",[0.4357288181781769],"[0, 0, 0, 0]"
152.212188482,,9740,,1583006457,69088935,"""Soft-Hard Sip Deadband""",[0.42487066984176636],"[0, 0, 0, 0]"
152.22198391,,9741,,1583006457,79080104,"""Soft-Hard Sip Deadband""",[0.4140446186065674],"[0, 0, 0, 0]"
152.256704807,,9742,,1583006457,113148927,"""Soft-Hard Sip Deadband""",[0.42487066984176636],"[0, 0, 0, 0]"
152.261934996,,9743,,1583006457,119024038,"""Soft-Hard Sip Deadband""",[0.4140446186065674],"[0, 0, 0, 0]"
152.282157421,,9744,,1583006457,139094114,"""Soft-Hard Sip Deadband""",[0.4031864404678345],"[0, 0, 0, 0]"
152.288171291,,9745,,1583006457,145076036,"""Soft-Hard Sip Deadband""",[0.39232829213142395],"[0, 0, 0, 0]"
152.294183969,,9746,,1583006457,151109933,"""Soft-Hard Sip Deadband""",[0.38147011399269104],"[0, 0, 0, 0]"
152.295875788,,9747,,1583006457,153043031,"""Soft-Hard Sip Deadband""",[0.3706119656562805],"[0, 0, 0, 0]"
152.297751904,,9748,,1583006457,155005931,"""Soft-Hard Sip Deadband""",[0.3597537875175476],"[0, 0, 0, 0]"
152.303855896,,9749,,1583006457,161047935,"""Soft-Hard Sip Deadband""",[0.348927766084671],"[0, 0, 0, 0]"
152.306208372,,9750,,1583006457,163037061,"""Soft-Hard Sip Deadband""",[0.3380695879459381],"[0, 0, 0, 0]"
152.307796717,,9751,,1583006457,164987087,"""Soft-Hard Sip Deadband""",[0.3272114396095276],"[0, 0, 0, 0]"
152.311804056,,9752,,1583006457,168996095,"""Soft-Hard Sip Deadband""",[0.30549511313438416],"[0, 0, 0, 0]"
152.320153713,,9753,,1583006457,172983884,"""Soft Sip""",[0.2946690618991852],"[0, 0, 1, 0]"
152.325940847,,9754,,1583006457,178246974,"""Soft Sip""",[0.27295273542404175],"[0, 0, 1, 0]"
152.331693888,,9755,,1583006457,184024095,"""Soft Sip""",[0.26209455728530884],"[0, 0, 1, 0]"
152.336482525,,9756,,1583006457,189749002,"""Soft Sip""",[0.2512364089488983],"[0, 0, 1, 0]"
152.342769146,,9757,,1583006457,194577932,"""Soft Sip""",[0.2403782308101654],"[0, 0, 1, 0]"
152.349670887,,9758,,1583006457,200757026,"""Soft Sip""",[0.22955219447612762],"[0, 0, 1, 0]"
152.35580492,,9759,,1583006457,207645893,"""Soft Sip""",[0.2186940312385559],"[0, 0, 1, 0]"
152.36219573,,9760,,1583006457,213871002,"""Soft Sip""",[0.19697770476341248],"[0, 0, 1, 0]"
152.366896868,,9761,,1583006457,220266103,"""Soft Sip""",[0.18611954152584076],"[0, 0, 1, 0]"
152.371614218,,9762,,1583006457,224879980,"""Soft Sip""",[0.17529350519180298],"[0, 0, 1, 0]"
152.376761675,,9763,,1583006457,229602098,"""Soft Sip""",[0.16443534195423126],"[0, 0, 1, 0]"
152.38380599,,9764,,1583006457,234745025,"""Soft Sip""",[0.15357716381549835],"[0, 0, 1, 0]"
152.38967371,,9765,,1583006457,241898059,"""Soft Sip""",[0.14271900057792664],"[0, 0, 1, 0]"
152.394231558,,9766,,1583006457,247665882,"""Soft Sip""",[0.13186083734035492],"[0, 0, 1, 0]"
152.399976492,,9767,,1583006457,252207040,"""Soft Sip""",[0.12103480100631714],"[0, 0, 1, 0]"
152.40593791,,9768,,1583006457,258110046,"""Soft Sip""",[0.11017663776874542],"[0, 0, 1, 0]"
152.410823822,,9769,,1583006457,264000892,"""Soft Sip""",[0.0993184745311737],"[0, 0, 1, 0]"
152.417685032,,9770,,1583006457,268795967,"""Soft Sip""",[0.08846031129360199],"[0, 0, 1, 0]"
152.424045801,,9771,,1583006457,275664091,"""Soft Sip""",[0.07760214805603027],"[0, 0, 1, 0]"
152.429281712,,9772,,1583006457,282021045,"""Soft Sip""",[0.06674397736787796],"[0, 0, 1, 0]"
152.434963703,,9773,,1583006457,287286996,"""Soft Sip""",[0.05591794103384018],"[0, 0, 1, 0]"
152.440791368,,9774,,1583006457,293028116,"""Soft Sip""",[0.04505977779626846],"[0, 0, 1, 0]"
152.446406126,,9775,,1583006457,298923969,"""Soft Sip""",[0.03420161083340645],"[0, 0, 1, 0]"
152.452340603,,9776,,1583006457,304384946,"""Soft Sip""",[0.023343447595834732],"[0, 0, 1, 0]"
152.45849371,,9777,,1583006457,310216903,"""Soft Sip""",[0.012485282495617867],"[0, 0, 1, 0]"
152.459601164,,9778,,1583006457,316590070,"""Zero Band""",[0.0016592431347817183],"[0, 0, 0, 0]"
152.460595131,,9779,,1583006457,317570924,"""Zero Band""",[-0.0],"[0, 0, 0, 0]"
152.461452961,,9780,,1583006457,318474054,"""Zero Band""",[-0.0],"[0, 0, 0, 0]"
152.462392092,,9781,,1583006457,319521903,"""Zero Band""",[-0.0],"[0, 0, 0, 0]"
152.463365793,,9782,,1583006457,320451021,"""Zero Band""",[-0.0],"[0, 0, 0, 0]"
152.464221716,,9783,,1583006457,321332931,"""Zero Band""",[-0.0],"[0, 0, 0, 0]"
152.488363743,,9784,,1583006457,345151901,"""Zero Band""",[-0.0],"[0, 0, 0, 0]"
152.489962578,,9785,,1583006457,347027063,"""Zero Band""",[-0.0],"[0, 0, 0, 0]"
152.493958473,,9786,,1583006457,351073026,"""Zero Band""",[-0.0],"[0, 0, 0, 0]"
152.495904922,,9787,,1583006457,353030920,"""Zero Band""",[0.0016592431347817183],"[0, 0, 0, 0]"
152.502967834,,9788,,1583006457,355019092,"""Soft Sip""",[0.012485282495617867],"[0, 0, 1, 0]"
152.508330822,,9789,,1583006457,361042022,"""Soft Sip""",[0.03420161083340645],"[0, 0, 1, 0]"
152.514200211,,9790,,1583006457,366403102,"""Soft Sip""",[0.04505977779626846],"[0, 0, 1, 0]"
152.521731138,,9791,,1583006457,372258901,"""Soft Sip""",[0.06674397736787796],"[0, 0, 1, 0]"
152.527036905,,9792,,1583006457,379801988,"""Soft Sip""",[0.07760214805603027],"[0, 0, 1, 0]"
152.531996727,,9793,,1583006457,385039091,"""Soft Sip""",[0.0993184745311737],"[0, 0, 1, 0]"
152.53865242,,9794,,1583006457,390013933,"""Soft Sip""",[0.12103480100631714],"[0, 0, 1, 0]"
152.544103384,,9795,,1583006457,396743059,"""Soft Sip""",[0.13186083734035492],"[0, 0, 1, 0]"
152.550111532,,9796,,1583006457,402103900,"""Soft Sip""",[0.15357716381549835],"[0, 0, 1, 0]"
152.55596137,,9797,,1583006457,408123970,"""Soft Sip""",[0.17529350519180298],"[0, 0, 1, 0]"
152.562577724,,9798,,1583006457,414141893,"""Soft Sip""",[0.18611954152584076],"[0, 0, 1, 0]"
152.56842494,,9799,,1583006457,420555114,"""Soft Sip""",[0.2078358680009842],"[0, 0, 1, 0]"
152.57568574,,9800,,1583006457,426398992,"""Soft Sip""",[0.22955219447612762],"[0, 0, 1, 0]"
152.580669641,,9801,,1583006457,433659076,"""Soft Sip""",[0.2403782308101654],"[0, 0, 1, 0]"
152.588771343,,9802,,1583006457,438740015,"""Soft Sip""",[0.27295273542404175],"[0, 0, 1, 0]"
152.595683336,,9803,,1583006457,446733951,"""Soft Sip""",[0.28381088376045227],"[0, 0, 1, 0]"
152.596712589,,9804,,1583006457,453855037,"""Soft-Hard Sip Deadband""",[0.30549511313438416],"[0, 0, 0, 0]"
152.597495556,,9805,,1583006457,454687118,"""Soft-Hard Sip Deadband""",[0.3272114396095276],"[0, 0, 0, 0]"
152.598227262,,9806,,1583006457,455463886,"""Soft-Hard Sip Deadband""",[0.348927766084671],"[0, 0, 0, 0]"
152.599196672,,9807,,1583006457,456207990,"""Soft-Hard Sip Deadband""",[0.38147011399269104],"[0, 0, 0, 0]"
152.599678278,,9808,,1583006457,456918954,"""Soft-Hard Sip Deadband""",[0.4140446186065674],"[0, 0, 0, 0]"
152.600666046,,9809,,1583006457,457663059,"""Soft-Hard Sip Deadband""",[0.4357288181781769],"[0, 0, 0, 0]"
152.601388693,,9810,,1583006457,458522081,"""Soft-Hard Sip Deadband""",[0.4683033227920532],"[0, 0, 0, 0]"
152.606857061,,9811,,1583006457,459615945,"""Zero Band""",[0.5008456707000732],"[0, 0, 0, 0]"
152.612786055,,9812,,1583006457,464859008,"""Zero Band""",[0.533388078212738],"[0, 0, 0, 0]"
152.618306637,,9813,,1583006457,470760107,"""Zero Band""",[0.565962553024292],"[0, 0, 0, 0]"
152.623398542,,9814,,1583006457,476286888,"""Zero Band""",[0.6093630790710449],"[0, 0, 0, 0]"
152.629244566,,9815,,1583006457,481374979,"""Zero Band""",[0.6419375538825989],"[0, 0, 0, 0]"
152.635145903,,9816,,1583006457,487217903,"""Zero Band""",[0.6744799613952637],"[0, 0, 0, 0]"
152.643014669,,9817,,1583006457,492973089,"""Zero Band""",[0.7178804874420166],"[0, 0, 0, 0]"
152.648147345,,9818,,1583006457,501008033,"""Zero Band""",[0.7504549622535706],"[0, 0, 0, 0]"
152.653649092,,9819,,1583006457,506145954,"""Zero Band""",[0.7721391916275024],"[0, 0, 0, 0]"
152.661391973,,9820,,1583006457,511648893,"""Zero Band""",[0.8047136664390564],"[0, 0, 0, 0]"
152.669306755,,9821,,1583006457,519407033,"""Zero Band""",[0.8372560143470764],"[0, 0, 0, 0]"
152.676750898,,9822,,1583006457,527270078,"""Zero Band""",[0.8589723706245422],"[0, 0, 0, 0]"
152.681336403,,9823,,1583006457,534734010,"""Zero Band""",[0.8806886672973633],"[0, 0, 0, 0]"
152.685881615,,9824,,1583006457,539309978,"""Zero Band""",[0.9023728966712952],"[0, 0, 0, 0]"
152.691772699,,9825,,1583006457,543888092,"""Zero Band""",[0.924089252948761],"[0, 0, 0, 0]"
152.697259188,,9826,,1583006457,550065994,"""Zero Band""",[0.9349473714828491],"[0, 0, 0, 0]"
152.704120874,,9827,,1583006457,555228948,"""Zero Band""",[0.956631600856781],"[0, 0, 0, 0]"
152.710262299,,9828,,1583006457,562143087,"""Zero Band""",[0.9674897789955139],"[0, 0, 0, 0]"
152.715015888,,9829,,1583006457,568243980,"""Zero Band""",[0.978347897529602],"[0, 0, 0, 0]"
152.720129967,,9830,,1583006457,573014974,"""Zero Band""",[0.9674897789955139],"[0, 0, 0, 0]"
152.726797581,,9831,,1583006457,578182935,"""Zero Band""",[0.956631600856781],"[0, 0, 0, 0]"
152.732303381,,9832,,1583006457,584789991,"""Zero Band""",[0.9457734227180481],"[0, 0, 0, 0]"
152.73887372,,9833,,1583006457,590316057,"""Zero Band""",[0.9349473714828491],"[0, 0, 0, 0]"
152.745641708,,9834,,1583006457,596874952,"""Zero Band""",[0.924089252948761],"[0, 0, 0, 0]"
152.751011372,,9835,,1583006457,603620052,"""Zero Band""",[0.9132310748100281],"[0, 0, 0, 0]"
152.757942915,,9836,,1583006457,609003067,"""Zero Band""",[0.9023728966712952],"[0, 0, 0, 0]"
152.764873743,,9837,,1583006457,615948915,"""Zero Band""",[0.9132310748100281],"[0, 0, 0, 0]"
152.769925356,,9838,,1583006457,622854948,"""Zero Band""",[0.924089252948761],"[0, 0, 0, 0]"
152.775959015,,9839,,1583006457,627902030,"""Zero Band""",[0.9349473714828491],"[0, 0, 0, 0]"
152.780963898,,9840,,1583006457,633929014,"""Zero Band""",[0.9457734227180481],"[0, 0, 0, 0]"
152.786659479,,9841,,1583006457,639066934,"""Zero Band""",[0.956631600856781],"[0, 0, 0, 0]"
152.792279959,,9842,,1583006457,644692897,"""Zero Band""",[0.9674897789955139],"[0, 0, 0, 0]"
152.798573732,,9843,,1583006457,650259971,"""Zero Band""",[0.978347897529602],"[0, 0, 0, 0]"
152.804071903,,9844,,1583006457,656580924,"""Zero Band""",[0.989206075668335],"[0, 0, 0, 0]"
152.809582233,,9845,,1583006457,661760091,"""Zero Band""",[1.0],"[0, 0, 0, 0]"
152.956226826,,9846,,1583006457,809099912,"""Zero Band""",[0.9674897789955139],"[0, 0, 0, 0]"
152.961941719,,9847,,1583006457,814275026,"""Zero Band""",[0.9457734227180481],"[0, 0, 0, 0]"
152.966567755,,9848,,1583006457,819928884,"""Zero Band""",[0.924089252948761],"[0, 0, 0, 0]"
152.972624302,,9849,,1583006457,824915885,"""Zero Band""",[0.9023728966712952],"[0, 0, 0, 0]"
152.978986025,,9850,,1583006457,830662012,"""Zero Band""",[0.8806886672973633],"[0, 0, 0, 0]"
152.984887838,,9851,,1583006457,836981058,"""Zero Band""",[0.8698305487632751],"[0, 0, 0, 0]"
152.991324186,,9852,,1583006457,842859983,"""Zero Band""",[0.8589723706245422],"[0, 0, 0, 0]"
152.996881962,,9853,,1583006457,849412918,"""Zero Band""",[0.8481141924858093],"[0, 0, 0, 0]"
153.003017902,,9854,,1583006457,854861974,"""Zero Band""",[0.8372560143470764],"[0, 0, 0, 0]"
153.009602308,,9855,,1583006457,860927104,"""Zero Band""",[0.8481141924858093],"[0, 0, 0, 0]"
153.01685071,,9856,,1583006457,867639064,"""Zero Band""",[0.8589723706245422],"[0, 0, 0, 0]"
153.023810625,,9857,,1583006457,874877929,"""Zero Band""",[0.8698305487632751],"[0, 0, 0, 0]"
153.032266855,,9858,,1583006457,881968975,"""Zero Band""",[0.8806886672973633],"[0, 0, 0, 0]"
153.03700757,,9859,,1583006457,890271902,"""Zero Band""",[0.8698305487632751],"[0, 0, 0, 0]"
153.044324636,,9860,,1583006457,895060062,"""Zero Band""",[0.8806886672973633],"[0, 0, 0, 0]"
153.052138567,,9861,,1583006457,903074979,"""Zero Band""",[0.8915147185325623],"[0, 0, 0, 0]"
153.070632696,,9862,,1583006457,923121929,"""Zero Band""",[0.8806886672973633],"[0, 0, 0, 0]"
153.078071594,,9863,,1583006457,929027080,"""Zero Band""",[0.8698305487632751],"[0, 0, 0, 0]"
153.084326506,,9864,,1583006457,936234951,"""Zero Band""",[0.8589723706245422],"[0, 0, 0, 0]"
153.090027094,,9865,,1583006457,942349910,"""Zero Band""",[0.8481141924858093],"[0, 0, 0, 0]"
153.096279144,,9866,,1583006457,948065042,"""Zero Band""",[0.8372560143470764],"[0, 0, 0, 0]"
153.101522684,,9867,,1583006457,954190015,"""Zero Band""",[0.8263978958129883],"[0, 0, 0, 0]"
153.105966091,,9868,,1583006457,959578037,"""Zero Band""",[0.8047136664390564],"[0, 0, 0, 0]"
153.112161875,,9869,,1583006457,963937044,"""Zero Band""",[0.7938554883003235],"[0, 0, 0, 0]"
153.118400097,,9870,,1583006457,970232963,"""Zero Band""",[0.7721391916275024],"[0, 0, 0, 0]"
153.124319077,,9871,,1583006457,976376056,"""Zero Band""",[0.7504549622535706],"[0, 0, 0, 0]"
153.13166213,,9872,,1583006457,982326030,"""Zero Band""",[0.7070544362068176],"[0, 0, 0, 0]"
153.13635087,,9873,,1583006457,989641904,"""Zero Band""",[0.6853380799293518],"[0, 0, 0, 0]"
153.14095211,,9874,,1583006457,994452953,"""Zero Band""",[0.6744799613952637],"[0, 0, 0, 0]"
153.14698863,,9875,,1583006457,998931884,"""Zero Band""",[0.6419375538825989],"[0, 0, 0, 0]"
153.152576208,,9876,,1583006458,4962921,"""Zero Band""",[0.6093630790710449],"[0, 0, 0, 0]"
153.158511639,,9877,,1583006458,10551929,"""Zero Band""",[0.587678849697113],"[0, 0, 0, 0]"
153.16567421,,9878,,1583006458,16632080,"""Zero Band""",[0.5551043748855591],"[0, 0, 0, 0]"
153.171723843,,9879,,1583006458,23713111,"""Zero Band""",[0.533388078212738],"[0, 0, 0, 0]"
153.178501368,,9880,,1583006458,29701948,"""Zero Band""",[0.5117038488388062],"[0, 0, 0, 0]"
153.179818869,,9881,,1583006458,36489009,"""Soft-Hard Sip Deadband""",[0.4791293442249298],"[0, 0, 0, 0]"
153.180575371,,9882,,1583006458,37786006,"""Soft-Hard Sip Deadband""",[0.4574451446533203],"[0, 0, 0, 0]"
153.181329012,,9883,,1583006458,38556098,"""Soft-Hard Sip Deadband""",[0.4357288181781769],"[0, 0, 0, 0]"
153.182151794,,9884,,1583006458,39302110,"""Soft-Hard Sip Deadband""",[0.4140446186065674],"[0, 0, 0, 0]"
153.182839155,,9885,,1583006458,40015935,"""Soft-Hard Sip Deadband""",[0.39232829213142395],"[0, 0, 0, 0]"
153.18393445,,9886,,1583006458,40822982,"""Soft-Hard Sip Deadband""",[0.3706119656562805],"[0, 0, 0, 0]"
153.184764624,,9887,,1583006458,42049884,"""Soft-Hard Sip Deadband""",[0.3380695879459381],"[0, 0, 0, 0]"
153.185459852,,9888,,1583006458,42768001,"""Soft-Hard Sip Deadband""",[0.3272114396095276],"[0, 0, 0, 0]"
153.186124563,,9889,,1583006458,43432950,"""Soft-Hard Sip Deadband""",[0.3163532614707947],"[0, 0, 0, 0]"
153.191851139,,9890,,1583006458,44099092,"""Soft Sip""",[0.2946690618991852],"[0, 0, 1, 0]"
153.197414398,,9891,,1583006458,49823045,"""Soft Sip""",[0.28381088376045227],"[0, 0, 1, 0]"
153.202750444,,9892,,1583006458,55392026,"""Soft Sip""",[0.27295273542404175],"[0, 0, 1, 0]"
153.208056927,,9893,,1583006458,60762882,"""Soft Sip""",[0.2512364089488983],"[0, 0, 1, 0]"
153.213797092,,9894,,1583006458,66163063,"""Soft Sip""",[0.2403782308101654],"[0, 0, 1, 0]"
153.219594479,,9895,,1583006458,71810007,"""Soft Sip""",[0.22955219447612762],"[0, 0, 1, 0]"
153.225220203,,9896,,1583006458,77600955,"""Soft Sip""",[0.2186940312385559],"[0, 0, 1, 0]"
153.230705976,,9897,,1583006458,83195924,"""Soft Sip""",[0.2078358680009842],"[0, 0, 1, 0]"
153.236644745,,9898,,1583006458,88690042,"""Soft Sip""",[0.19697770476341248],"[0, 0, 1, 0]"
153.241654396,,9899,,1583006458,94535112,"""Soft Sip""",[0.18611954152584076],"[0, 0, 1, 0]"
153.248013735,,9900,,1583006458,99658012,"""Soft Sip""",[0.17529350519180298],"[0, 0, 1, 0]"
153.253284693,,9901,,1583006458,106076002,"""Soft Sip""",[0.16443534195423126],"[0, 0, 1, 0]"
153.259056807,,9902,,1583006458,111291885,"""Soft Sip""",[0.15357716381549835],"[0, 0, 1, 0]"
153.264949083,,9903,,1583006458,117116928,"""Soft Sip""",[0.16443534195423126],"[0, 0, 1, 0]"
153.270475626,,9904,,1583006458,123049974,"""Soft Sip""",[0.17529350519180298],"[0, 0, 1, 0]"
153.276046753,,9905,,1583006458,128230094,"""Soft Sip""",[0.18611954152584076],"[0, 0, 1, 0]"
153.282495499,,9906,,1583006458,134149074,"""Soft Sip""",[0.19697770476341248],"[0, 0, 1, 0]"
153.287174702,,9907,,1583006458,140577077,"""Soft Sip""",[0.2078358680009842],"[0, 0, 1, 0]"
153.291974545,,9908,,1583006458,145148992,"""Soft Sip""",[0.2186940312385559],"[0, 0, 1, 0]"
153.297489882,,9909,,1583006458,150055885,"""Soft Sip""",[0.22955219447612762],"[0, 0, 1, 0]"
153.303582907,,9910,,1583006458,155467987,"""Soft Sip""",[0.2403782308101654],"[0, 0, 1, 0]"
153.309444666,,9911,,1583006458,161700010,"""Soft Sip""",[0.2512364089488983],"[0, 0, 1, 0]"
153.314082146,,9912,,1583006458,167347908,"""Soft Sip""",[0.26209455728530884],"[0, 0, 1, 0]"
153.319428682,,9913,,1583006458,172168970,"""Soft Sip""",[0.27295273542404175],"[0, 0, 1, 0]"
153.326028585,,9914,,1583006458,177417039,"""Soft Sip""",[0.28381088376045227],"[0, 0, 1, 0]"
153.331878901,,9915,,1583006458,184102058,"""Soft Sip""",[0.27295273542404175],"[0, 0, 1, 0]"
153.343983889,,9916,,1583006458,195204973,"""Soft Sip""",[0.26209455728530884],"[0, 0, 1, 0]"
153.348525286,,9917,,1583006458,202066898,"""Soft Sip""",[0.2512364089488983],"[0, 0, 1, 0]"
153.354461193,,9918,,1583006458,206995964,"""Soft Sip""",[0.2403782308101654],"[0, 0, 1, 0]"
153.360600948,,9919,,1583006458,213082075,"""Soft Sip""",[0.22955219447612762],"[0, 0, 1, 0]"
153.37008667,,9920,,1583006458,221101045,"""Soft Sip""",[0.2186940312385559],"[0, 0, 1, 0]"
153.403456688,,9921,,1583006458,255112886,"""Soft Sip""",[0.22955219447612762],"[0, 0, 1, 0]"
153.426735401,,9922,,1583006458,277065992,"""Soft Sip""",[0.2403782308101654],"[0, 0, 1, 0]"
153.434035778,,9923,,1583006458,285264968,"""Soft Sip""",[0.2512364089488983],"[0, 0, 1, 0]"
153.43896842,,9924,,1583006458,292134046,"""Soft Sip""",[0.26209455728530884],"[0, 0, 1, 0]"
153.45501709,,9925,,1583006458,307101964,"""Soft Sip""",[0.27295273542404175],"[0, 0, 1, 0]"
153.478638411,,9926,,1583006458,329097986,"""Soft Sip""",[0.28381088376045227],"[0, 0, 1, 0]"
153.498180151,,9927,,1583006458,349478006,"""Soft Sip""",[0.2946690618991852],"[0, 0, 1, 0]"
153.506079435,,9928,,1583006458,363091945,"""Soft-Hard Sip Deadband""",[0.30549511313438416],"[0, 0, 0, 0]"
153.520190477,,9929,,1583006458,377099037,"""Soft-Hard Sip Deadband""",[0.3163532614707947],"[0, 0, 0, 0]"
153.534003258,,9930,,1583006458,391088008,"""Soft-Hard Sip Deadband""",[0.3272114396095276],"[0, 0, 0, 0]"
153.5601542,,9931,,1583006458,417057037,"""Soft-Hard Sip Deadband""",[0.3380695879459381],"[0, 0, 0, 0]"
153.598432302,,9932,,1583006458,455146074,"""Soft-Hard Sip Deadband""",[0.3272114396095276],"[0, 0, 0, 0]"
153.606585741,,9933,,1583006458,463208913,"""Soft-Hard Sip Deadband""",[0.3163532614707947],"[0, 0, 0, 0]"
153.62225914,,9934,,1583006458,479171037,"""Soft-Hard Sip Deadband""",[0.30549511313438416],"[0, 0, 0, 0]"
153.696409702,,9935,,1583006458,553154945,"""Soft-Hard Sip Deadband""",[0.3163532614707947],"[0, 0, 0, 0]"
153.716157436,,9936,,1583006458,573076009,"""Soft-Hard Sip Deadband""",[0.3272114396095276],"[0, 0, 0, 0]"
153.717941999,,9937,,1583006458,575057029,"""Soft-Hard Sip Deadband""",[0.3163532614707947],"[0, 0, 0, 0]"
153.721990585,,9938,,1583006458,579027891,"""Soft-Hard Sip Deadband""",[0.3272114396095276],"[0, 0, 0, 0]"
153.788290501,,9939,,1583006458,645104885,"""Soft-Hard Sip Deadband""",[0.3163532614707947],"[0, 0, 0, 0]"
153.804299831,,9940,,1583006458,661120891,"""Soft-Hard Sip Deadband""",[0.30549511313438416],"[0, 0, 0, 0]"
153.818603277,,9941,,1583006458,671083927,"""Soft Sip""",[0.2946690618991852],"[0, 0, 1, 0]"
153.827725172,,9942,,1583006458,679045915,"""Soft Sip""",[0.28381088376045227],"[0, 0, 1, 0]"
153.834798336,,9943,,1583006458,687076091,"""Soft Sip""",[0.27295273542404175],"[0, 0, 1, 0]"
153.845942259,,9944,,1583006458,697062015,"""Soft Sip""",[0.26209455728530884],"[0, 0, 1, 0]"
153.85437727,,9945,,1583006458,705071926,"""Soft Sip""",[0.2512364089488983],"[0, 0, 1, 0]"
153.869423151,,9946,,1583006458,721117973,"""Soft Sip""",[0.2403782308101654],"[0, 0, 1, 0]"
153.880591631,,9947,,1583006458,729043006,"""Soft Sip""",[0.22955219447612762],"[0, 0, 1, 0]"
153.887234211,,9948,,1583006458,738728046,"""Soft Sip""",[0.2186940312385559],"[0, 0, 1, 0]"
153.893892765,,9949,,1583006458,745378017,"""Soft Sip""",[0.2078358680009842],"[0, 0, 1, 0]"
153.90112114,,9950,,1583006458,751991987,"""Soft Sip""",[0.19697770476341248],"[0, 0, 1, 0]"
153.909000397,,9951,,1583006458,759076118,"""Soft Sip""",[0.18611954152584076],"[0, 0, 1, 0]"
153.91508007,,9952,,1583006458,767069101,"""Soft Sip""",[0.17529350519180298],"[0, 0, 1, 0]"
153.920007467,,9953,,1583006458,773188114,"""Soft Sip""",[0.16443534195423126],"[0, 0, 1, 0]"
153.926031828,,9954,,1583006458,777988910,"""Soft Sip""",[0.15357716381549835],"[0, 0, 1, 0]"
153.932271957,,9955,,1583006458,784008979,"""Soft Sip""",[0.14271900057792664],"[0, 0, 1, 0]"
153.936906338,,9956,,1583006458,790365934,"""Soft Sip""",[0.13186083734035492],"[0, 0, 1, 0]"
153.944571495,,9957,,1583006458,795047044,"""Soft Sip""",[0.12103480100631714],"[0, 0, 1, 0]"
153.950479746,,9958,,1583006458,802570104,"""Soft Sip""",[0.11017663776874542],"[0, 0, 1, 0]"
153.955235004,,9959,,1583006458,808515071,"""Soft Sip""",[0.12103480100631714],"[0, 0, 1, 0]"
153.963979959,,9960,,1583006458,815056085,"""Soft Sip""",[0.13186083734035492],"[0, 0, 1, 0]"
153.9700737,,9961,,1583006458,822071075,"""Soft Sip""",[0.14271900057792664],"[0, 0, 1, 0]"
153.976721764,,9962,,1583006458,828073978,"""Soft Sip""",[0.15357716381549835],"[0, 0, 1, 0]"
153.98259902,,9963,,1583006458,834806919,"""Soft Sip""",[0.16443534195423126],"[0, 0, 1, 0]"
153.987826824,,9964,,1583006458,840677022,"""Soft Sip""",[0.17529350519180298],"[0, 0, 1, 0]"
153.994325399,,9965,,1583006458,845868110,"""Soft Sip""",[0.18611954152584076],"[0, 0, 1, 0]"
154.000504971,,9966,,1583006458,852399110,"""Soft Sip""",[0.19697770476341248],"[0, 0, 1, 0]"
154.006916761,,9967,,1583006458,858477115,"""Soft Sip""",[0.2078358680009842],"[0, 0, 1, 0]"
154.014455557,,9968,,1583006458,865048885,"""Soft Sip""",[0.2186940312385559],"[0, 0, 1, 0]"
154.019705296,,9969,,1583006458,872454881,"""Soft Sip""",[0.22955219447612762],"[0, 0, 1, 0]"
154.024260521,,9970,,1583006458,877669095,"""Soft Sip""",[0.2403782308101654],"[0, 0, 1, 0]"
154.030833721,,9971,,1583006458,882239103,"""Soft Sip""",[0.2512364089488983],"[0, 0, 1, 0]"
154.035766363,,9972,,1583006458,888955116,"""Soft Sip""",[0.26209455728530884],"[0, 0, 1, 0]"
154.042802572,,9973,,1583006458,893634080,"""Soft Sip""",[0.27295273542404175],"[0, 0, 1, 0]"
154.048920155,,9974,,1583006458,900775909,"""Soft Sip""",[0.28381088376045227],"[0, 0, 1, 0]"
154.053734779,,9975,,1583006458,906817913,"""Soft Sip""",[0.2946690618991852],"[0, 0, 1, 0]"
154.054812431,,9976,,1583006458,911727905,"""Soft-Hard Sip Deadband""",[0.30549511313438416],"[0, 0, 0, 0]"
154.055958271,,9977,,1583006458,912667989,"""Soft-Hard Sip Deadband""",[0.3163532614707947],"[0, 0, 0, 0]"
154.056979656,,9978,,1583006458,914086103,"""Soft-Hard Sip Deadband""",[0.3272114396095276],"[0, 0, 0, 0]"
154.057868958,,9979,,1583006458,914946079,"""Soft-Hard Sip Deadband""",[0.3380695879459381],"[0, 0, 0, 0]"
154.058719635,,9980,,1583006458,915916919,"""Soft-Hard Sip Deadband""",[0.3272114396095276],"[0, 0, 0, 0]"
154.061882257,,9981,,1583006458,919006109,"""Soft-Hard Sip Deadband""",[0.3163532614707947],"[0, 0, 0, 0]"
154.063783884,,9982,,1583006458,921041011,"""Soft-Hard Sip Deadband""",[0.30549511313438416],"[0, 0, 0, 0]"
154.07554245,,9983,,1583006458,927124977,"""Soft Sip""",[0.2946690618991852],"[0, 0, 1, 0]"
154.081453323,,9984,,1583006458,933758020,"""Soft Sip""",[0.28381088376045227],"[0, 0, 1, 0]"
154.086647272,,9985,,1583006458,939527988,"""Soft Sip""",[0.27295273542404175],"[0, 0, 1, 0]"
154.092862606,,9986,,1583006458,944685935,"""Soft Sip""",[0.26209455728530884],"[0, 0, 1, 0]"
154.097383022,,9987,,1583006458,950892925,"""Soft Sip""",[0.2512364089488983],"[0, 0, 1, 0]"
154.102820873,,9988,,1583006458,955421924,"""Soft Sip""",[0.2403782308101654],"[0, 0, 1, 0]"
154.109232187,,9989,,1583006458,960954904,"""Soft Sip""",[0.22955219447612762],"[0, 0, 1, 0]"
154.114485979,,9990,,1583006458,967217922,"""Soft Sip""",[0.2186940312385559],"[0, 0, 1, 0]"
154.119763136,,9991,,1583006458,972461938,"""Soft Sip""",[0.2078358680009842],"[0, 0, 1, 0]"
154.126043558,,9992,,1583006458,977758884,"""Soft Sip""",[0.19697770476341248],"[0, 0, 1, 0]"
154.132659197,,9993,,1583006458,984049081,"""Soft Sip""",[0.18611954152584076],"[0, 0, 1, 0]"
154.13824439,,9994,,1583006458,990732908,"""Soft Sip""",[0.17529350519180298],"[0, 0, 1, 0]"
154.144305706,,9995,,1583006458,996288061,"""Soft Sip""",[0.16443534195423126],"[0, 0, 1, 0]"
154.149642467,,9996,,1583006459,2304077,"""Soft Sip""",[0.15357716381549835],"[0, 0, 1, 0]"
154.155517817,,9997,,1583006459,7622957,"""Soft Sip""",[0.14271900057792664],"[0, 0, 1, 0]"
154.160665751,,9998,,1583006459,13511896,"""Soft Sip""",[0.13186083734035492],"[0, 0, 1, 0]"
154.167442083,,9999,,1583006459,18695116,"""Soft Sip""",[0.12103480100631714],"[0, 0, 1, 0]"
154.17290926,,10000,,1583006459,25427103,"""Soft Sip""",[0.11017663776874542],"[0, 0, 1, 0]"
154.178683758,,10001,,1583006459,30884981,"""Soft Sip""",[0.0993184745311737],"[0, 0, 1, 0]"
154.184438944,,10002,,1583006459,36699056,"""Soft Sip""",[0.08846031129360199],"[0, 0, 1, 0]"
154.190199852,,10003,,1583006459,42431116,"""Soft Sip""",[0.07760214805603027],"[0, 0, 1, 0]"
154.195836782,,10004,,1583006459,48186063,"""Soft Sip""",[0.06674397736787796],"[0, 0, 1, 0]"
154.202294111,,10005,,1583006459,53817987,"""Soft Sip""",[0.05591794103384018],"[0, 0, 1, 0]"
154.207704544,,10006,,1583006459,60414075,"""Soft Sip""",[0.04505977779626846],"[0, 0, 1, 0]"
154.213715315,,10007,,1583006459,65679073,"""Soft Sip""",[0.03420161083340645],"[0, 0, 1, 0]"
154.21872139,,10008,,1583006459,71712970,"""Soft Sip""",[0.023343447595834732],"[0, 0, 1, 0]"
154.223847628,,10009,,1583006459,76694011,"""Soft Sip""",[0.012485282495617867],"[0, 0, 1, 0]"
154.233516932,,10010,,1583006459,81810951,"""Soft Sip""",[0.023343447595834732],"[0, 0, 1, 0]"
154.23882699,,10011,,1583006459,91593980,"""Soft Sip""",[0.03420161083340645],"[0, 0, 1, 0]"
154.244392157,,10012,,1583006459,96823930,"""Soft Sip""",[0.04505977779626846],"[0, 0, 1, 0]"
154.249128103,,10013,,1583006459,102365016,"""Soft Sip""",[0.05591794103384018],"[0, 0, 1, 0]"
154.255548,,10014,,1583006459,107258081,"""Soft Sip""",[0.06674397736787796],"[0, 0, 1, 0]"
154.263494492,,10015,,1583006459,113526105,"""Soft Sip""",[0.07760214805603027],"[0, 0, 1, 0]"
154.269189119,,10016,,1583006459,121464014,"""Soft Sip""",[0.08846031129360199],"[0, 0, 1, 0]"
154.274443388,,10017,,1583006459,127187013,"""Soft Sip""",[0.11017663776874542],"[0, 0, 1, 0]"
154.281274796,,10018,,1583006459,132416009,"""Soft Sip""",[0.12103480100631714],"[0, 0, 1, 0]"
154.285921574,,10019,,1583006459,139259099,"""Soft Sip""",[0.13186083734035492],"[0, 0, 1, 0]"
154.292092562,,10020,,1583006459,143914937,"""Soft Sip""",[0.14271900057792664],"[0, 0, 1, 0]"
154.298164845,,10021,,1583006459,150064945,"""Soft Sip""",[0.15357716381549835],"[0, 0, 1, 0]"
154.303936005,,10022,,1583006459,156177043,"""Soft Sip""",[0.16443534195423126],"[0, 0, 1, 0]"
154.310589552,,10023,,1583006459,162074089,"""Soft Sip""",[0.17529350519180298],"[0, 0, 1, 0]"
154.315737963,,10024,,1583006459,168567895,"""Soft Sip""",[0.18611954152584076],"[0, 0, 1, 0]"
154.321751833,,10025,,1583006459,173734903,"""Soft Sip""",[0.19697770476341248],"[0, 0, 1, 0]"
154.329072237,,10026,,1583006459,179733037,"""Soft Sip""",[0.2078358680009842],"[0, 0, 1, 0]"
154.334920883,,10027,,1583006459,187050104,"""Soft Sip""",[0.2186940312385559],"[0, 0, 1, 0]"
154.340261459,,10028,,1583006459,192919969,"""Soft Sip""",[0.22955219447612762],"[0, 0, 1, 0]"
154.346295595,,10029,,1583006459,198322057,"""Soft Sip""",[0.2186940312385559],"[0, 0, 1, 0]"
154.352422476,,10030,,1583006459,204473972,"""Soft Sip""",[0.22955219447612762],"[0, 0, 1, 0]"
154.36033535,,10031,,1583006459,210423946,"""Soft Sip""",[0.2186940312385559],"[0, 0, 1, 0]"
154.367007971,,10032,,1583006459,218311071,"""Soft Sip""",[0.2078358680009842],"[0, 0, 1, 0]"
154.372861147,,10033,,1583006459,224996089,"""Soft Sip""",[0.19697770476341248],"[0, 0, 1, 0]"
154.38035965,,10034,,1583006459,230963945,"""Soft Sip""",[0.2078358680009842],"[0, 0, 1, 0]"
154.385929823,,10035,,1583006459,238500118,"""Soft Sip""",[0.19697770476341248],"[0, 0, 1, 0]"
154.391541243,,10036,,1583006459,243990898,"""Soft Sip""",[0.2078358680009842],"[0, 0, 1, 0]"
154.398287535,,10037,,1583006459,249551057,"""Soft Sip""",[0.2186940312385559],"[0, 0, 1, 0]"
154.404443026,,10038,,1583006459,256381988,"""Soft Sip""",[0.22955219447612762],"[0, 0, 1, 0]"
154.410915613,,10039,,1583006459,262504100,"""Soft Sip""",[0.2403782308101654],"[0, 0, 1, 0]"
154.420907497,,10040,,1583006459,273092985,"""Soft Sip""",[0.2512364089488983],"[0, 0, 1, 0]"
154.433615923,,10041,,1583006459,285135984,"""Soft Sip""",[0.26209455728530884],"[0, 0, 1, 0]"
154.438076019,,10042,,1583006459,291676044,"""Soft Sip""",[0.27295273542404175],"[0, 0, 1, 0]"
154.447842836,,10043,,1583006459,299062013,"""Soft Sip""",[0.28381088376045227],"[0, 0, 1, 0]"
154.456022739,,10044,,1583006459,307046890,"""Soft Sip""",[0.2946690618991852],"[0, 0, 1, 0]"
154.458149672,,10045,,1583006459,315064907,"""Soft-Hard Sip Deadband""",[0.30549511313438416],"[0, 0, 0, 0]"
154.470220327,,10046,,1583006459,327135086,"""Soft-Hard Sip Deadband""",[0.3163532614707947],"[0, 0, 0, 0]"
154.476160049,,10047,,1583006459,333115100,"""Soft-Hard Sip Deadband""",[0.3272114396095276],"[0, 0, 0, 0]"
154.479912758,,10048,,1583006459,337071895,"""Soft-Hard Sip Deadband""",[0.3380695879459381],"[0, 0, 0, 0]"
154.492479801,,10049,,1583006459,349167108,"""Soft-Hard Sip Deadband""",[0.348927766084671],"[0, 0, 0, 0]"
154.50001359,,10050,,1583006459,357078075,"""Soft-Hard Sip Deadband""",[0.3597537875175476],"[0, 0, 0, 0]"
154.503918171,,10051,,1583006459,361016988,"""Soft-Hard Sip Deadband""",[0.3706119656562805],"[0, 0, 0, 0]"
154.512298584,,10052,,1583006459,369077920,"""Soft-Hard Sip Deadband""",[0.38147011399269104],"[0, 0, 0, 0]"
154.520155668,,10053,,1583006459,377079010,"""Soft-Hard Sip Deadband""",[0.39232829213142395],"[0, 0, 0, 0]"
154.526297331,,10054,,1583006459,383038997,"""Soft-Hard Sip Deadband""",[0.4031864404678345],"[0, 0, 0, 0]"
154.529855967,,10055,,1583006459,387003898,"""Soft-Hard Sip Deadband""",[0.4140446186065674],"[0, 0, 0, 0]"
154.535933018,,10056,,1583006459,393032073,"""Soft-Hard Sip Deadband""",[0.42487066984176636],"[0, 0, 0, 0]"
154.540045261,,10057,,1583006459,397033929,"""Soft-Hard Sip Deadband""",[0.4357288181781769],"[0, 0, 0, 0]"
154.546267271,,10058,,1583006459,403125047,"""Soft-Hard Sip Deadband""",[0.4465869963169098],"[0, 0, 0, 0]"
154.553994417,,10059,,1583006459,411086082,"""Soft-Hard Sip Deadband""",[0.4574451446533203],"[0, 0, 0, 0]"
154.564454794,,10060,,1583006459,421124935,"""Soft-Hard Sip Deadband""",[0.4683033227920532],"[0, 0, 0, 0]"
154.56989193,,10061,,1583006459,427046060,"""Soft-Hard Sip Deadband""",[0.4791293442249298],"[0, 0, 0, 0]"
154.578195095,,10062,,1583006459,435055971,"""Soft-Hard Sip Deadband""",[0.4899875223636627],"[0, 0, 0, 0]"
154.594805717,,10063,,1583006459,447118043,"""Zero Band""",[0.5008456707000732],"[0, 0, 0, 0]"
154.601531744,,10064,,1583006459,455027103,"""Zero Band""",[0.5117038488388062],"[0, 0, 0, 0]"
154.613437414,,10065,,1583006459,465135097,"""Zero Band""",[0.5225620269775391],"[0, 0, 0, 0]"
154.619969606,,10066,,1583006459,473041057,"""Zero Band""",[0.533388078212738],"[0, 0, 0, 0]"
154.632251263,,10067,,1583006459,483371973,"""Zero Band""",[0.5442461967468262],"[0, 0, 0, 0]"
154.645130396,,10068,,1583006459,497034072,"""Zero Band""",[0.5551043748855591],"[0, 0, 0, 0]"
154.654302597,,10069,,1583006459,507046937,"""Zero Band""",[0.565962553024292],"[0, 0, 0, 0]"
154.668214083,,10070,,1583006459,521087884,"""Zero Band""",[0.5768207311630249],"[0, 0, 0, 0]"
154.700621843,,10071,,1583006459,553186893,"""Zero Band""",[0.587678849697113],"[0, 0, 0, 0]"
154.705835581,,10072,,1583006459,558702945,"""Zero Band""",[0.5768207311630249],"[0, 0, 0, 0]"
154.712222576,,10073,,1583006459,563915014,"""Zero Band""",[0.587678849697113],"[0, 0, 0, 0]"
154.718745232,,10074,,1583006459,570297956,"""Zero Band""",[0.5768207311630249],"[0, 0, 0, 0]"
154.736395597,,10075,,1583006459,587485074,"""Zero Band""",[0.565962553024292],"[0, 0, 0, 0]"
154.752168417,,10076,,1583006459,603121995,"""Zero Band""",[0.5551043748855591],"[0, 0, 0, 0]"
154.757418394,,10077,,1583006459,610222101,"""Zero Band""",[0.5442461967468262],"[0, 0, 0, 0]"
154.763447285,,10078,,1583006459,615478038,"""Zero Band""",[0.533388078212738],"[0, 0, 0, 0]"
154.770489216,,10079,,1583006459,621558904,"""Zero Band""",[0.5225620269775391],"[0, 0, 0, 0]"
154.778837204,,10080,,1583006459,628571033,"""Zero Band""",[0.5117038488388062],"[0, 0, 0, 0]"
154.785553455,,10081,,1583006459,636890888,"""Zero Band""",[0.5008456707000732],"[0, 0, 0, 0]"
154.786804199,,10082,,1583006459,643641948,"""Soft-Hard Sip Deadband""",[0.4899875223636627],"[0, 0, 0, 0]"
154.787942648,,10083,,1583006459,644856929,"""Soft-Hard Sip Deadband""",[0.4791293442249298],"[0, 0, 0, 0]"
154.788700104,,10084,,1583006459,645817041,"""Soft-Hard Sip Deadband""",[0.4683033227920532],"[0, 0, 0, 0]"
154.789638281,,10085,,1583006459,646758079,"""Soft-Hard Sip Deadband""",[0.4574451446533203],"[0, 0, 0, 0]"
154.790387154,,10086,,1583006459,647634983,"""Soft-Hard Sip Deadband""",[0.4465869963169098],"[0, 0, 0, 0]"
154.794157982,,10087,,1583006459,651084899,"""Soft-Hard Sip Deadband""",[0.4357288181781769],"[0, 0, 0, 0]"
154.798088789,,10088,,1583006459,655091047,"""Soft-Hard Sip Deadband""",[0.42487066984176636],"[0, 0, 0, 0]"
154.803905725,,10089,,1583006459,660999059,"""Soft-Hard Sip Deadband""",[0.4031864404678345],"[0, 0, 0, 0]"
154.808257103,,10090,,1583006459,665087938,"""Soft-Hard Sip Deadband""",[0.39232829213142395],"[0, 0, 0, 0]"
154.812119961,,10091,,1583006459,669028997,"""Soft-Hard Sip Deadband""",[0.38147011399269104],"[0, 0, 0, 0]"
154.814267159,,10092,,1583006459,671066999,"""Soft-Hard Sip Deadband""",[0.3706119656562805],"[0, 0, 0, 0]"
154.816279888,,10093,,1583006459,673094987,"""Soft-Hard Sip Deadband""",[0.3597537875175476],"[0, 0, 0, 0]"
154.82008791,,10094,,1583006459,677059888,"""Soft-Hard Sip Deadband""",[0.3380695879459381],"[0, 0, 0, 0]"
154.824047089,,10095,,1583006459,681037902,"""Soft-Hard Sip Deadband""",[0.3163532614707947],"[0, 0, 0, 0]"
154.82619071,,10096,,1583006459,683039903,"""Soft-Hard Sip Deadband""",[0.30549511313438416],"[0, 0, 0, 0]"
154.835075617,,10097,,1583006459,687019109,"""Soft Sip""",[0.2946690618991852],"[0, 0, 1, 0]"
154.842166424,,10098,,1583006459,693164110,"""Soft Sip""",[0.28381088376045227],"[0, 0, 1, 0]"
154.850045681,,10099,,1583006459,700261116,"""Soft Sip""",[0.26209455728530884],"[0, 0, 1, 0]"
154.856004,,10100,,1583006459,708220005,"""Soft Sip""",[0.2512364089488983],"[0, 0, 1, 0]"
154.86269927,,10101,,1583006459,713984012,"""Soft Sip""",[0.2403782308101654],"[0, 0, 1, 0]"
154.867545366,,10102,,1583006459,720683097,"""Soft Sip""",[0.22955219447612762],"[0, 0, 1, 0]"
154.874408007,,10103,,1583006459,725658893,"""Soft Sip""",[0.2186940312385559],"[0, 0, 1, 0]"
154.881238461,,10104,,1583006459,732367992,"""Soft Sip""",[0.2078358680009842],"[0, 0, 1, 0]"
154.88635993,,10105,,1583006459,739253044,"""Soft Sip""",[0.19697770476341248],"[0, 0, 1, 0]"
154.891689062,,10106,,1583006459,744508028,"""Soft Sip""",[0.17529350519180298],"[0, 0, 1, 0]"
154.898094654,,10107,,1583006459,749665975,"""Soft Sip""",[0.16443534195423126],"[0, 0, 1, 0]"
154.902924299,,10108,,1583006459,756068944,"""Soft Sip""",[0.15357716381549835],"[0, 0, 1, 0]"
154.90936923,,10109,,1583006459,760899066,"""Soft Sip""",[0.14271900057792664],"[0, 0, 1, 0]"
154.915873766,,10110,,1583006459,767407894,"""Soft Sip""",[0.13186083734035492],"[0, 0, 1, 0]"
154.922291279,,10111,,1583006459,773885011,"""Soft Sip""",[0.12103480100631714],"[0, 0, 1, 0]"
154.928717136,,10112,,1583006459,780282020,"""Soft Sip""",[0.11017663776874542],"[0, 0, 1, 0]"
154.934298038,,10113,,1583006459,786925077,"""Soft Sip""",[0.0993184745311737],"[0, 0, 1, 0]"
154.938941002,,10114,,1583006459,792273998,"""Soft Sip""",[0.08846031129360199],"[0, 0, 1, 0]"
154.945707321,,10115,,1583006459,796935081,"""Soft Sip""",[0.07760214805603027],"[0, 0, 1, 0]"
154.951572895,,10116,,1583006459,803683996,"""Soft Sip""",[0.06674397736787796],"[0, 0, 1, 0]"
154.957774878,,10117,,1583006459,809555053,"""Soft Sip""",[0.05591794103384018],"[0, 0, 1, 0]"
154.964223862,,10118,,1583006459,815751075,"""Soft Sip""",[0.06674397736787796],"[0, 0, 1, 0]"
154.969598055,,10119,,1583006459,822264909,"""Soft Sip""",[0.07760214805603027],"[0, 0, 1, 0]"
154.975516081,,10120,,1583006459,827573060,"""Soft Sip""",[0.08846031129360199],"[0, 0, 1, 0]"
154.981556654,,10121,,1583006459,833719968,"""Soft Sip""",[0.0993184745311737],"[0, 0, 1, 0]"
154.987409353,,10122,,1583006459,839534997,"""Soft Sip""",[0.11017663776874542],"[0, 0, 1, 0]"
154.994124889,,10123,,1583006459,845261096,"""Soft Sip""",[0.12103480100631714],"[0, 0, 1, 0]"
154.999717236,,10124,,1583006459,852027893,"""Soft Sip""",[0.13186083734035492],"[0, 0, 1, 0]"
155.005027771,,10125,,1583006459,857693910,"""Soft Sip""",[0.14271900057792664],"[0, 0, 1, 0]"
155.011231184,,10126,,1583006459,863008975,"""Soft Sip""",[0.15357716381549835],"[0, 0, 1, 0]"
155.017232418,,10127,,1583006459,869242906,"""Soft Sip""",[0.16443534195423126],"[0, 0, 1, 0]"
155.022657156,,10128,,1583006459,875215053,"""Soft Sip""",[0.17529350519180298],"[0, 0, 1, 0]"
155.028791904,,10129,,1583006459,880635976,"""Soft Sip""",[0.18611954152584076],"[0, 0, 1, 0]"
155.035860062,,10130,,1583006459,887860059,"""Soft Sip""",[0.19697770476341248],"[0, 0, 1, 0]"
155.041481495,,10131,,1583006459,893862009,"""Soft Sip""",[0.2078358680009842],"[0, 0, 1, 0]"
155.049228668,,10132,,1583006459,899465084,"""Soft Sip""",[0.2186940312385559],"[0, 0, 1, 0]"
155.05465126,,10133,,1583006459,907358884,"""Soft Sip""",[0.22955219447612762],"[0, 0, 1, 0]"
155.059626341,,10134,,1583006459,912616014,"""Soft Sip""",[0.2403782308101654],"[0, 0, 1, 0]"
155.066621065,,10135,,1583006459,917644977,"""Soft Sip""",[0.2512364089488983],"[0, 0, 1, 0]"
155.073767185,,10136,,1583006459,924722909,"""Soft Sip""",[0.26209455728530884],"[0, 0, 1, 0]"
155.080870628,,10137,,1583006459,931864023,"""Soft Sip""",[0.2512364089488983],"[0, 0, 1, 0]"
155.086637974,,10138,,1583006459,939079046,"""Soft Sip""",[0.2403782308101654],"[0, 0, 1, 0]"
155.091561556,,10139,,1583006459,945013046,"""Soft Sip""",[0.22955219447612762],"[0, 0, 1, 0]"
155.097694159,,10140,,1583006459,949630022,"""Soft Sip""",[0.2186940312385559],"[0, 0, 1, 0]"
155.107535839,,10141,,1583006459,957032918,"""Soft Sip""",[0.2078358680009842],"[0, 0, 1, 0]"
155.113778114,,10142,,1583006459,965635061,"""Soft Sip""",[0.19697770476341248],"[0, 0, 1, 0]"
155.118566036,,10143,,1583006459,971837997,"""Soft Sip""",[0.18611954152584076],"[0, 0, 1, 0]"
155.125787497,,10144,,1583006459,976638078,"""Soft Sip""",[0.17529350519180298],"[0, 0, 1, 0]"
155.130591631,,10145,,1583006459,983865022,"""Soft Sip""",[0.16443534195423126],"[0, 0, 1, 0]"
155.137607813,,10146,,1583006459,988604068,"""Soft Sip""",[0.15357716381549835],"[0, 0, 1, 0]"
155.143794298,,10147,,1583006459,995682001,"""Soft Sip""",[0.14271900057792664],"[0, 0, 1, 0]"
155.14851737,,10148,,1583006460,1760005,"""Soft Sip""",[0.13186083734035492],"[0, 0, 1, 0]"
155.156480789,,10149,,1583006460,6576061,"""Soft Sip""",[0.12103480100631714],"[0, 0, 1, 0]"
155.161840677,,10150,,1583006460,14497041,"""Soft Sip""",[0.11017663776874542],"[0, 0, 1, 0]"
155.167890072,,10151,,1583006460,19937038,"""Soft Sip""",[0.0993184745311737],"[0, 0, 1, 0]"
155.175816059,,10152,,1583006460,25954961,"""Soft Sip""",[0.11017663776874542],"[0, 0, 1, 0]"
155.182313204,,10153,,1583006460,33791065,"""Soft Sip""",[0.0993184745311737],"[0, 0, 1, 0]"
155.187050819,,10154,,1583006460,40370941,"""Soft Sip""",[0.11017663776874542],"[0, 0, 1, 0]"
155.193808556,,10155,,1583006460,45135021,"""Soft Sip""",[0.12103480100631714],"[0, 0, 1, 0]"
155.200245857,,10156,,1583006460,51776885,"""Soft Sip""",[0.13186083734035492],"[0, 0, 1, 0]"
155.206170082,,10157,,1583006460,58303117,"""Soft Sip""",[0.14271900057792664],"[0, 0, 1, 0]"
155.212480545,,10158,,1583006460,64264059,"""Soft Sip""",[0.15357716381549835],"[0, 0, 1, 0]"
155.217954397,,10159,,1583006460,70486068,"""Soft Sip""",[0.16443534195423126],"[0, 0, 1, 0]"
155.222734451,,10160,,1583006460,76009988,"""Soft Sip""",[0.17529350519180298],"[0, 0, 1, 0]"
155.229280472,,10161,,1583006460,80473899,"""Soft Sip""",[0.18611954152584076],"[0, 0, 1, 0]"
155.23516345,,10162,,1583006460,87451934,"""Soft Sip""",[0.19697770476341248],"[0, 0, 1, 0]"
155.240779638,,10163,,1583006460,93147039,"""Soft Sip""",[0.2078358680009842],"[0, 0, 1, 0]"
155.246822834,,10164,,1583006460,98742008,"""Soft Sip""",[0.2186940312385559],"[0, 0, 1, 0]"
155.251812458,,10165,,1583006460,104794025,"""Soft Sip""",[0.22955219447612762],"[0, 0, 1, 0]"
155.257804155,,10166,,1583006460,109956026,"""Soft Sip""",[0.2403782308101654],"[0, 0, 1, 0]"
155.26464963,,10167,,1583006460,115808010,"""Soft Sip""",[0.2512364089488983],"[0, 0, 1, 0]"
155.270984411,,10168,,1583006460,122647047,"""Soft Sip""",[0.26209455728530884],"[0, 0, 1, 0]"
155.276977301,,10169,,1583006460,129019975,"""Soft Sip""",[0.27295273542404175],"[0, 0, 1, 0]"
155.283037901,,10170,,1583006460,135166883,"""Soft Sip""",[0.28381088376045227],"[0, 0, 1, 0]"
155.290212154,,10171,,1583006460,141009092,"""Soft Sip""",[0.2946690618991852],"[0, 0, 1, 0]"
155.291297674,,10172,,1583006460,148205995,"""Soft-Hard Sip Deadband""",[0.30549511313438416],"[0, 0, 0, 0]"
155.292610407,,10173,,1583006460,149310111,"""Soft-Hard Sip Deadband""",[0.3163532614707947],"[0, 0, 0, 0]"
155.293679714,,10174,,1583006460,150304079,"""Soft-Hard Sip Deadband""",[0.3272114396095276],"[0, 0, 0, 0]"
155.294717073,,10175,,1583006460,151648044,"""Soft-Hard Sip Deadband""",[0.3380695879459381],"[0, 0, 0, 0]"
155.295683622,,10176,,1583006460,152792930,"""Soft-Hard Sip Deadband""",[0.348927766084671],"[0, 0, 0, 0]"
155.296504736,,10177,,1583006460,153656959,"""Soft-Hard Sip Deadband""",[0.3597537875175476],"[0, 0, 0, 0]"
155.297349453,,10178,,1583006460,154475927,"""Soft-Hard Sip Deadband""",[0.3706119656562805],"[0, 0, 0, 0]"
155.298422813,,10179,,1583006460,155452013,"""Soft-Hard Sip Deadband""",[0.38147011399269104],"[0, 0, 0, 0]"
155.299363613,,10180,,1583006460,156439065,"""Soft-Hard Sip Deadband""",[0.39232829213142395],"[0, 0, 0, 0]"
155.30031848,,10181,,1583006460,157427072,"""Soft-Hard Sip Deadband""",[0.4031864404678345],"[0, 0, 0, 0]"
155.303776264,,10182,,1583006460,161015033,"""Soft-Hard Sip Deadband""",[0.4140446186065674],"[0, 0, 0, 0]"
155.307973146,,10183,,1583006460,165043115,"""Soft-Hard Sip Deadband""",[0.42487066984176636],"[0, 0, 0, 0]"
155.312100172,,10184,,1583006460,169083118,"""Soft-Hard Sip Deadband""",[0.4357288181781769],"[0, 0, 0, 0]"
155.313920259,,10185,,1583006460,171034097,"""Soft-Hard Sip Deadband""",[0.4465869963169098],"[0, 0, 0, 0]"
155.315910339,,10186,,1583006460,172981977,"""Soft-Hard Sip Deadband""",[0.4574451446533203],"[0, 0, 0, 0]"
155.321973085,,10187,,1583006460,179032087,"""Soft-Hard Sip Deadband""",[0.4683033227920532],"[0, 0, 0, 0]"
155.326080322,,10188,,1583006460,183062076,"""Soft-Hard Sip Deadband""",[0.4791293442249298],"[0, 0, 0, 0]"
155.330032349,,10189,,1583006460,187053918,"""Soft-Hard Sip Deadband""",[0.4899875223636627],"[0, 0, 0, 0]"
155.338523388,,10190,,1583006460,191019058,"""Zero Band""",[0.5008456707000732],"[0, 0, 0, 0]"
155.344069719,,10191,,1583006460,197005987,"""Zero Band""",[0.5117038488388062],"[0, 0, 0, 0]"
155.352379799,,10192,,1583006460,205024957,"""Zero Band""",[0.5225620269775391],"[0, 0, 0, 0]"
155.36996603,,10193,,1583006460,221163988,"""Zero Band""",[0.533388078212738],"[0, 0, 0, 0]"
155.375992775,,10194,,1583006460,228038072,"""Zero Band""",[0.5225620269775391],"[0, 0, 0, 0]"
155.390117168,,10195,,1583006460,243072986,"""Zero Band""",[0.5117038488388062],"[0, 0, 0, 0]"
155.401745796,,10196,,1583006460,253118038,"""Zero Band""",[0.5008456707000732],"[0, 0, 0, 0]"
155.403933048,,10197,,1583006460,261034965,"""Soft-Hard Sip Deadband""",[0.4899875223636627],"[0, 0, 0, 0]"
155.412745953,,10198,,1583006460,269206047,"""Soft-Hard Sip Deadband""",[0.4791293442249298],"[0, 0, 0, 0]"
155.415834665,,10199,,1583006460,273036956,"""Soft-Hard Sip Deadband""",[0.4683033227920532],"[0, 0, 0, 0]"
155.419985056,,10200,,1583006460,277028083,"""Soft-Hard Sip Deadband""",[0.4574451446533203],"[0, 0, 0, 0]"
155.421827078,,10201,,1583006460,279047966,"""Soft-Hard Sip Deadband""",[0.4465869963169098],"[0, 0, 0, 0]"
155.428448439,,10202,,1583006460,285124063,"""Soft-Hard Sip Deadband""",[0.4357288181781769],"[0, 0, 0, 0]"
155.430260181,,10203,,1583006460,287105083,"""Soft-Hard Sip Deadband""",[0.42487066984176636],"[0, 0, 0, 0]"
155.436035633,,10204,,1583006460,293036937,"""Soft-Hard Sip Deadband""",[0.4140446186065674],"[0, 0, 0, 0]"
155.437883854,,10205,,1583006460,295057058,"""Soft-Hard Sip Deadband""",[0.4031864404678345],"[0, 0, 0, 0]"
155.444221258,,10206,,1583006460,301050901,"""Soft-Hard Sip Deadband""",[0.39232829213142395],"[0, 0, 0, 0]"
155.445943117,,10207,,1583006460,303014039,"""Soft-Hard Sip Deadband""",[0.38147011399269104],"[0, 0, 0, 0]"
155.454039574,,10208,,1583006460,311013936,"""Soft-Hard Sip Deadband""",[0.3706119656562805],"[0, 0, 0, 0]"
155.460572958,,10209,,1583006460,317086935,"""Soft-Hard Sip Deadband""",[0.3597537875175476],"[0, 0, 0, 0]"
155.46415019,,10210,,1583006460,321036100,"""Soft-Hard Sip Deadband""",[0.348927766084671],"[0, 0, 0, 0]"
155.472080231,,10211,,1583006460,329056024,"""Soft-Hard Sip Deadband""",[0.3380695879459381],"[0, 0, 0, 0]"
155.486324787,,10212,,1583006460,343076944,"""Soft-Hard Sip Deadband""",[0.3272114396095276],"[0, 0, 0, 0]"
155.488132715,,10213,,1583006460,345048904,"""Soft-Hard Sip Deadband""",[0.3380695879459381],"[0, 0, 0, 0]"
155.490062475,,10214,,1583006460,347069978,"""Soft-Hard Sip Deadband""",[0.3272114396095276],"[0, 0, 0, 0]"
155.512174845,,10215,,1583006460,369088888,"""Soft-Hard Sip Deadband""",[0.3380695879459381],"[0, 0, 0, 0]"
155.538406849,,10216,,1583006460,395154953,"""Soft-Hard Sip Deadband""",[0.348927766084671],"[0, 0, 0, 0]"
155.540004015,,10217,,1583006460,397074937,"""Soft-Hard Sip Deadband""",[0.3380695879459381],"[0, 0, 0, 0]"
155.542005301,,10218,,1583006460,399058103,"""Soft-Hard Sip Deadband""",[0.348927766084671],"[0, 0, 0, 0]"
155.560744286,,10219,,1583006460,417228937,"""Soft-Hard Sip Deadband""",[0.3597537875175476],"[0, 0, 0, 0]"
155.598252296,,10220,,1583006460,455147027,"""Soft-Hard Sip Deadband""",[0.3706119656562805],"[0, 0, 0, 0]"
155.59997344,,10221,,1583006460,457079887,"""Soft-Hard Sip Deadband""",[0.3597537875175476],"[0, 0, 0, 0]"
155.624358654,,10222,,1583006460,481101989,"""Soft-Hard Sip Deadband""",[0.348927766084671],"[0, 0, 0, 0]"
155.634150267,,10223,,1583006460,491092920,"""Soft-Hard Sip Deadband""",[0.3380695879459381],"[0, 0, 0, 0]"
155.642219782,,10224,,1583006460,499083042,"""Soft-Hard Sip Deadband""",[0.3272114396095276],"[0, 0, 0, 0]"
155.650071859,,10225,,1583006460,507098913,"""Soft-Hard Sip Deadband""",[0.3163532614707947],"[0, 0, 0, 0]"
155.654056787,,10226,,1583006460,511034965,"""Soft-Hard Sip Deadband""",[0.30549511313438416],"[0, 0, 0, 0]"
155.668034554,,10227,,1583006460,519124031,"""Soft Sip""",[0.2946690618991852],"[0, 0, 1, 0]"
155.67323947,,10228,,1583006460,526128053,"""Soft Sip""",[0.28381088376045227],"[0, 0, 1, 0]"
155.678829908,,10229,,1583006460,531307935,"""Soft Sip""",[0.27295273542404175],"[0, 0, 1, 0]"
155.684724092,,10230,,1583006460,536928892,"""Soft Sip""",[0.26209455728530884],"[0, 0, 1, 0]"
155.691325665,,10231,,1583006460,542788982,"""Soft Sip""",[0.2512364089488983],"[0, 0, 1, 0]"
155.697382689,,10232,,1583006460,549504995,"""Soft Sip""",[0.2403782308101654],"[0, 0, 1, 0]"
155.703855515,,10233,,1583006460,555546998,"""Soft Sip""",[0.22955219447612762],"[0, 0, 1, 0]"
155.708508015,,10234,,1583006460,561919927,"""Soft Sip""",[0.2186940312385559],"[0, 0, 1, 0]"
155.724187851,,10235,,1583006460,577066898,"""Soft Sip""",[0.2078358680009842],"[0, 0, 1, 0]"
155.746480703,,10236,,1583006460,597166061,"""Soft Sip""",[0.2186940312385559],"[0, 0, 1, 0]"
155.752444983,,10237,,1583006460,604536056,"""Soft Sip""",[0.22955219447612762],"[0, 0, 1, 0]"
155.759055138,,10238,,1583006460,611025094,"""Soft Sip""",[0.2403782308101654],"[0, 0, 1, 0]"
155.765038013,,10239,,1583006460,617130994,"""Soft Sip""",[0.2512364089488983],"[0, 0, 1, 0]"
155.770184517,,10240,,1583006460,623117923,"""Soft Sip""",[0.26209455728530884],"[0, 0, 1, 0]"
155.778771639,,10241,,1583006460,631062984,"""Soft Sip""",[0.27295273542404175],"[0, 0, 1, 0]"
155.785794973,,10242,,1583006460,639055967,"""Soft Sip""",[0.28381088376045227],"[0, 0, 1, 0]"
155.793705225,,10243,,1583006460,645010948,"""Soft Sip""",[0.2946690618991852],"[0, 0, 1, 0]"
155.795208693,,10244,,1583006460,651793003,"""Soft-Hard Sip Deadband""",[0.30549511313438416],"[0, 0, 0, 0]"
155.797945976,,10245,,1583006460,655044078,"""Soft-Hard Sip Deadband""",[0.3163532614707947],"[0, 0, 0, 0]"
155.799945354,,10246,,1583006460,657023906,"""Soft-Hard Sip Deadband""",[0.3272114396095276],"[0, 0, 0, 0]"
155.805967331,,10247,,1583006460,663069963,"""Soft-Hard Sip Deadband""",[0.3380695879459381],"[0, 0, 0, 0]"
155.807894945,,10248,,1583006460,664999008,"""Soft-Hard Sip Deadband""",[0.348927766084671],"[0, 0, 0, 0]"
155.814268112,,10249,,1583006460,671118974,"""Soft-Hard Sip Deadband""",[0.3597537875175476],"[0, 0, 0, 0]"
155.815941572,,10250,,1583006460,673016071,"""Soft-Hard Sip Deadband""",[0.3706119656562805],"[0, 0, 0, 0]"
155.817945242,,10251,,1583006460,675000905,"""Soft-Hard Sip Deadband""",[0.38147011399269104],"[0, 0, 0, 0]"
155.822072029,,10252,,1583006460,679063081,"""Soft-Hard Sip Deadband""",[0.39232829213142395],"[0, 0, 0, 0]"
155.826405287,,10253,,1583006460,683115959,"""Soft-Hard Sip Deadband""",[0.4031864404678345],"[0, 0, 0, 0]"
155.828214407,,10254,,1583006460,685082912,"""Soft-Hard Sip Deadband""",[0.4140446186065674],"[0, 0, 0, 0]"
155.834151268,,10255,,1583006460,691092967,"""Soft-Hard Sip Deadband""",[0.42487066984176636],"[0, 0, 0, 0]"
155.839938164,,10256,,1583006460,697001934,"""Soft-Hard Sip Deadband""",[0.4357288181781769],"[0, 0, 0, 0]"
155.844358921,,10257,,1583006460,701128959,"""Soft-Hard Sip Deadband""",[0.4465869963169098],"[0, 0, 0, 0]"
155.862353086,,10258,,1583006460,719151020,"""Soft-Hard Sip Deadband""",[0.4357288181781769],"[0, 0, 0, 0]"
155.886447906,,10259,,1583006460,743158102,"""Soft-Hard Sip Deadband""",[0.42487066984176636],"[0, 0, 0, 0]"
155.896286249,,10260,,1583006460,753114938,"""Soft-Hard Sip Deadband""",[0.4357288181781769],"[0, 0, 0, 0]"
155.910245895,,10261,,1583006460,767061948,"""Soft-Hard Sip Deadband""",[0.4465869963169098],"[0, 0, 0, 0]"
155.911986589,,10262,,1583006460,769017934,"""Soft-Hard Sip Deadband""",[0.4357288181781769],"[0, 0, 0, 0]"
155.914037228,,10263,,1583006460,771040916,"""Soft-Hard Sip Deadband""",[0.4465869963169098],"[0, 0, 0, 0]"
155.998223066,,10264,,1583006460,855082035,"""Soft-Hard Sip Deadband""",[0.4574451446533203],"[0, 0, 0, 0]"
155.999938965,,10265,,1583006460,857014894,"""Soft-Hard Sip Deadband""",[0.4465869963169098],"[0, 0, 0, 0]"
156.006262302,,10266,,1583006460,863075017,"""Soft-Hard Sip Deadband""",[0.4574451446533203],"[0, 0, 0, 0]"
156.048365831,,10267,,1583006460,905141115,"""Soft-Hard Sip Deadband""",[0.4683033227920532],"[0, 0, 0, 0]"
156.049773693,,10268,,1583006460,907006978,"""Soft-Hard Sip Deadband""",[0.4574451446533203],"[0, 0, 0, 0]"
156.051900864,,10269,,1583006460,909030914,"""Soft-Hard Sip Deadband""",[0.4683033227920532],"[0, 0, 0, 0]"
156.074396849,,10270,,1583006460,931169986,"""Soft-Hard Sip Deadband""",[0.4791293442249298],"[0, 0, 0, 0]"
156.075989246,,10271,,1583006460,933053016,"""Soft-Hard Sip Deadband""",[0.4683033227920532],"[0, 0, 0, 0]"
156.078095198,,10272,,1583006460,935077905,"""Soft-Hard Sip Deadband""",[0.4791293442249298],"[0, 0, 0, 0]"
156.096365929,,10273,,1583006460,953147888,"""Soft-Hard Sip Deadband""",[0.4683033227920532],"[0, 0, 0, 0]"
156.112107754,,10274,,1583006460,969094038,"""Soft-Hard Sip Deadband""",[0.4574451446533203],"[0, 0, 0, 0]"
156.118005037,,10275,,1583006460,975061893,"""Soft-Hard Sip Deadband""",[0.4465869963169098],"[0, 0, 0, 0]"
156.134287596,,10276,,1583006460,991120100,"""Soft-Hard Sip Deadband""",[0.4357288181781769],"[0, 0, 0, 0]"
156.135906696,,10277,,1583006460,993074893,"""Soft-Hard Sip Deadband""",[0.4465869963169098],"[0, 0, 0, 0]"
156.137887478,,10278,,1583006460,995023965,"""Soft-Hard Sip Deadband""",[0.4357288181781769],"[0, 0, 0, 0]"
156.170199871,,10279,,1583006461,27110099,"""Soft-Hard Sip Deadband""",[0.4465869963169098],"[0, 0, 0, 0]"
156.180202484,,10280,,1583006461,37148952,"""Soft-Hard Sip Deadband""",[0.4574451446533203],"[0, 0, 0, 0]"
156.188051939,,10281,,1583006461,45033931,"""Soft-Hard Sip Deadband""",[0.4683033227920532],"[0, 0, 0, 0]"
156.196092129,,10282,,1583006461,53100109,"""Soft-Hard Sip Deadband""",[0.4791293442249298],"[0, 0, 0, 0]"
156.199971914,,10283,,1583006461,57080984,"""Soft-Hard Sip Deadband""",[0.4899875223636627],"[0, 0, 0, 0]"
156.218948126,,10284,,1583006461,71161985,"""Zero Band""",[0.5008456707000732],"[0, 0, 0, 0]"
156.22901988,,10285,,1583006461,81053018,"""Zero Band""",[0.5117038488388062],"[0, 0, 0, 0]"
156.237779379,,10286,,1583006461,89025974,"""Zero Band""",[0.5225620269775391],"[0, 0, 0, 0]"
156.24753499,,10287,,1583006461,99071025,"""Zero Band""",[0.533388078212738],"[0, 0, 0, 0]"
156.268579006,,10288,,1583006461,121099948,"""Zero Band""",[0.5225620269775391],"[0, 0, 0, 0]"
156.286075354,,10289,,1583006461,137162923,"""Zero Band""",[0.5117038488388062],"[0, 0, 0, 0]"
156.295651674,,10290,,1583006461,147042989,"""Zero Band""",[0.5008456707000732],"[0, 0, 0, 0]"
156.296595573,,10291,,1583006461,153711080,"""Soft-Hard Sip Deadband""",[0.4899875223636627],"[0, 0, 0, 0]"
156.302153587,,10292,,1583006461,159092903,"""Soft-Hard Sip Deadband""",[0.4791293442249298],"[0, 0, 0, 0]"
156.310178757,,10293,,1583006461,167084932,"""Soft-Hard Sip Deadband""",[0.4683033227920532],"[0, 0, 0, 0]"
156.31844759,,10294,,1583006461,175221920,"""Soft-Hard Sip Deadband""",[0.4574451446533203],"[0, 0, 0, 0]"
156.324099064,,10295,,1583006461,181103944,"""Soft-Hard Sip Deadband""",[0.4465869963169098],"[0, 0, 0, 0]"
156.332318306,,10296,,1583006461,189074039,"""Soft-Hard Sip Deadband""",[0.4357288181781769],"[0, 0, 0, 0]"
156.334246397,,10297,,1583006461,191097021,"""Soft-Hard Sip Deadband""",[0.42487066984176636],"[0, 0, 0, 0]"
156.338057518,,10298,,1583006461,195069074,"""Soft-Hard Sip Deadband""",[0.4140446186065674],"[0, 0, 0, 0]"
156.341901541,,10299,,1583006461,199049949,"""Soft-Hard Sip Deadband""",[0.4031864404678345],"[0, 0, 0, 0]"
156.345871925,,10300,,1583006461,203059911,"""Soft-Hard Sip Deadband""",[0.39232829213142395],"[0, 0, 0, 0]"
156.352065325,,10301,,1583006461,209095001,"""Soft-Hard Sip Deadband""",[0.38147011399269104],"[0, 0, 0, 0]"
156.353747845,,10302,,1583006461,211004972,"""Soft-Hard Sip Deadband""",[0.3706119656562805],"[0, 0, 0, 0]"
156.356024742,,10303,,1583006461,213071107,"""Soft-Hard Sip Deadband""",[0.3597537875175476],"[0, 0, 0, 0]"
156.362053871,,10304,,1583006461,219049930,"""Soft-Hard Sip Deadband""",[0.348927766084671],"[0, 0, 0, 0]"
156.36388278,,10305,,1583006461,221023082,"""Soft-Hard Sip Deadband""",[0.3380695879459381],"[0, 0, 0, 0]"
156.369840384,,10306,,1583006461,227034091,"""Soft-Hard Sip Deadband""",[0.3272114396095276],"[0, 0, 0, 0]"
156.371860981,,10307,,1583006461,229033946,"""Soft-Hard Sip Deadband""",[0.3163532614707947],"[0, 0, 0, 0]"
156.37602067,,10308,,1583006461,233041048,"""Soft-Hard Sip Deadband""",[0.30549511313438416],"[0, 0, 0, 0]"
156.384552956,,10309,,1583006461,237030029,"""Soft Sip""",[0.2946690618991852],"[0, 0, 1, 0]"
156.389246464,,10310,,1583006461,242614030,"""Soft Sip""",[0.28381088376045227],"[0, 0, 1, 0]"
156.39380455,,10311,,1583006461,247309923,"""Soft Sip""",[0.27295273542404175],"[0, 0, 1, 0]"
156.400319338,,10312,,1583006461,251827001,"""Soft Sip""",[0.26209455728530884],"[0, 0, 1, 0]"
156.406185389,,10313,,1583006461,258330106,"""Soft Sip""",[0.2512364089488983],"[0, 0, 1, 0]"
156.413669109,,10314,,1583006461,264277935,"""Soft Sip""",[0.2403782308101654],"[0, 0, 1, 0]"
156.420025349,,10315,,1583006461,271810054,"""Soft Sip""",[0.22955219447612762],"[0, 0, 1, 0]"
156.425017118,,10316,,1583006461,278022050,"""Soft Sip""",[0.2186940312385559],"[0, 0, 1, 0]"
156.4301126,,10317,,1583006461,282994985,"""Soft Sip""",[0.2078358680009842],"[0, 0, 1, 0]"
156.435191393,,10318,,1583006461,288245916,"""Soft Sip""",[0.19697770476341248],"[0, 0, 1, 0]"
156.440481901,,10319,,1583006461,293327093,"""Soft Sip""",[0.18611954152584076],"[0, 0, 1, 0]"
156.447892666,,10320,,1583006461,298454046,"""Soft Sip""",[0.17529350519180298],"[0, 0, 1, 0]"
156.463321924,,10321,,1583006461,315099000,"""Soft Sip""",[0.18611954152584076],"[0, 0, 1, 0]"
156.472855806,,10322,,1583006461,325089931,"""Soft Sip""",[0.19697770476341248],"[0, 0, 1, 0]"
156.486603022,,10323,,1583006461,337209939,"""Soft Sip""",[0.2078358680009842],"[0, 0, 1, 0]"
156.491660595,,10324,,1583006461,345042943,"""Soft Sip""",[0.2186940312385559],"[0, 0, 1, 0]"
156.498619318,,10325,,1583006461,351022005,"""Soft Sip""",[0.22955219447612762],"[0, 0, 1, 0]"
156.505019665,,10326,,1583006461,356681108,"""Soft Sip""",[0.2403782308101654],"[0, 0, 1, 0]"
156.511793613,,10327,,1583006461,363101959,"""Soft Sip""",[0.2512364089488983],"[0, 0, 1, 0]"
156.51723361,,10328,,1583006461,369853973,"""Soft Sip""",[0.26209455728530884],"[0, 0, 1, 0]"
156.52171874,,10329,,1583006461,375292062,"""Soft Sip""",[0.27295273542404175],"[0, 0, 1, 0]"
156.526408911,,10330,,1583006461,379813909,"""Soft Sip""",[0.28381088376045227],"[0, 0, 1, 0]"
156.530902863,,10331,,1583006461,384485006,"""Soft Sip""",[0.2946690618991852],"[0, 0, 1, 0]"
156.531696081,,10332,,1583006461,388876914,"""Soft-Hard Sip Deadband""",[0.30549511313438416],"[0, 0, 0, 0]"
156.532452822,,10333,,1583006461,389667034,"""Soft-Hard Sip Deadband""",[0.3163532614707947],"[0, 0, 0, 0]"
156.533397913,,10334,,1583006461,390533924,"""Soft-Hard Sip Deadband""",[0.3272114396095276],"[0, 0, 0, 0]"
156.534265518,,10335,,1583006461,391371011,"""Soft-Hard Sip Deadband""",[0.3380695879459381],"[0, 0, 0, 0]"
156.535205364,,10336,,1583006461,392349004,"""Soft-Hard Sip Deadband""",[0.348927766084671],"[0, 0, 0, 0]"
156.536102057,,10337,,1583006461,393177032,"""Soft-Hard Sip Deadband""",[0.3597537875175476],"[0, 0, 0, 0]"
156.536972284,,10338,,1583006461,394145011,"""Soft-Hard Sip Deadband""",[0.3706119656562805],"[0, 0, 0, 0]"
156.542847395,,10339,,1583006461,399269104,"""Soft-Hard Sip Deadband""",[0.38147011399269104],"[0, 0, 0, 0]"
156.546101093,,10340,,1583006461,403065919,"""Soft-Hard Sip Deadband""",[0.39232829213142395],"[0, 0, 0, 0]"
156.552051783,,10341,,1583006461,409068107,"""Soft-Hard Sip Deadband""",[0.4031864404678345],"[0, 0, 0, 0]"
156.562188625,,10342,,1583006461,419101953,"""Soft-Hard Sip Deadband""",[0.4140446186065674],"[0, 0, 0, 0]"
156.596335649,,10343,,1583006461,453149080,"""Soft-Hard Sip Deadband""",[0.42487066984176636],"[0, 0, 0, 0]"
156.599902868,,10344,,1583006461,457098007,"""Soft-Hard Sip Deadband""",[0.4140446186065674],"[0, 0, 0, 0]"
156.60586071,,10345,,1583006461,462996006,"""Soft-Hard Sip Deadband""",[0.42487066984176636],"[0, 0, 0, 0]"
156.61805582,,10346,,1583006461,475081920,"""Soft-Hard Sip Deadband""",[0.4357288181781769],"[0, 0, 0, 0]"
156.626242399,,10347,,1583006461,483107089,"""Soft-Hard Sip Deadband""",[0.4465869963169098],"[0, 0, 0, 0]"
156.632273197,,10348,,1583006461,489092111,"""Soft-Hard Sip Deadband""",[0.4574451446533203],"[0, 0, 0, 0]"
156.640096664,,10349,,1583006461,497070074,"""Soft-Hard Sip Deadband""",[0.4683033227920532],"[0, 0, 0, 0]"
156.646247387,,10350,,1583006461,503139019,"""Soft-Hard Sip Deadband""",[0.4791293442249298],"[0, 0, 0, 0]"
156.654007912,,10351,,1583006461,511045932,"""Soft-Hard Sip Deadband""",[0.4899875223636627],"[0, 0, 0, 0]"
156.67776823,,10352,,1583006461,529066085,"""Zero Band""",[0.5008456707000732],"[0, 0, 0, 0]"
156.679993391,,10353,,1583006461,537034034,"""Soft-Hard Sip Deadband""",[0.4899875223636627],"[0, 0, 0, 0]"
156.68900013,,10354,,1583006461,541043043,"""Zero Band""",[0.5008456707000732],"[0, 0, 0, 0]"
156.691909313,,10355,,1583006461,549021005,"""Soft-Hard Sip Deadband""",[0.4899875223636627],"[0, 0, 0, 0]"
156.700623989,,10356,,1583006461,553047895,"""Zero Band""",[0.5008456707000732],"[0, 0, 0, 0]"
156.713981867,,10357,,1583006461,565164089,"""Zero Band""",[0.5117038488388062],"[0, 0, 0, 0]"
156.726992369,,10358,,1583006461,579102993,"""Zero Band""",[0.5225620269775391],"[0, 0, 0, 0]"
156.734506845,,10359,,1583006461,587121963,"""Zero Band""",[0.533388078212738],"[0, 0, 0, 0]"
156.742074013,,10360,,1583006461,593045949,"""Zero Band""",[0.5442461967468262],"[0, 0, 0, 0]"
156.752830744,,10361,,1583006461,605077028,"""Zero Band""",[0.5551043748855591],"[0, 0, 0, 0]"
156.763371229,,10362,,1583006461,615061044,"""Zero Band""",[0.565962553024292],"[0, 0, 0, 0]"
156.768646002,,10363,,1583006461,621421098,"""Zero Band""",[0.5768207311630249],"[0, 0, 0, 0]"
156.775403261,,10364,,1583006461,626661062,"""Zero Band""",[0.587678849697113],"[0, 0, 0, 0]"
156.781111479,,10365,,1583006461,633445024,"""Zero Band""",[0.598504900932312],"[0, 0, 0, 0]"
156.79066968,,10366,,1583006461,643081903,"""Zero Band""",[0.6093630790710449],"[0, 0, 0, 0]"
156.806429863,,10367,,1583006461,657124996,"""Zero Band""",[0.6202212572097778],"[0, 0, 0, 0]"
156.822600603,,10368,,1583006461,675093889,"""Zero Band""",[0.6310794353485107],"[0, 0, 0, 0]"
156.832268476,,10369,,1583006461,683074951,"""Zero Band""",[0.6202212572097778],"[0, 0, 0, 0]"
156.838344812,,10370,,1583006461,690372943,"""Zero Band""",[0.6310794353485107],"[0, 0, 0, 0]"
156.84987855,,10371,,1583006461,701174020,"""Zero Band""",[0.6419375538825989],"[0, 0, 0, 0]"
156.855521202,,10372,,1583006461,707876920,"""Zero Band""",[0.6527636051177979],"[0, 0, 0, 0]"
156.86182642,,10373,,1583006461,713560104,"""Zero Band""",[0.6636217832565308],"[0, 0, 0, 0]"
156.867544651,,10374,,1583006461,719927072,"""Zero Band""",[0.6853380799293518],"[0, 0, 0, 0]"
156.872843504,,10375,,1583006461,725637912,"""Zero Band""",[0.6961962580680847],"[0, 0, 0, 0]"
156.87813282,,10376,,1583006461,730947971,"""Zero Band""",[0.7070544362068176],"[0, 0, 0, 0]"
156.883099794,,10377,,1583006461,736198902,"""Zero Band""",[0.7178804874420166],"[0, 0, 0, 0]"
156.88832736,,10378,,1583006461,741092920,"""Zero Band""",[0.7287386655807495],"[0, 0, 0, 0]"
156.894274473,,10379,,1583006461,746391057,"""Zero Band""",[0.7395967841148376],"[0, 0, 0, 0]"
156.900686502,,10380,,1583006461,752249956,"""Zero Band""",[0.7504549622535706],"[0, 0, 0, 0]"
156.909026384,,10381,,1583006461,758796930,"""Zero Band""",[0.7613131403923035],"[0, 0, 0, 0]"
156.915717125,,10382,,1583006461,767019033,"""Zero Band""",[0.7721391916275024],"[0, 0, 0, 0]"
156.92108202,,10383,,1583006461,773688077,"""Zero Band""",[0.7829973101615906],"[0, 0, 0, 0]"
156.9261868,,10384,,1583006461,779062986,"""Zero Band""",[0.7938554883003235],"[0, 0, 0, 0]"
156.932393312,,10385,,1583006461,784308910,"""Zero Band""",[0.8047136664390564],"[0, 0, 0, 0]"
156.937259197,,10386,,1583006461,790379047,"""Zero Band""",[0.8263978958129883],"[0, 0, 0, 0]"
156.942990065,,10387,,1583006461,795239925,"""Zero Band""",[0.8372560143470764],"[0, 0, 0, 0]"
156.94838953,,10388,,1583006461,800860881,"""Zero Band""",[0.8481141924858093],"[0, 0, 0, 0]"
156.955872297,,10389,,1583006461,806582927,"""Zero Band""",[0.8698305487632751],"[0, 0, 0, 0]"
156.960868597,,10390,,1583006461,813813924,"""Zero Band""",[0.8806886672973633],"[0, 0, 0, 0]"
156.968058348,,10391,,1583006461,818866968,"""Zero Band""",[0.9023728966712952],"[0, 0, 0, 0]"
156.973476171,,10392,,1583006461,825890064,"""Zero Band""",[0.9132310748100281],"[0, 0, 0, 0]"
156.978720427,,10393,,1583006461,831489086,"""Zero Band""",[0.924089252948761],"[0, 0, 0, 0]"
156.986115456,,10394,,1583006461,836496114,"""Zero Band""",[0.9349473714828491],"[0, 0, 0, 0]"
156.991139412,,10395,,1583006461,844211101,"""Zero Band""",[0.9457734227180481],"[0, 0, 0, 0]"
156.997497559,,10396,,1583006461,849113941,"""Zero Band""",[0.956631600856781],"[0, 0, 0, 0]"
157.004748344,,10397,,1583006461,855343103,"""Zero Band""",[0.9674897789955139],"[0, 0, 0, 0]"
157.011009932,,10398,,1583006461,862725019,"""Zero Band""",[0.978347897529602],"[0, 0, 0, 0]"
157.016861916,,10399,,1583006461,868984937,"""Zero Band""",[0.989206075668335],"[0, 0, 0, 0]"
157.023749352,,10400,,1583006461,875039100,"""Zero Band""",[1.0],"[0, 0, 0, 0]"
157.028619766,,10401,,1583006461,881731986,"""Zero Band""",[0.989206075668335],"[0, 0, 0, 0]"
157.033903122,,10402,,1583006461,886596918,"""Zero Band""",[0.978347897529602],"[0, 0, 0, 0]"
157.039642334,,10403,,1583006461,891861915,"""Zero Band""",[0.9674897789955139],"[0, 0, 0, 0]"
157.044852495,,10404,,1583006461,897624969,"""Zero Band""",[0.956631600856781],"[0, 0, 0, 0]"
157.050891876,,10405,,1583006461,902777910,"""Zero Band""",[0.9457734227180481],"[0, 0, 0, 0]"
157.057118416,,10406,,1583006461,908862113,"""Zero Band""",[0.9349473714828491],"[0, 0, 0, 0]"
157.062792063,,10407,,1583006461,915097951,"""Zero Band""",[0.924089252948761],"[0, 0, 0, 0]"
157.068692446,,10408,,1583006461,920770883,"""Zero Band""",[0.9132310748100281],"[0, 0, 0, 0]"
157.073529959,,10409,,1583006461,926670074,"""Zero Band""",[0.9023728966712952],"[0, 0, 0, 0]"
157.079320431,,10410,,1583006461,931480884,"""Zero Band""",[0.8915147185325623],"[0, 0, 0, 0]"
157.086892843,,10411,,1583006461,937292098,"""Zero Band""",[0.8806886672973633],"[0, 0, 0, 0]"
157.092892408,,10412,,1583006461,945185899,"""Zero Band""",[0.8589723706245422],"[0, 0, 0, 0]"
157.098249674,,10413,,1583006461,950783967,"""Zero Band""",[0.8481141924858093],"[0, 0, 0, 0]"
157.105331898,,10414,,1583006461,956310033,"""Zero Band""",[0.8263978958129883],"[0, 0, 0, 0]"
157.110240459,,10415,,1583006461,963308095,"""Zero Band""",[0.8155718445777893],"[0, 0, 0, 0]"
157.11657548,,10416,,1583006461,968214988,"""Zero Band""",[0.8047136664390564],"[0, 0, 0, 0]"
157.124789715,,10417,,1583006461,974590063,"""Zero Band""",[0.7938554883003235],"[0, 0, 0, 0]"
157.1304667,,10418,,1583006461,982873916,"""Zero Band""",[0.7829973101615906],"[0, 0, 0, 0]"
157.135607958,,10419,,1583006461,988449096,"""Zero Band""",[0.7613131403923035],"[0, 0, 0, 0]"
157.14316988,,10420,,1583006461,993609905,"""Zero Band""",[0.7504549622535706],"[0, 0, 0, 0]"
157.1481359,,10421,,1583006462,1152038,"""Zero Band""",[0.7395967841148376],"[0, 0, 0, 0]"
157.154923201,,10422,,1583006462,6043910,"""Zero Band""",[0.7287386655807495],"[0, 0, 0, 0]"
157.161133289,,10423,,1583006462,12901067,"""Zero Band""",[0.7178804874420166],"[0, 0, 0, 0]"
157.165994406,,10424,,1583006462,19139051,"""Zero Band""",[0.7070544362068176],"[0, 0, 0, 0]"
157.171350241,,10425,,1583006462,23972988,"""Zero Band""",[0.6853380799293518],"[0, 0, 0, 0]"
157.177129507,,10426,,1583006462,29341936,"""Zero Band""",[0.6744799613952637],"[0, 0, 0, 0]"
157.182342768,,10427,,1583006462,35110950,"""Zero Band""",[0.6636217832565308],"[0, 0, 0, 0]"
157.188466311,,10428,,1583006462,40373086,"""Zero Band""",[0.6527636051177979],"[0, 0, 0, 0]"
157.195066452,,10429,,1583006462,46437978,"""Zero Band""",[0.6419375538825989],"[0, 0, 0, 0]"
157.200680733,,10430,,1583006462,52932977,"""Zero Band""",[0.6202212572097778],"[0, 0, 0, 0]"
157.206754446,,10431,,1583006462,58654069,"""Zero Band""",[0.6093630790710449],"[0, 0, 0, 0]"
157.212435722,,10432,,1583006462,64733982,"""Zero Band""",[0.587678849697113],"[0, 0, 0, 0]"
157.218692303,,10433,,1583006462,70410966,"""Zero Band""",[0.5768207311630249],"[0, 0, 0, 0]"
157.225040913,,10434,,1583006462,76672077,"""Zero Band""",[0.5551043748855591],"[0, 0, 0, 0]"
157.231118441,,10435,,1583006462,83044052,"""Zero Band""",[0.533388078212738],"[0, 0, 0, 0]"
157.236013889,,10436,,1583006462,89093923,"""Zero Band""",[0.5225620269775391],"[0, 0, 0, 0]"
157.241074562,,10437,,1583006462,93993902,"""Zero Band""",[0.5008456707000732],"[0, 0, 0, 0]"
157.242342949,,10438,,1583006462,99384069,"""Soft-Hard Sip Deadband""",[0.4791293442249298],"[0, 0, 0, 0]"
157.243351221,,10439,,1583006462,100330114,"""Soft-Hard Sip Deadband""",[0.4465869963169098],"[0, 0, 0, 0]"
157.244579315,,10440,,1583006462,101458072,"""Soft-Hard Sip Deadband""",[0.42487066984176636],"[0, 0, 0, 0]"
157.245664835,,10441,,1583006462,102566957,"""Soft-Hard Sip Deadband""",[0.4031864404678345],"[0, 0, 0, 0]"
157.246479511,,10442,,1583006462,103498935,"""Soft-Hard Sip Deadband""",[0.39232829213142395],"[0, 0, 0, 0]"
157.247353077,,10443,,1583006462,104485988,"""Soft-Hard Sip Deadband""",[0.3706119656562805],"[0, 0, 0, 0]"
157.248268366,,10444,,1583006462,105310916,"""Soft-Hard Sip Deadband""",[0.3272114396095276],"[0, 0, 0, 0]"
157.249141216,,10445,,1583006462,106242895,"""Soft-Hard Sip Deadband""",[0.30549511313438416],"[0, 0, 0, 0]"
157.254959345,,10446,,1583006462,107116937,"""Soft Sip""",[0.2946690618991852],"[0, 0, 1, 0]"
157.259907961,,10447,,1583006462,112937927,"""Soft Sip""",[0.27295273542404175],"[0, 0, 1, 0]"
157.266077757,,10448,,1583006462,117916107,"""Soft Sip""",[0.2512364089488983],"[0, 0, 1, 0]"
157.271068335,,10449,,1583006462,123960018,"""Soft Sip""",[0.22955219447612762],"[0, 0, 1, 0]"
157.275593519,,10450,,1583006462,129051923,"""Soft Sip""",[0.2078358680009842],"[0, 0, 1, 0]"
157.281344652,,10451,,1583006462,133575916,"""Soft Sip""",[0.18611954152584076],"[0, 0, 1, 0]"
157.287735224,,10452,,1583006462,138971090,"""Soft Sip""",[0.16443534195423126],"[0, 0, 1, 0]"
157.292947769,,10453,,1583006462,145709991,"""Soft Sip""",[0.14271900057792664],"[0, 0, 1, 0]"
157.297907829,,10454,,1583006462,150928974,"""Soft Sip""",[0.12103480100631714],"[0, 0, 1, 0]"
157.30352664,,10455,,1583006462,155877113,"""Soft Sip""",[0.0993184745311737],"[0, 0, 1, 0]"
157.309047937,,10456,,1583006462,161505937,"""Soft Sip""",[0.07760214805603027],"[0, 0, 1, 0]"
157.315378428,,10457,,1583006462,167021036,"""Soft Sip""",[0.06674397736787796],"[0, 0, 1, 0]"
157.321797132,,10458,,1583006462,174253940,"""Soft Sip""",[0.04505977779626846],"[0, 0, 1, 0]"
157.327396631,,10459,,1583006462,179778099,"""Soft Sip""",[0.03420161083340645],"[0, 0, 1, 0]"
157.333467484,,10460,,1583006462,185393095,"""Soft Sip""",[0.012485282495617867],"[0, 0, 1, 0]"
157.334368706,,10461,,1583006462,191451072,"""Zero Band""",[0.0016592431347817183],"[0, 0, 0, 0]"
157.335182428,,10462,,1583006462,192342996,"""Zero Band""",[-0.0],"[0, 0, 0, 0]"
157.335996151,,10463,,1583006462,193157911,"""Zero Band""",[-0.0],"[0, 0, 0, 0]"
157.336789846,,10464,,1583006462,193980932,"""Zero Band""",[-0.0],"[0, 0, 0, 0]"
157.337529898,,10465,,1583006462,194792032,"""Zero Band""",[-0.0],"[0, 0, 0, 0]"
157.338237524,,10466,,1583006462,195518970,"""Zero Band""",[-0.0],"[0, 0, 0, 0]"
157.338924408,,10467,,1583006462,196244955,"""Zero Band""",[-0.0],"[0, 0, 0, 0]"
157.339020967,,10468,,1583006462,196244955,"""input stopped""",[-0.0],"[0, 0, 0, 0]"
157.33986783,,10469,,1583006462,197124004,"""Zero Band""",[-0.0],"[0, 0, 0, 0]"
157.340574026,,10470,,1583006462,197797060,"""Zero Band""",[-0.0],"[0, 0, 0, 0]"
157.341264486,,10471,,1583006462,198576927,"""Zero Band""",[-0.0],"[0, 0, 0, 0]"
157.342119694,,10472,,1583006462,199265956,"""Zero Band""",[-0.0],"[0, 0, 0, 0]"
157.343063354,,10473,,1583006462,200097084,"""Zero Band""",[-0.0],"[0, 0, 0, 0]"
157.343980551,,10474,,1583006462,201042890,"""Zero Band""",[-0.0],"[0, 0, 0, 0]"
157.344860315,,10475,,1583006462,202027082,"""Zero Band""",[-0.0],"[0, 0, 0, 0]"
157.345764875,,10476,,1583006462,202821016,"""Zero Band""",[-0.0],"[0, 0, 0, 0]"
157.345796585,,10477,,1583006462,202821016,"""input stopped""",[-0.0],"[0, 0, 0, 0]"
164.369274855,,10478,,1583006469,226119041,"""Zero Band""",[-0.0],"[0, 0, 0, 0]"
164.377989769,,10479,,1583006469,235074043,"""Zero Band""",[-0.0],"[0, 0, 0, 0]"
164.382386684,,10480,,1583006469,239140987,"""Zero Band""",[-0.0],"[0, 0, 0, 0]"
164.388046503,,10481,,1583006469,245071887,"""Zero Band""",[-0.0],"[0, 0, 0, 0]"
164.391932964,,10482,,1583006469,249049901,"""Zero Band""",[-0.0],"[0, 0, 0, 0]"
164.398159504,,10483,,1583006469,255141973,"""Zero Band""",[-0.0016271184431388974],"[0, 0, 0, 0]"
164.408125401,,10484,,1583006469,261070966,"""Zero Band""",[-0.012453158386051655],"[0, 0, 0, 0]"
164.412451982,,10485,,1583006469,266200065,"""Zero Band""",[-0.023311322554945946],"[0, 0, 0, 0]"
164.418720722,,10486,,1583006469,270428895,"""Zero Band""",[-0.03416948765516281],"[0, 0, 0, 0]"
164.424670458,,10487,,1583006469,276806116,"""Zero Band""",[-0.04502765089273453],"[0, 0, 0, 0]"
164.429121256,,10488,,1583006469,282655954,"""Zero Band""",[-0.055885814130306244],"[0, 0, 0, 0]"
164.435531139,,10489,,1583006469,287198066,"""Zero Band""",[-0.06671185791492462],"[0, 0, 0, 0]"
164.442324638,,10490,,1583006469,293349981,"""Zero Band""",[-0.07757002115249634],"[0, 0, 0, 0]"
164.450254679,,10491,,1583006469,300474882,"""Zero Band""",[-0.08842818439006805],"[0, 0, 0, 0]"
164.455725193,,10492,,1583006469,308231115,"""Zero Band""",[-0.09928634762763977],"[0, 0, 0, 0]"
164.461675644,,10493,,1583006469,313704967,"""Zero Band""",[-0.11014451086521149],"[0, 0, 0, 0]"
164.469113827,,10494,,1583006469,319638967,"""Zero Band""",[-0.1210026741027832],"[0, 0, 0, 0]"
164.475044966,,10495,,1583006469,327228069,"""Zero Band""",[-0.13182871043682098],"[0, 0, 0, 0]"
164.48167944,,10496,,1583006469,333146095,"""Zero Band""",[-0.1426868885755539],"[0, 0, 0, 0]"
164.488712311,,10497,,1583006469,339720964,"""Zero Band""",[-0.1535450518131256],"[0, 0, 0, 0]"
164.493968725,,10498,,1583006469,346702098,"""Zero Band""",[-0.16440321505069733],"[0, 0, 0, 0]"
164.499945164,,10499,,1583006469,351946115,"""Zero Band""",[-0.17526137828826904],"[0, 0, 0, 0]"
164.506713152,,10500,,1583006469,357882022,"""Zero Band""",[-0.18608741462230682],"[0, 0, 0, 0]"
164.511550665,,10501,,1583006469,364692926,"""Zero Band""",[-0.19694557785987854],"[0, 0, 0, 0]"
164.517211437,,10502,,1583006469,369518041,"""Zero Band""",[-0.20780374109745026],"[0, 0, 0, 0]"
164.522866726,,10503,,1583006469,375199079,"""Zero Band""",[-0.21866190433502197],"[0, 0, 0, 0]"
164.529128551,,10504,,1583006469,381032943,"""Zero Band""",[-0.2295200675725937],"[0, 0, 0, 0]"
164.534869194,,10505,,1583006469,387101888,"""Zero Band""",[-0.24034611880779266],"[0, 0, 0, 0]"
164.542107821,,10506,,1583006469,392839908,"""Zero Band""",[-0.2512042820453644],"[0, 0, 0, 0]"
164.546898127,,10507,,1583006469,400115966,"""Zero Band""",[-0.2620624303817749],"[0, 0, 0, 0]"
164.552517176,,10508,,1583006469,404767990,"""Zero Band""",[-0.2729206085205078],"[0, 0, 0, 0]"
164.558064461,,10509,,1583006469,410496950,"""Zero Band""",[-0.28377875685691833],"[0, 0, 0, 0]"
164.563472748,,10510,,1583006469,416047096,"""Zero Band""",[-0.29463693499565125],"[0, 0, 0, 0]"
164.56455636,,10511,,1583006469,421473979,"""Soft-Hard Puff Deadband""",[-0.3054629862308502],"[0, 0, 0, 0]"
164.565615416,,10512,,1583006469,422519922,"""Soft-Hard Puff Deadband""",[-0.31632113456726074],"[0, 0, 0, 0]"
164.566632271,,10513,,1583006469,423584938,"""Soft-Hard Puff Deadband""",[-0.32717931270599365],"[0, 0, 0, 0]"
164.567780256,,10514,,1583006469,424645900,"""Soft-Hard Puff Deadband""",[-0.3380374610424042],"[0, 0, 0, 0]"
164.568593264,,10515,,1583006469,425755977,"""Soft-Hard Puff Deadband""",[-0.3488956391811371],"[0, 0, 0, 0]"
164.569374323,,10516,,1583006469,426575899,"""Soft-Hard Puff Deadband""",[-0.35972166061401367],"[0, 0, 0, 0]"
164.570095539,,10517,,1583006469,427342891,"""Soft-Hard Puff Deadband""",[-0.3705798387527466],"[0, 0, 0, 0]"
164.570785761,,10518,,1583006469,428081989,"""Soft-Hard Puff Deadband""",[-0.3814379870891571],"[0, 0, 0, 0]"
164.571583748,,10519,,1583006469,428772926,"""Soft-Hard Puff Deadband""",[-0.39229616522789],"[0, 0, 0, 0]"
164.572535515,,10520,,1583006469,429687976,"""Soft-Hard Puff Deadband""",[-0.4031543433666229],"[0, 0, 0, 0]"
164.573483467,,10521,,1583006469,430540084,"""Soft-Hard Puff Deadband""",[-0.4248385429382324],"[0, 0, 0, 0]"
164.5744133,,10522,,1583006469,431494951,"""Soft-Hard Puff Deadband""",[-0.43569669127464294],"[0, 0, 0, 0]"
164.575327635,,10523,,1583006469,432394027,"""Soft-Hard Puff Deadband""",[-0.44655486941337585],"[0, 0, 0, 0]"
164.57604003,,10524,,1583006469,433271884,"""Soft-Hard Puff Deadband""",[-0.4574130177497864],"[0, 0, 0, 0]"
164.576710939,,10525,,1583006469,434014081,"""Soft-Hard Puff Deadband""",[-0.4682711958885193],"[0, 0, 0, 0]"
164.577536583,,10526,,1583006469,434686899,"""Soft-Hard Puff Deadband""",[-0.4790972173213959],"[0, 0, 0, 0]"
164.578242302,,10527,,1583006469,435514926,"""Soft-Hard Puff Deadband""",[-0.4899553954601288],"[0, 0, 0, 0]"
164.584537268,,10528,,1583006469,436218976,"""Zero Band""",[-0.5008135437965393],"[0, 0, 0, 0]"
164.590292215,,10529,,1583006469,442522048,"""Zero Band""",[-0.5116717219352722],"[0, 0, 0, 0]"
164.594965458,,10530,,1583006469,448259115,"""Zero Band""",[-0.5225299000740051],"[0, 0, 0, 0]"
164.601500511,,10531,,1583006469,452935934,"""Zero Band""",[-0.5333559513092041],"[0, 0, 0, 0]"
164.607231617,,10532,,1583006469,459578990,"""Zero Band""",[-0.5442140698432922],"[0, 0, 0, 0]"
164.611685038,,10533,,1583006469,465322017,"""Zero Band""",[-0.5550722479820251],"[0, 0, 0, 0]"
164.618596792,,10534,,1583006469,469661951,"""Zero Band""",[-0.5659304261207581],"[0, 0, 0, 0]"
164.62389946,,10535,,1583006469,476578950,"""Zero Band""",[-0.576788604259491],"[0, 0, 0, 0]"
164.630303383,,10536,,1583006469,481940031,"""Zero Band""",[-0.5876467227935791],"[0, 0, 0, 0]"
164.636255503,,10537,,1583006469,488311052,"""Zero Band""",[-0.5984727740287781],"[0, 0, 0, 0]"
164.642024279,,10538,,1583006469,494294881,"""Zero Band""",[-0.609330952167511],"[0, 0, 0, 0]"
164.646703482,,10539,,1583006469,500102043,"""Zero Band""",[-0.6201891303062439],"[0, 0, 0, 0]"
164.653185129,,10540,,1583006469,504722118,"""Zero Band""",[-0.6310473084449768],"[0, 0, 0, 0]"
164.658779383,,10541,,1583006469,511162042,"""Zero Band""",[-0.6419054269790649],"[0, 0, 0, 0]"
164.665559769,,10542,,1583006469,516753911,"""Zero Band""",[-0.6527314782142639],"[0, 0, 0, 0]"
164.670694113,,10543,,1583006469,523530006,"""Zero Band""",[-0.6635896563529968],"[0, 0, 0, 0]"
164.676469088,,10544,,1583006469,528736114,"""Zero Band""",[-0.6744478344917297],"[0, 0, 0, 0]"
164.682471275,,10545,,1583006469,534523963,"""Zero Band""",[-0.6853059530258179],"[0, 0, 0, 0]"
164.687980413,,10546,,1583006469,540524005,"""Zero Band""",[-0.6961641311645508],"[0, 0, 0, 0]"
164.693493605,,10547,,1583006469,546017885,"""Zero Band""",[-0.7070223093032837],"[0, 0, 0, 0]"
164.699966431,,10548,,1583006469,551538944,"""Zero Band""",[-0.7178483605384827],"[0, 0, 0, 0]"
164.705264568,,10549,,1583006469,558017969,"""Zero Band""",[-0.7287065386772156],"[0, 0, 0, 0]"
164.71124649,,10550,,1583006469,563334941,"""Zero Band""",[-0.7395646572113037],"[0, 0, 0, 0]"
164.716682196,,10551,,1583006469,569315910,"""Zero Band""",[-0.7504228353500366],"[0, 0, 0, 0]"
164.722961187,,10552,,1583006469,574731111,"""Zero Band""",[-0.7612810134887695],"[0, 0, 0, 0]"
164.729769707,,10553,,1583006469,581115961,"""Zero Band""",[-0.7721070647239685],"[0, 0, 0, 0]"
164.737371445,,10554,,1583006469,589140892,"""Zero Band""",[-0.7612810134887695],"[0, 0, 0, 0]"
164.748831987,,10555,,1583006469,601070880,"""Zero Band""",[-0.7504228353500366],"[0, 0, 0, 0]"
164.78433609,,10556,,1583006469,635183095,"""Zero Band""",[-0.7612810134887695],"[0, 0, 0, 0]"
164.810628414,,10557,,1583006469,663180112,"""Zero Band""",[-0.7504228353500366],"[0, 0, 0, 0]"
164.821170807,,10558,,1583006469,671056985,"""Zero Band""",[-0.7395646572113037],"[0, 0, 0, 0]"
164.826266766,,10559,,1583006469,679210901,"""Zero Band""",[-0.7504228353500366],"[0, 0, 0, 0]"
164.831404686,,10560,,1583006469,685025930,"""Zero Band""",[-0.7612810134887695],"[0, 0, 0, 0]"
164.843077898,,10561,,1583006469,695146083,"""Zero Band""",[-0.7721070647239685],"[0, 0, 0, 0]"
164.856497526,,10562,,1583006469,707226037,"""Zero Band""",[-0.7612810134887695],"[0, 0, 0, 0]"
164.862120628,,10563,,1583006469,715046882,"""Zero Band""",[-0.7504228353500366],"[0, 0, 0, 0]"
164.869218349,,10564,,1583006469,721021890,"""Zero Band""",[-0.7395646572113037],"[0, 0, 0, 0]"
164.874695778,,10565,,1583006469,727293968,"""Zero Band""",[-0.7287065386772156],"[0, 0, 0, 0]"
164.879233122,,10566,,1583006469,732749938,"""Zero Band""",[-0.7178483605384827],"[0, 0, 0, 0]"
164.886081696,,10567,,1583006469,737332105,"""Zero Band""",[-0.7070223093032837],"[0, 0, 0, 0]"
164.891467333,,10568,,1583006469,744213104,"""Zero Band""",[-0.6961641311645508],"[0, 0, 0, 0]"
164.897523403,,10569,,1583006469,749520063,"""Zero Band""",[-0.6853059530258179],"[0, 0, 0, 0]"
164.902901173,,10570,,1583006469,755568981,"""Zero Band""",[-0.6744478344917297],"[0, 0, 0, 0]"
164.907585382,,10571,,1583006469,760886907,"""Zero Band""",[-0.6635896563529968],"[0, 0, 0, 0]"
164.913802147,,10572,,1583006469,765556097,"""Zero Band""",[-0.6527314782142639],"[0, 0, 0, 0]"
164.920479059,,10573,,1583006469,771930932,"""Zero Band""",[-0.6419054269790649],"[0, 0, 0, 0]"
164.925364733,,10574,,1583006469,778458118,"""Zero Band""",[-0.6310473084449768],"[0, 0, 0, 0]"
164.932749033,,10575,,1583006469,783524036,"""Zero Band""",[-0.609330952167511],"[0, 0, 0, 0]"
164.938564062,,10576,,1583006469,790760993,"""Zero Band""",[-0.5984727740287781],"[0, 0, 0, 0]"
164.943842649,,10577,,1583006469,796467065,"""Zero Band""",[-0.5876467227935791],"[0, 0, 0, 0]"
164.951188803,,10578,,1583006469,801822900,"""Zero Band""",[-0.576788604259491],"[0, 0, 0, 0]"
164.956129551,,10579,,1583006469,809159994,"""Zero Band""",[-0.5550722479820251],"[0, 0, 0, 0]"
164.960911989,,10580,,1583006469,814090967,"""Zero Band""",[-0.5442140698432922],"[0, 0, 0, 0]"
164.967518806,,10581,,1583006469,819061040,"""Zero Band""",[-0.5225299000740051],"[0, 0, 0, 0]"
164.972357512,,10582,,1583006469,825501918,"""Zero Band""",[-0.5008135437965393],"[0, 0, 0, 0]"
164.973326206,,10583,,1583006469,830228090,"""Soft-Hard Puff Deadband""",[-0.4790972173213959],"[0, 0, 0, 0]"
164.974288464,,10584,,1583006469,831300973,"""Soft-Hard Puff Deadband""",[-0.4682711958885193],"[0, 0, 0, 0]"
164.975178719,,10585,,1583006469,832261085,"""Soft-Hard Puff Deadband""",[-0.44655486941337585],"[0, 0, 0, 0]"
164.976120234,,10586,,1583006469,833336114,"""Soft-Hard Puff Deadband""",[-0.4248385429382324],"[0, 0, 0, 0]"
164.976957321,,10587,,1583006469,834093093,"""Soft-Hard Puff Deadband""",[-0.4031543433666229],"[0, 0, 0, 0]"
164.977771759,,10588,,1583006469,834923028,"""Soft-Hard Puff Deadband""",[-0.3814379870891571],"[0, 0, 0, 0]"
164.978661776,,10589,,1583006469,835752964,"""Soft-Hard Puff Deadband""",[-0.35972166061401367],"[0, 0, 0, 0]"
164.979988813,,10590,,1583006469,836632013,"""Soft-Hard Puff Deadband""",[-0.3488956391811371],"[0, 0, 0, 0]"
164.981018782,,10591,,1583006469,837759971,"""Soft-Hard Puff Deadband""",[-0.31632113456726074],"[0, 0, 0, 0]"
164.982119322,,10592,,1583006469,838990926,"""Soft-Hard Puff Deadband""",[-0.3054629862308502],"[0, 0, 0, 0]"
164.987649918,,10593,,1583006469,839981079,"""Zero Band""",[-0.28377875685691833],"[0, 0, 0, 0]"
164.99290967,,10594,,1583006469,845654964,"""Zero Band""",[-0.2620624303817749],"[0, 0, 0, 0]"
164.998686075,,10595,,1583006469,850943088,"""Zero Band""",[-0.24034611880779266],"[0, 0, 0, 0]"
165.004624844,,10596,,1583006469,856683969,"""Zero Band""",[-0.21866190433502197],"[0, 0, 0, 0]"
165.009900093,,10597,,1583006469,862611055,"""Zero Band""",[-0.19694557785987854],"[0, 0, 0, 0]"
165.017280579,,10598,,1583006469,867882966,"""Zero Band""",[-0.17526137828826904],"[0, 0, 0, 0]"
165.022092819,,10599,,1583006469,875474929,"""Zero Band""",[-0.1535450518131256],"[0, 0, 0, 0]"
165.028371811,,10600,,1583006469,879952907,"""Zero Band""",[-0.1210026741027832],"[0, 0, 0, 0]"
165.035428047,,10601,,1583006469,886396884,"""Zero Band""",[-0.09928634762763977],"[0, 0, 0, 0]"
165.040705204,,10602,,1583006469,893420934,"""Zero Band""",[-0.07757002115249634],"[0, 0, 0, 0]"
165.047077417,,10603,,1583006469,898503065,"""Zero Band""",[-0.055885814130306244],"[0, 0, 0, 0]"
165.054498434,,10604,,1583006469,905101060,"""Zero Band""",[-0.03416948765516281],"[0, 0, 0, 0]"
165.055314302,,10605,,1583006469,912369012,"""Zero Band""",[-0.0016271184431388974],"[0, 0, 0, 0]"
165.056101561,,10606,,1583006469,913269996,"""Zero Band""",[-0.0],"[0, 0, 0, 0]"
165.056880951,,10607,,1583006469,914077043,"""Zero Band""",[-0.0],"[0, 0, 0, 0]"
165.057682514,,10608,,1583006469,914853096,"""Zero Band""",[-0.0],"[0, 0, 0, 0]"
165.05845046,,10609,,1583006469,915656089,"""Zero Band""",[-0.0],"[0, 0, 0, 0]"
165.058561087,,10610,,1583006469,915656089,"""input stopped""",[-0.0],"[0, 0, 0, 0]"
165.059316635,,10611,,1583006469,916558980,"""Zero Band""",[-0.0],"[0, 0, 0, 0]"
165.060116529,,10612,,1583006469,917370080,"""Zero Band""",[0.0016592431347817183],"[0, 0, 0, 0]"
165.066728354,,10613,,1583006469,918251991,"""Zero Band""",[0.03420161083340645],"[0, 0, 0, 0]"
165.071741581,,10614,,1583006469,924746036,"""Zero Band""",[0.06674397736787796],"[0, 0, 0, 0]"
165.077522516,,10615,,1583006469,929753065,"""Zero Band""",[0.0993184745311737],"[0, 0, 0, 0]"
165.084592342,,10616,,1583006469,935503005,"""Zero Band""",[0.13186083734035492],"[0, 0, 0, 0]"
165.089488983,,10617,,1583006469,942565917,"""Zero Band""",[0.15357716381549835],"[0, 0, 0, 0]"
165.0950737,,10618,,1583006469,947469949,"""Zero Band""",[0.18611954152584076],"[0, 0, 0, 0]"
165.100977421,,10619,,1583006469,953063964,"""Zero Band""",[0.2078358680009842],"[0, 0, 0, 0]"
165.107408762,,10620,,1583006469,958952903,"""Zero Band""",[0.2403782308101654],"[0, 0, 0, 0]"
165.113138676,,10621,,1583006469,965388059,"""Zero Band""",[0.26209455728530884],"[0, 0, 0, 0]"
165.119219303,,10622,,1583006469,971131086,"""Zero Band""",[0.28381088376045227],"[0, 0, 0, 0]"
165.120052576,,10623,,1583006469,977197885,"""Soft-Hard Sip Deadband""",[0.3163532614707947],"[0, 0, 0, 0]"
165.120932817,,10624,,1583006469,978028059,"""Soft-Hard Sip Deadband""",[0.3272114396095276],"[0, 0, 0, 0]"
165.121725798,,10625,,1583006469,978909969,"""Soft-Hard Sip Deadband""",[0.348927766084671],"[0, 0, 0, 0]"
165.122517347,,10626,,1583006469,979702949,"""Soft-Hard Sip Deadband""",[0.38147011399269104],"[0, 0, 0, 0]"
165.123434782,,10627,,1583006469,980489015,"""Soft-Hard Sip Deadband""",[0.39232829213142395],"[0, 0, 0, 0]"
165.124162674,,10628,,1583006469,981312990,"""Soft-Hard Sip Deadband""",[0.4140446186065674],"[0, 0, 0, 0]"
165.125034571,,10629,,1583006469,982321023,"""Soft-Hard Sip Deadband""",[0.4357288181781769],"[0, 0, 0, 0]"
165.125817537,,10630,,1583006469,983004093,"""Soft-Hard Sip Deadband""",[0.4574451446533203],"[0, 0, 0, 0]"
165.126592636,,10631,,1583006469,983788967,"""Soft-Hard Sip Deadband""",[0.4791293442249298],"[0, 0, 0, 0]"
165.131652594,,10632,,1583006469,984572887,"""Hard Sip""",[0.5117038488388062],"[0, 0, 0, 1]"
165.137910843,,10633,,1583006469,989653110,"""Hard Sip""",[0.5225620269775391],"[0, 0, 0, 1]"
165.144366264,,10634,,1583006469,995975971,"""Hard Sip""",[0.5442461967468262],"[0, 0, 0, 1]"
165.149512291,,10635,,1583006470,2340078,"""Hard Sip""",[0.565962553024292],"[0, 0, 0, 1]"
165.155355453,,10636,,1583006470,7700920,"""Zero Band""",[0.587678849697113],"[0, 0, 0, 0]"
165.161797762,,10637,,1583006470,13350963,"""Zero Band""",[0.598504900932312],"[0, 0, 0, 0]"
165.167634726,,10638,,1583006470,19798994,"""Zero Band""",[0.6202212572097778],"[0, 0, 0, 0]"
165.17445612,,10639,,1583006470,25608062,"""Zero Band""",[0.6310794353485107],"[0, 0, 0, 0]"
165.179464102,,10640,,1583006470,32433032,"""Zero Band""",[0.6419375538825989],"[0, 0, 0, 0]"
165.184721231,,10641,,1583006470,37312984,"""Zero Band""",[0.6527636051177979],"[0, 0, 0, 0]"
165.19089365,,10642,,1583006470,42684078,"""Zero Band""",[0.6744799613952637],"[0, 0, 0, 0]"
165.196986198,,10643,,1583006470,48873901,"""Zero Band""",[0.6961962580680847],"[0, 0, 0, 0]"
165.203868866,,10644,,1583006470,55345058,"""Zero Band""",[0.7070544362068176],"[0, 0, 0, 0]"
165.210718632,,10645,,1583006470,61902999,"""Zero Band""",[0.7178804874420166],"[0, 0, 0, 0]"
165.216668844,,10646,,1583006470,68695068,"""Zero Band""",[0.7287386655807495],"[0, 0, 0, 0]"
165.221899986,,10647,,1583006470,74657917,"""Zero Band""",[0.7395967841148376],"[0, 0, 0, 0]"
165.22714138,,10648,,1583006470,79885005,"""Zero Band""",[0.7504549622535706],"[0, 0, 0, 0]"
165.232199669,,10649,,1583006470,85124015,"""Zero Band""",[0.7613131403923035],"[0, 0, 0, 0]"
165.239497185,,10650,,1583006470,90171098,"""Zero Band""",[0.7721391916275024],"[0, 0, 0, 0]"
165.24615407,,10651,,1583006470,97474098,"""Zero Band""",[0.7829973101615906],"[0, 0, 0, 0]"
165.252164841,,10652,,1583006470,104124069,"""Zero Band""",[0.7938554883003235],"[0, 0, 0, 0]"
165.257482767,,10653,,1583006470,110156059,"""Zero Band""",[0.8155718445777893],"[0, 0, 0, 0]"
165.26367569,,10654,,1583006470,115457057,"""Zero Band""",[0.8263978958129883],"[0, 0, 0, 0]"
165.270915985,,10655,,1583006470,121649026,"""Zero Band""",[0.8372560143470764],"[0, 0, 0, 0]"
165.276097536,,10656,,1583006470,128889083,"""Zero Band""",[0.8481141924858093],"[0, 0, 0, 0]"
165.2815485,,10657,,1583006470,134118080,"""Zero Band""",[0.8698305487632751],"[0, 0, 0, 0]"
165.287732601,,10658,,1583006470,139523983,"""Zero Band""",[0.8806886672973633],"[0, 0, 0, 0]"
165.292406082,,10659,,1583006470,145706892,"""Zero Band""",[0.8915147185325623],"[0, 0, 0, 0]"
165.298027039,,10660,,1583006470,150376081,"""Zero Band""",[0.9023728966712952],"[0, 0, 0, 0]"
165.305598021,,10661,,1583006470,156049966,"""Zero Band""",[0.9132310748100281],"[0, 0, 0, 0]"
165.310998678,,10662,,1583006470,163582086,"""Zero Band""",[0.924089252948761],"[0, 0, 0, 0]"
165.316131115,,10663,,1583006470,168997049,"""Zero Band""",[0.9349473714828491],"[0, 0, 0, 0]"
165.324359417,,10664,,1583006470,174139022,"""Zero Band""",[0.9457734227180481],"[0, 0, 0, 0]"
165.329317808,,10665,,1583006470,182107925,"""Zero Band""",[0.956631600856781],"[0, 0, 0, 0]"
165.337209225,,10666,,1583006470,187297105,"""Zero Band""",[0.9674897789955139],"[0, 0, 0, 0]"
165.343867302,,10667,,1583006470,195182085,"""Zero Band""",[0.978347897529602],"[0, 0, 0, 0]"
165.348734617,,10668,,1583006470,201883077,"""Zero Band""",[1.0],"[0, 0, 0, 0]"
165.709093571,,10669,,1583006470,561234951,"""Zero Band""",[0.956631600856781],"[0, 0, 0, 0]"
165.714092493,,10670,,1583006470,567183017,"""Zero Band""",[0.8915147185325623],"[0, 0, 0, 0]"
165.720487118,,10671,,1583006470,571751117,"""Zero Band""",[0.8155718445777893],"[0, 0, 0, 0]"
165.727633476,,10672,,1583006470,578655004,"""Zero Band""",[0.7504549622535706],"[0, 0, 0, 0]"
165.733310699,,10673,,1583006470,585530996,"""Zero Band""",[0.6961962580680847],"[0, 0, 0, 0]"
165.740140676,,10674,,1583006470,591308116,"""Zero Band""",[0.6419375538825989],"[0, 0, 0, 0]"
165.745255709,,10675,,1583006470,598126888,"""Zero Band""",[0.587678849697113],"[0, 0, 0, 0]"
165.750008821,,10676,,1583006470,603401899,"""Zero Band""",[0.533388078212738],"[0, 0, 0, 0]"
165.75091815,,10677,,1583006470,607995986,"""Soft-Hard Sip Deadband""",[0.4791293442249298],"[0, 0, 0, 0]"
165.752274036,,10678,,1583006470,608896970,"""Soft-Hard Sip Deadband""",[0.4465869963169098],"[0, 0, 0, 0]"
165.752999783,,10679,,1583006470,610150098,"""Soft-Hard Sip Deadband""",[0.4031864404678345],"[0, 0, 0, 0]"
165.753841162,,10680,,1583006470,610986948,"""Soft-Hard Sip Deadband""",[0.3597537875175476],"[0, 0, 0, 0]"
165.754607916,,10681,,1583006470,611828088,"""Soft-Hard Sip Deadband""",[0.3272114396095276],"[0, 0, 0, 0]"
165.761201859,,10682,,1583006470,612591028,"""Zero Band""",[0.2946690618991852],"[0, 0, 0, 0]"
165.766052723,,10683,,1583006470,619200944,"""Zero Band""",[0.2512364089488983],"[0, 0, 0, 0]"
165.773692608,,10684,,1583006470,624037981,"""Zero Band""",[0.2186940312385559],"[0, 0, 0, 0]"
165.778305292,,10685,,1583006470,631675958,"""Zero Band""",[0.19697770476341248],"[0, 0, 0, 0]"
165.782968521,,10686,,1583006470,636382102,"""Zero Band""",[0.15357716381549835],"[0, 0, 0, 0]"
165.788940907,,10687,,1583006470,641052961,"""Zero Band""",[0.13186083734035492],"[0, 0, 0, 0]"
165.793469667,,10688,,1583006470,646948099,"""Zero Band""",[0.0993184745311737],"[0, 0, 0, 0]"
165.798439741,,10689,,1583006470,651436090,"""Zero Band""",[0.07760214805603027],"[0, 0, 0, 0]"
165.804596663,,10690,,1583006470,656404972,"""Zero Band""",[0.05591794103384018],"[0, 0, 0, 0]"
165.809982538,,10691,,1583006470,662590026,"""Zero Band""",[0.012485282495617867],"[0, 0, 0, 0]"
165.810842991,,10692,,1583006470,667958021,"""Zero Band""",[-0.0],"[0, 0, 0, 0]"
165.811625004,,10693,,1583006470,668826103,"""Zero Band""",[-0.0],"[0, 0, 0, 0]"
165.812362671,,10694,,1583006470,669595956,"""Zero Band""",[-0.0],"[0, 0, 0, 0]"
165.813111544,,10695,,1583006470,670337915,"""Zero Band""",[-0.0],"[0, 0, 0, 0]"
165.813909531,,10696,,1583006470,671158075,"""Zero Band""",[-0.0],"[0, 0, 0, 0]"
165.813966036,,10697,,1583006470,671158075,"""input stopped""",[-0.0],"[0, 0, 0, 0]"
166.453227997,,10698,,1583006471,310044050,"""Zero Band""",[-0.0],"[0, 0, 0, 0]"
166.460081339,,10699,,1583006471,317104101,"""Zero Band""",[-0.0],"[0, 0, 0, 0]"
166.463908911,,10700,,1583006471,321048021,"""Zero Band""",[-0.0],"[0, 0, 0, 0]"
166.465967894,,10701,,1583006471,323064088,"""Zero Band""",[-0.0],"[0, 0, 0, 0]"
166.472253561,,10702,,1583006471,329107046,"""Zero Band""",[-0.0],"[0, 0, 0, 0]"
166.473796129,,10703,,1583006471,331043958,"""Zero Band""",[0.0016592431347817183],"[0, 0, 0, 0]"
166.485182047,,10704,,1583006471,337073087,"""Zero Band""",[0.012485282495617867],"[0, 0, 0, 0]"
166.491556644,,10705,,1583006471,343259096,"""Zero Band""",[0.023343447595834732],"[0, 0, 0, 0]"
166.497310638,,10706,,1583006471,349632978,"""Zero Band""",[0.03420161083340645],"[0, 0, 0, 0]"
166.50281024,,10707,,1583006471,355283975,"""Zero Band""",[0.04505977779626846],"[0, 0, 0, 0]"
166.510100365,,10708,,1583006471,360850095,"""Zero Band""",[0.05591794103384018],"[0, 0, 0, 0]"
166.516011477,,10709,,1583006471,368140935,"""Zero Band""",[0.06674397736787796],"[0, 0, 0, 0]"
166.522269964,,10710,,1583006471,374027013,"""Zero Band""",[0.07760214805603027],"[0, 0, 0, 0]"
166.527193069,,10711,,1583006471,380347013,"""Zero Band""",[0.08846031129360199],"[0, 0, 0, 0]"
166.535777569,,10712,,1583006471,387054920,"""Zero Band""",[0.0993184745311737],"[0, 0, 0, 0]"
166.544479609,,10713,,1583006471,397073030,"""Zero Band""",[0.11017663776874542],"[0, 0, 0, 0]"
166.555573225,,10714,,1583006471,407141923,"""Zero Band""",[0.12103480100631714],"[0, 0, 0, 0]"
166.572346926,,10715,,1583006471,423201084,"""Zero Band""",[0.13186083734035492],"[0, 0, 0, 0]"
166.578634501,,10716,,1583006471,431057929,"""Zero Band""",[0.14271900057792664],"[0, 0, 0, 0]"
166.585805416,,10717,,1583006471,436624050,"""Zero Band""",[0.15357716381549835],"[0, 0, 0, 0]"
166.59192729,,10718,,1583006471,443875074,"""Zero Band""",[0.16443534195423126],"[0, 0, 0, 0]"
166.597203493,,10719,,1583006471,449968099,"""Zero Band""",[0.17529350519180298],"[0, 0, 0, 0]"
166.602844715,,10720,,1583006471,455219984,"""Zero Band""",[0.18611954152584076],"[0, 0, 0, 0]"
166.608694553,,10721,,1583006471,460928916,"""Zero Band""",[0.19697770476341248],"[0, 0, 0, 0]"
166.616387367,,10722,,1583006471,466831922,"""Zero Band""",[0.2078358680009842],"[0, 0, 0, 0]"
166.624276161,,10723,,1583006471,474498987,"""Zero Band""",[0.2186940312385559],"[0, 0, 0, 0]"
166.632546663,,10724,,1583006471,482367992,"""Zero Band""",[0.22955219447612762],"[0, 0, 0, 0]"
166.642345667,,10725,,1583006471,490510940,"""Zero Band""",[0.2403782308101654],"[0, 0, 0, 0]"
166.65007782,,10726,,1583006471,500494003,"""Zero Band""",[0.2512364089488983],"[0, 0, 0, 0]"
166.657302141,,10727,,1583006471,508090019,"""Zero Band""",[0.26209455728530884],"[0, 0, 0, 0]"
166.662006378,,10728,,1583006471,515341997,"""Zero Band""",[0.27295273542404175],"[0, 0, 0, 0]"
166.667481661,,10729,,1583006471,519998073,"""Zero Band""",[0.28381088376045227],"[0, 0, 0, 0]"
166.672467947,,10730,,1583006471,525547981,"""Zero Band""",[0.27295273542404175],"[0, 0, 0, 0]"
166.680255651,,10731,,1583006471,530530929,"""Zero Band""",[0.26209455728530884],"[0, 0, 0, 0]"
166.685730219,,10732,,1583006471,538240909,"""Zero Band""",[0.2512364089488983],"[0, 0, 0, 0]"
166.690225601,,10733,,1583006471,543606996,"""Zero Band""",[0.2403782308101654],"[0, 0, 0, 0]"
166.698237658,,10734,,1583006471,548295021,"""Zero Band""",[0.22955219447612762],"[0, 0, 0, 0]"
166.70326519,,10735,,1583006471,556220054,"""Zero Band""",[0.2186940312385559],"[0, 0, 0, 0]"
166.710588932,,10736,,1583006471,561422109,"""Zero Band""",[0.2078358680009842],"[0, 0, 0, 0]"
166.716695309,,10737,,1583006471,568562030,"""Zero Band""",[0.19697770476341248],"[0, 0, 0, 0]"
166.722306252,,10738,,1583006471,574703931,"""Zero Band""",[0.18611954152584076],"[0, 0, 0, 0]"
166.728226423,,10739,,1583006471,580194950,"""Zero Band""",[0.17529350519180298],"[0, 0, 0, 0]"
166.732650995,,10740,,1583006471,586117029,"""Zero Band""",[0.16443534195423126],"[0, 0, 0, 0]"
166.737605572,,10741,,1583006471,590748071,"""Zero Band""",[0.15357716381549835],"[0, 0, 0, 0]"
166.744872808,,10742,,1583006471,595590114,"""Zero Band""",[0.16443534195423126],"[0, 0, 0, 0]"
166.751073122,,10743,,1583006471,602859020,"""Zero Band""",[0.17529350519180298],"[0, 0, 0, 0]"
166.755985975,,10744,,1583006471,609044075,"""Zero Band""",[0.18611954152584076],"[0, 0, 0, 0]"
166.762747288,,10745,,1583006471,614111900,"""Zero Band""",[0.19697770476341248],"[0, 0, 0, 0]"
166.768780231,,10746,,1583006471,620732069,"""Zero Band""",[0.2078358680009842],"[0, 0, 0, 0]"
166.775333643,,10747,,1583006471,626631975,"""Zero Band""",[0.2186940312385559],"[0, 0, 0, 0]"
166.781698942,,10748,,1583006471,632915973,"""Zero Band""",[0.22955219447612762],"[0, 0, 0, 0]"
166.786865234,,10749,,1583006471,639672994,"""Zero Band""",[0.2403782308101654],"[0, 0, 0, 0]"
166.792355061,,10750,,1583006471,644715070,"""Zero Band""",[0.2512364089488983],"[0, 0, 0, 0]"
166.799232006,,10751,,1583006471,650340080,"""Zero Band""",[0.26209455728530884],"[0, 0, 0, 0]"
166.805090666,,10752,,1583006471,657217025,"""Zero Band""",[0.28381088376045227],"[0, 0, 0, 0]"
166.811882496,,10753,,1583006471,663070917,"""Zero Band""",[0.2946690618991852],"[0, 0, 0, 0]"
166.812882185,,10754,,1583006471,670094966,"""Soft-Hard Sip Deadband""",[0.30549511313438416],"[0, 0, 0, 0]"
166.813593149,,10755,,1583006471,670857906,"""Soft-Hard Sip Deadband""",[0.3163532614707947],"[0, 0, 0, 0]"
166.814436674,,10756,,1583006471,671590089,"""Soft-Hard Sip Deadband""",[0.3272114396095276],"[0, 0, 0, 0]"
166.815341711,,10757,,1583006471,672435998,"""Soft-Hard Sip Deadband""",[0.3380695879459381],"[0, 0, 0, 0]"
166.816229582,,10758,,1583006471,673352956,"""Soft-Hard Sip Deadband""",[0.348927766084671],"[0, 0, 0, 0]"
166.817209959,,10759,,1583006471,674200057,"""Soft-Hard Sip Deadband""",[0.3597537875175476],"[0, 0, 0, 0]"
166.818283796,,10760,,1583006471,675066947,"""Soft-Hard Sip Deadband""",[0.3706119656562805],"[0, 0, 0, 0]"
166.819319963,,10761,,1583006471,676294088,"""Soft-Hard Sip Deadband""",[0.38147011399269104],"[0, 0, 0, 0]"
166.820327997,,10762,,1583006471,677304983,"""Soft-Hard Sip Deadband""",[0.3706119656562805],"[0, 0, 0, 0]"
166.821341753,,10763,,1583006471,678312063,"""Soft-Hard Sip Deadband""",[0.3597537875175476],"[0, 0, 0, 0]"
166.822335482,,10764,,1583006471,679332971,"""Soft-Hard Sip Deadband""",[0.348927766084671],"[0, 0, 0, 0]"
166.823260546,,10765,,1583006471,680325031,"""Soft-Hard Sip Deadband""",[0.3380695879459381],"[0, 0, 0, 0]"
166.824249268,,10766,,1583006471,681292057,"""Soft-Hard Sip Deadband""",[0.3272114396095276],"[0, 0, 0, 0]"
166.825019121,,10767,,1583006471,682133913,"""Soft-Hard Sip Deadband""",[0.3163532614707947],"[0, 0, 0, 0]"
166.825834036,,10768,,1583006471,683043003,"""Soft-Hard Sip Deadband""",[0.30549511313438416],"[0, 0, 0, 0]"
166.830824375,,10769,,1583006471,683835983,"""Zero Band""",[0.2946690618991852],"[0, 0, 0, 0]"
166.838275194,,10770,,1583006471,688581943,"""Zero Band""",[0.28381088376045227],"[0, 0, 0, 0]"
166.84361577,,10771,,1583006471,696285009,"""Zero Band""",[0.27295273542404175],"[0, 0, 0, 0]"
166.848808289,,10772,,1583006471,701611995,"""Zero Band""",[0.26209455728530884],"[0, 0, 0, 0]"
166.854344606,,10773,,1583006471,706784009,"""Zero Band""",[0.2512364089488983],"[0, 0, 0, 0]"
166.860551596,,10774,,1583006471,712533950,"""Zero Band""",[0.2403782308101654],"[0, 0, 0, 0]"
166.866118908,,10775,,1583006471,718528985,"""Zero Band""",[0.22955219447612762],"[0, 0, 0, 0]"
166.873522758,,10776,,1583006471,724280118,"""Zero Band""",[0.2512364089488983],"[0, 0, 0, 0]"
166.88011384,,10777,,1583006471,731580018,"""Zero Band""",[0.26209455728530884],"[0, 0, 0, 0]"
166.886138916,,10778,,1583006471,737795114,"""Zero Band""",[0.27295273542404175],"[0, 0, 0, 0]"
166.890647411,,10779,,1583006471,744121074,"""Zero Band""",[0.28381088376045227],"[0, 0, 0, 0]"
166.896227598,,10780,,1583006471,748625993,"""Zero Band""",[0.2946690618991852],"[0, 0, 0, 0]"
166.897458315,,10781,,1583006471,754204034,"""Soft-Hard Sip Deadband""",[0.30549511313438416],"[0, 0, 0, 0]"
166.898256779,,10782,,1583006471,755140066,"""Soft-Hard Sip Deadband""",[0.3272114396095276],"[0, 0, 0, 0]"
166.89915967,,10783,,1583006471,756230115,"""Soft-Hard Sip Deadband""",[0.348927766084671],"[0, 0, 0, 0]"
166.90004468,,10784,,1583006471,757121086,"""Soft-Hard Sip Deadband""",[0.3706119656562805],"[0, 0, 0, 0]"
166.900756836,,10785,,1583006471,758040904,"""Soft-Hard Sip Deadband""",[0.39232829213142395],"[0, 0, 0, 0]"
166.901507378,,10786,,1583006471,758754968,"""Soft-Hard Sip Deadband""",[0.42487066984176636],"[0, 0, 0, 0]"
166.902439117,,10787,,1583006471,759494066,"""Soft-Hard Sip Deadband""",[0.4574451446533203],"[0, 0, 0, 0]"
166.90331912,,10788,,1583006471,760420083,"""Soft-Hard Sip Deadband""",[0.4791293442249298],"[0, 0, 0, 0]"
166.908938169,,10789,,1583006471,761312007,"""Zero Band""",[0.5008456707000732],"[0, 0, 0, 0]"
166.913959742,,10790,,1583006471,766911029,"""Zero Band""",[0.5225620269775391],"[0, 0, 0, 0]"
166.920595884,,10791,,1583006471,771955013,"""Zero Band""",[0.5442461967468262],"[0, 0, 0, 0]"
166.925672054,,10792,,1583006471,778827905,"""Zero Band""",[0.5768207311630249],"[0, 0, 0, 0]"
166.932406902,,10793,,1583006471,783675909,"""Zero Band""",[0.587678849697113],"[0, 0, 0, 0]"
166.94048357,,10794,,1583006471,790386915,"""Zero Band""",[0.6093630790710449],"[0, 0, 0, 0]"
166.946537495,,10795,,1583006471,798451900,"""Zero Band""",[0.6202212572097778],"[0, 0, 0, 0]"
166.951824427,,10796,,1583006471,804533958,"""Zero Band""",[0.6310794353485107],"[0, 0, 0, 0]"
166.956907034,,10797,,1583006471,809807062,"""Zero Band""",[0.6419375538825989],"[0, 0, 0, 0]"
166.96181035,,10798,,1583006471,814887046,"""Zero Band""",[0.6527636051177979],"[0, 0, 0, 0]"
166.969675064,,10799,,1583006471,819792985,"""Zero Band""",[0.6636217832565308],"[0, 0, 0, 0]"
166.975224257,,10800,,1583006471,827666997,"""Zero Band""",[0.6527636051177979],"[0, 0, 0, 0]"
166.980097055,,10801,,1583006471,833194971,"""Zero Band""",[0.6419375538825989],"[0, 0, 0, 0]"
166.987520456,,10802,,1583006471,838104009,"""Zero Band""",[0.6202212572097778],"[0, 0, 0, 0]"
166.99216938,,10803,,1583006471,845504045,"""Zero Band""",[0.6093630790710449],"[0, 0, 0, 0]"
166.997362852,,10804,,1583006471,850148916,"""Zero Band""",[0.587678849697113],"[0, 0, 0, 0]"
167.00315094,,10805,,1583006471,855365037,"""Zero Band""",[0.565962553024292],"[0, 0, 0, 0]"
167.008877993,,10806,,1583006471,861176013,"""Zero Band""",[0.5551043748855591],"[0, 0, 0, 0]"
167.014668226,,10807,,1583006471,866883993,"""Zero Band""",[0.5117038488388062],"[0, 0, 0, 0]"
167.015795469,,10808,,1583006471,872642040,"""Soft-Hard Sip Deadband""",[0.4899875223636627],"[0, 0, 0, 0]"
167.017055273,,10809,,1583006471,874073982,"""Soft-Hard Sip Deadband""",[0.4683033227920532],"[0, 0, 0, 0]"
167.018020391,,10810,,1583006471,875020980,"""Soft-Hard Sip Deadband""",[0.4574451446533203],"[0, 0, 0, 0]"
167.019075155,,10811,,1583006471,875973939,"""Soft-Hard Sip Deadband""",[0.42487066984176636],"[0, 0, 0, 0]"
167.020192862,,10812,,1583006471,877054929,"""Soft-Hard Sip Deadband""",[0.4140446186065674],"[0, 0, 0, 0]"
167.021143913,,10813,,1583006471,878155946,"""Soft-Hard Sip Deadband""",[0.39232829213142395],"[0, 0, 0, 0]"
167.022006989,,10814,,1583006471,879115104,"""Soft-Hard Sip Deadband""",[0.3706119656562805],"[0, 0, 0, 0]"
167.022876501,,10815,,1583006471,879978895,"""Soft-Hard Sip Deadband""",[0.348927766084671],"[0, 0, 0, 0]"
167.023787022,,10816,,1583006471,880830049,"""Soft-Hard Sip Deadband""",[0.3380695879459381],"[0, 0, 0, 0]"
167.0247159,,10817,,1583006471,881680011,"""Soft-Hard Sip Deadband""",[0.3163532614707947],"[0, 0, 0, 0]"
167.025820732,,10818,,1583006471,882689952,"""Soft-Hard Sip Deadband""",[0.30549511313438416],"[0, 0, 0, 0]"
167.031302691,,10819,,1583006471,883704900,"""Zero Band""",[0.2946690618991852],"[0, 0, 0, 0]"
167.036703587,,10820,,1583006471,889261960,"""Zero Band""",[0.27295273542404175],"[0, 0, 0, 0]"
167.04271102,,10821,,1583006471,894685029,"""Zero Band""",[0.26209455728530884],"[0, 0, 0, 0]"
167.048854351,,10822,,1583006471,900681018,"""Zero Band""",[0.2512364089488983],"[0, 0, 0, 0]"
167.055556536,,10823,,1583006471,906843900,"""Zero Band""",[0.2403782308101654],"[0, 0, 0, 0]"
167.062637568,,10824,,1583006471,913568019,"""Zero Band""",[0.22955219447612762],"[0, 0, 0, 0]"
167.069834471,,10825,,1583006471,920663118,"""Zero Band""",[0.2186940312385559],"[0, 0, 0, 0]"
167.074798584,,10826,,1583006471,927861928,"""Zero Band""",[0.2078358680009842],"[0, 0, 0, 0]"
167.07967782,,10827,,1583006471,932776927,"""Zero Band""",[0.19697770476341248],"[0, 0, 0, 0]"
167.085652113,,10828,,1583006471,937659978,"""Zero Band""",[0.2078358680009842],"[0, 0, 0, 0]"
167.091443539,,10829,,1583006471,943627119,"""Zero Band""",[0.2186940312385559],"[0, 0, 0, 0]"
167.097843409,,10830,,1583006471,949419021,"""Zero Band""",[0.22955219447612762],"[0, 0, 0, 0]"
167.103270769,,10831,,1583006471,955787897,"""Zero Band""",[0.2403782308101654],"[0, 0, 0, 0]"
167.107968807,,10832,,1583006471,961122989,"""Zero Band""",[0.2512364089488983],"[0, 0, 0, 0]"
167.11498332,,10833,,1583006471,965948104,"""Zero Band""",[0.26209455728530884],"[0, 0, 0, 0]"
167.122691631,,10834,,1583006471,972955942,"""Zero Band""",[0.27295273542404175],"[0, 0, 0, 0]"
167.128360271,,10835,,1583006471,980508089,"""Zero Band""",[0.28381088376045227],"[0, 0, 0, 0]"
167.133409262,,10836,,1583006471,986335039,"""Zero Band""",[0.2946690618991852],"[0, 0, 0, 0]"
167.134472609,,10837,,1583006471,991400957,"""Soft-Hard Sip Deadband""",[0.30549511313438416],"[0, 0, 0, 0]"
167.136112928,,10838,,1583006471,992923974,"""Soft-Hard Sip Deadband""",[0.3163532614707947],"[0, 0, 0, 0]"
167.137221575,,10839,,1583006471,994086980,"""Soft-Hard Sip Deadband""",[0.3272114396095276],"[0, 0, 0, 0]"
167.138055325,,10840,,1583006471,995208978,"""Soft-Hard Sip Deadband""",[0.3380695879459381],"[0, 0, 0, 0]"
167.138905287,,10841,,1583006471,996051073,"""Soft-Hard Sip Deadband""",[0.348927766084671],"[0, 0, 0, 0]"
167.139812708,,10842,,1583006471,996896982,"""Soft-Hard Sip Deadband""",[0.3597537875175476],"[0, 0, 0, 0]"
167.140755892,,10843,,1583006471,997787952,"""Soft-Hard Sip Deadband""",[0.38147011399269104],"[0, 0, 0, 0]"
167.141649008,,10844,,1583006471,998733043,"""Soft-Hard Sip Deadband""",[0.4031864404678345],"[0, 0, 0, 0]"
167.142462015,,10845,,1583006471,999629020,"""Soft-Hard Sip Deadband""",[0.4140446186065674],"[0, 0, 0, 0]"
167.143307209,,10846,,1583006472,436067,"""Soft-Hard Sip Deadband""",[0.42487066984176636],"[0, 0, 0, 0]"
167.14398694,,10847,,1583006472,1223087,"""Soft-Hard Sip Deadband""",[0.4465869963169098],"[0, 0, 0, 0]"
167.144702911,,10848,,1583006472,1962900,"""Soft-Hard Sip Deadband""",[0.4683033227920532],"[0, 0, 0, 0]"
167.145566702,,10849,,1583006472,2686023,"""Soft-Hard Sip Deadband""",[0.4791293442249298],"[0, 0, 0, 0]"
167.146414757,,10850,,1583006472,3545999,"""Soft-Hard Sip Deadband""",[0.4899875223636627],"[0, 0, 0, 0]"
167.151446819,,10851,,1583006472,4374980,"""Zero Band""",[0.5008456707000732],"[0, 0, 0, 0]"
167.158560514,,10852,,1583006472,9421110,"""Zero Band""",[0.5117038488388062],"[0, 0, 0, 0]"
167.16380024,,10853,,1583006472,16541004,"""Zero Band""",[0.5225620269775391],"[0, 0, 0, 0]"
167.169707537,,10854,,1583006472,21797895,"""Zero Band""",[0.5117038488388062],"[0, 0, 0, 0]"
167.176045895,,10855,,1583006472,27682065,"""Zero Band""",[0.5008456707000732],"[0, 0, 0, 0]"
167.176784754,,10856,,1583006472,33930063,"""Soft-Hard Sip Deadband""",[0.4899875223636627],"[0, 0, 0, 0]"
167.17748189,,10857,,1583006472,34771919,"""Soft-Hard Sip Deadband""",[0.4791293442249298],"[0, 0, 0, 0]"
167.178169489,,10858,,1583006472,35486936,"""Soft-Hard Sip Deadband""",[0.4574451446533203],"[0, 0, 0, 0]"
167.178833485,,10859,,1583006472,36144018,"""Soft-Hard Sip Deadband""",[0.4465869963169098],"[0, 0, 0, 0]"
167.179512739,,10860,,1583006472,36791086,"""Soft-Hard Sip Deadband""",[0.4357288181781769],"[0, 0, 0, 0]"
167.180434227,,10861,,1583006472,37486076,"""Soft-Hard Sip Deadband""",[0.4140446186065674],"[0, 0, 0, 0]"
167.181421041,,10862,,1583006472,38407087,"""Soft-Hard Sip Deadband""",[0.4031864404678345],"[0, 0, 0, 0]"
167.182012796,,10863,,1583006472,39206027,"""Soft-Hard Sip Deadband""",[0.38147011399269104],"[0, 0, 0, 0]"
167.183042288,,10864,,1583006472,39990901,"""Soft-Hard Sip Deadband""",[0.3706119656562805],"[0, 0, 0, 0]"
167.184006691,,10865,,1583006472,40771961,"""Soft-Hard Sip Deadband""",[0.348927766084671],"[0, 0, 0, 0]"
167.185176373,,10866,,1583006472,41975021,"""Soft-Hard Sip Deadband""",[0.3380695879459381],"[0, 0, 0, 0]"
167.186318874,,10867,,1583006472,43173074,"""Soft-Hard Sip Deadband""",[0.3163532614707947],"[0, 0, 0, 0]"
167.19209981,,10868,,1583006472,44285058,"""Zero Band""",[0.2946690618991852],"[0, 0, 0, 0]"
167.197983503,,10869,,1583006472,50308942,"""Zero Band""",[0.27295273542404175],"[0, 0, 0, 0]"
167.203526735,,10870,,1583006472,55951118,"""Zero Band""",[0.26209455728530884],"[0, 0, 0, 0]"
167.208232641,,10871,,1583006472,61533927,"""Zero Band""",[0.2186940312385559],"[0, 0, 0, 0]"
167.213749647,,10872,,1583006472,66215991,"""Zero Band""",[0.2078358680009842],"[0, 0, 0, 0]"
167.220820665,,10873,,1583006472,71717023,"""Zero Band""",[0.19697770476341248],"[0, 0, 0, 0]"
167.226240158,,10874,,1583006472,78711986,"""Zero Band""",[0.17529350519180298],"[0, 0, 0, 0]"
167.230606794,,10875,,1583006472,84223031,"""Zero Band""",[0.16443534195423126],"[0, 0, 0, 0]"
167.236524105,,10876,,1583006472,88584899,"""Zero Band""",[0.14271900057792664],"[0, 0, 0, 0]"
167.242887974,,10877,,1583006472,94414949,"""Zero Band""",[0.13186083734035492],"[0, 0, 0, 0]"
167.247750759,,10878,,1583006472,100869894,"""Zero Band""",[0.12103480100631714],"[0, 0, 0, 0]"
167.255025864,,10879,,1583006472,105724096,"""Zero Band""",[0.11017663776874542],"[0, 0, 0, 0]"
167.261840582,,10880,,1583006472,113020896,"""Zero Band""",[0.0993184745311737],"[0, 0, 0, 0]"
167.268452883,,10881,,1583006472,119815111,"""Zero Band""",[0.08846031129360199],"[0, 0, 0, 0]"
167.273991823,,10882,,1583006472,126480102,"""Zero Band""",[0.07760214805603027],"[0, 0, 0, 0]"
167.279791594,,10883,,1583006472,131977081,"""Zero Band""",[0.06674397736787796],"[0, 0, 0, 0]"
167.285333872,,10884,,1583006472,137790918,"""Zero Band""",[0.05591794103384018],"[0, 0, 0, 0]"
167.29026866,,10885,,1583006472,143372058,"""Zero Band""",[0.04505977779626846],"[0, 0, 0, 0]"
167.295996904,,10886,,1583006472,148251056,"""Zero Band""",[0.03420161083340645],"[0, 0, 0, 0]"
167.301638842,,10887,,1583006472,153973102,"""Zero Band""",[0.023343447595834732],"[0, 0, 0, 0]"
167.308611393,,10888,,1583006472,159492969,"""Zero Band""",[0.012485282495617867],"[0, 0, 0, 0]"
167.309433222,,10889,,1583006472,166599035,"""Zero Band""",[0.0016592431347817183],"[0, 0, 0, 0]"
167.310236454,,10890,,1583006472,167408943,"""Zero Band""",[-0.0],"[0, 0, 0, 0]"
167.310949802,,10891,,1583006472,168127059,"""Zero Band""",[-0.0],"[0, 0, 0, 0]"
167.311741114,,10892,,1583006472,168947935,"""Zero Band""",[-0.0],"[0, 0, 0, 0]"
167.312604666,,10893,,1583006472,169708013,"""Zero Band""",[-0.0],"[0, 0, 0, 0]"
167.313448191,,10894,,1583006472,170562982,"""Zero Band""",[-0.0],"[0, 0, 0, 0]"
167.314203978,,10895,,1583006472,171433925,"""Zero Band""",[-0.0],"[0, 0, 0, 0]"
167.31425643,,10896,,1583006472,171433925,"""input stopped""",[-0.0],"[0, 0, 0, 0]"
167.315128565,,10897,,1583006472,172344923,"""Zero Band""",[-0.0],"[0, 0, 0, 0]"
167.315913677,,10898,,1583006472,173211097,"""Zero Band""",[-0.0],"[0, 0, 0, 0]"
167.316640854,,10899,,1583006472,173860073,"""Zero Band""",[-0.0],"[0, 0, 0, 0]"
167.317280054,,10900,,1583006472,174540996,"""Zero Band""",[-0.0],"[0, 0, 0, 0]"
167.318450451,,10901,,1583006472,175268888,"""Zero Band""",[-0.0],"[0, 0, 0, 0]"
167.319190502,,10902,,1583006472,176415920,"""Zero Band""",[-0.0016271184431388974],"[0, 0, 0, 0]"
167.325366497,,10903,,1583006472,177172899,"""Soft Puff""",[-0.012453158386051655],"[0, 1, 0, 0]"
167.330556393,,10904,,1583006472,183346986,"""Soft Puff""",[-0.023311322554945946],"[0, 1, 0, 0]"
167.33625102,,10905,,1583006472,188519954,"""Soft Puff""",[-0.03416948765516281],"[0, 1, 0, 0]"
167.341323137,,10906,,1583006472,194291114,"""Soft Puff""",[-0.04502765089273453],"[0, 1, 0, 0]"
167.347919464,,10907,,1583006472,199387073,"""Soft Puff""",[-0.055885814130306244],"[0, 1, 0, 0]"
167.354062796,,10908,,1583006472,206021070,"""Soft Puff""",[-0.06671185791492462],"[0, 1, 0, 0]"
167.358752966,,10909,,1583006472,211919069,"""Soft Puff""",[-0.07757002115249634],"[0, 1, 0, 0]"
167.36337328,,10910,,1583006472,216640949,"""Soft Puff""",[-0.08842818439006805],"[0, 1, 0, 0]"
167.368259907,,10911,,1583006472,221378087,"""Soft Puff""",[-0.09928634762763977],"[0, 1, 0, 0]"
167.374485493,,10912,,1583006472,226291894,"""Soft Puff""",[-0.11014451086521149],"[0, 1, 0, 0]"
167.380980492,,10913,,1583006472,232594013,"""Soft Puff""",[-0.1210026741027832],"[0, 1, 0, 0]"
167.386948824,,10914,,1583006472,238948106,"""Soft Puff""",[-0.13182871043682098],"[0, 1, 0, 0]"
167.392124653,,10915,,1583006472,244642019,"""Soft Puff""",[-0.1426868885755539],"[0, 1, 0, 0]"
167.397337198,,10916,,1583006472,250142097,"""Soft Puff""",[-0.1535450518131256],"[0, 1, 0, 0]"
167.403082132,,10917,,1583006472,255405902,"""Soft Puff""",[-0.16440321505069733],"[0, 1, 0, 0]"
167.4101367,,10918,,1583006472,261058092,"""Soft Puff""",[-0.17526137828826904],"[0, 1, 0, 0]"
167.415005207,,10919,,1583006472,268189907,"""Soft Puff""",[-0.18608741462230682],"[0, 1, 0, 0]"
167.420852423,,10920,,1583006472,273102998,"""Soft Puff""",[-0.19694557785987854],"[0, 1, 0, 0]"
167.426671743,,10921,,1583006472,278830051,"""Soft Puff""",[-0.20780374109745026],"[0, 1, 0, 0]"
167.432030916,,10922,,1583006472,284699916,"""Soft Puff""",[-0.21866190433502197],"[0, 1, 0, 0]"
167.437862873,,10923,,1583006472,290116071,"""Soft Puff""",[-0.2295200675725937],"[0, 1, 0, 0]"
167.445328951,,10924,,1583006472,295928955,"""Soft Puff""",[-0.24034611880779266],"[0, 1, 0, 0]"
167.450520277,,10925,,1583006472,303453922,"""Soft Puff""",[-0.2512042820453644],"[0, 1, 0, 0]"
167.463083506,,10926,,1583006472,315103054,"""Soft Puff""",[-0.2620624303817749],"[0, 1, 0, 0]"
167.480803251,,10927,,1583006472,333163976,"""Soft Puff""",[-0.2729206085205078],"[0, 1, 0, 0]"
167.493367672,,10928,,1583006472,345225095,"""Soft Puff""",[-0.28377875685691833],"[0, 1, 0, 0]"
167.514543056,,10929,,1583006472,367176055,"""Soft Puff""",[-0.29463693499565125],"[0, 1, 0, 0]"
167.520405293,,10930,,1583006472,377159118,"""Soft-Hard Puff Deadband""",[-0.3054629862308502],"[0, 0, 0, 0]"
167.530239344,,10931,,1583006472,387154102,"""Soft-Hard Puff Deadband""",[-0.31632113456726074],"[0, 0, 0, 0]"
167.534440279,,10932,,1583006472,391179084,"""Soft-Hard Puff Deadband""",[-0.3054629862308502],"[0, 0, 0, 0]"
167.53654933,,10933,,1583006472,393057107,"""Soft-Hard Puff Deadband""",[-0.31632113456726074],"[0, 0, 0, 0]"
167.552700996,,10934,,1583006472,409225940,"""Soft-Hard Puff Deadband""",[-0.32717931270599365],"[0, 0, 0, 0]"
167.564236164,,10935,,1583006472,421092987,"""Soft-Hard Puff Deadband""",[-0.3380374610424042],"[0, 0, 0, 0]"
167.574069262,,10936,,1583006472,431132078,"""Soft-Hard Puff Deadband""",[-0.3488956391811371],"[0, 0, 0, 0]"
167.598204374,,10937,,1583006472,455151081,"""Soft-Hard Puff Deadband""",[-0.35972166061401367],"[0, 0, 0, 0]"
167.620258331,,10938,,1583006472,477102994,"""Soft-Hard Puff Deadband""",[-0.3705798387527466],"[0, 0, 0, 0]"
167.623852968,,10939,,1583006472,481046915,"""Soft-Hard Puff Deadband""",[-0.35972166061401367],"[0, 0, 0, 0]"
167.625828505,,10940,,1583006472,483052015,"""Soft-Hard Puff Deadband""",[-0.3705798387527466],"[0, 0, 0, 0]"
167.672104597,,10941,,1583006472,529113054,"""Soft-Hard Puff Deadband""",[-0.3814379870891571],"[0, 0, 0, 0]"
167.675899267,,10942,,1583006472,533057928,"""Soft-Hard Puff Deadband""",[-0.3705798387527466],"[0, 0, 0, 0]"
167.677870512,,10943,,1583006472,535034894,"""Soft-Hard Puff Deadband""",[-0.3814379870891571],"[0, 0, 0, 0]"
167.716300964,,10944,,1583006472,573194980,"""Soft-Hard Puff Deadband""",[-0.39229616522789],"[0, 0, 0, 0]"
167.732292891,,10945,,1583006472,589123964,"""Soft-Hard Puff Deadband""",[-0.4031543433666229],"[0, 0, 0, 0]"
167.760198593,,10946,,1583006472,617115974,"""Soft-Hard Puff Deadband""",[-0.41401249170303345],"[0, 0, 0, 0]"
167.761731863,,10947,,1583006472,619055986,"""Soft-Hard Puff Deadband""",[-0.4031543433666229],"[0, 0, 0, 0]"
167.763856173,,10948,,1583006472,621032953,"""Soft-Hard Puff Deadband""",[-0.41401249170303345],"[0, 0, 0, 0]"
167.771889448,,10949,,1583006472,629077911,"""Soft-Hard Puff Deadband""",[-0.4031543433666229],"[0, 0, 0, 0]"
167.778030157,,10950,,1583006472,635128974,"""Soft-Hard Puff Deadband""",[-0.41401249170303345],"[0, 0, 0, 0]"
167.784196854,,10951,,1583006472,641103982,"""Soft-Hard Puff Deadband""",[-0.4031543433666229],"[0, 0, 0, 0]"
167.838451147,,10952,,1583006472,695184946,"""Soft-Hard Puff Deadband""",[-0.41401249170303345],"[0, 0, 0, 0]"
167.839811802,,10953,,1583006472,697065114,"""Soft-Hard Puff Deadband""",[-0.4031543433666229],"[0, 0, 0, 0]"
167.864244223,,10954,,1583006472,721121072,"""Soft-Hard Puff Deadband""",[-0.39229616522789],"[0, 0, 0, 0]"
167.865841627,,10955,,1583006472,723100900,"""Soft-Hard Puff Deadband""",[-0.4031543433666229],"[0, 0, 0, 0]"
167.86774683,,10956,,1583006472,725019931,"""Soft-Hard Puff Deadband""",[-0.39229616522789],"[0, 0, 0, 0]"
167.884422541,,10957,,1583006472,741178989,"""Soft-Hard Puff Deadband""",[-0.3814379870891571],"[0, 0, 0, 0]"
167.896183252,,10958,,1583006472,753127098,"""Soft-Hard Puff Deadband""",[-0.3705798387527466],"[0, 0, 0, 0]"
167.908442974,,10959,,1583006472,765161037,"""Soft-Hard Puff Deadband""",[-0.35972166061401367],"[0, 0, 0, 0]"
167.916058064,,10960,,1583006472,773117065,"""Soft-Hard Puff Deadband""",[-0.3488956391811371],"[0, 0, 0, 0]"
167.924207926,,10961,,1583006472,781162023,"""Soft-Hard Puff Deadband""",[-0.3380374610424042],"[0, 0, 0, 0]"
167.93204999,,10962,,1583006472,789087057,"""Soft-Hard Puff Deadband""",[-0.32717931270599365],"[0, 0, 0, 0]"
167.940244675,,10963,,1583006472,797142028,"""Soft-Hard Puff Deadband""",[-0.31632113456726074],"[0, 0, 0, 0]"
167.943889618,,10964,,1583006472,801059007,"""Soft-Hard Puff Deadband""",[-0.3054629862308502],"[0, 0, 0, 0]"
167.957258224,,10965,,1583006472,809164047,"""Soft Puff""",[-0.29463693499565125],"[0, 1, 0, 0]"
167.96239996,,10966,,1583006472,815335035,"""Soft Puff""",[-0.28377875685691833],"[0, 1, 0, 0]"
167.967246771,,10967,,1583006472,820427894,"""Soft Puff""",[-0.2729206085205078],"[0, 1, 0, 0]"
167.973101139,,10968,,1583006472,825340032,"""Soft Puff""",[-0.2620624303817749],"[0, 1, 0, 0]"
167.978407145,,10969,,1583006472,831159114,"""Soft Puff""",[-0.2512042820453644],"[0, 1, 0, 0]"
167.9855721,,10970,,1583006472,837040901,"""Soft Puff""",[-0.24034611880779266],"[0, 1, 0, 0]"
167.993044615,,10971,,1583006472,843664884,"""Soft Puff""",[-0.2295200675725937],"[0, 1, 0, 0]"
167.998524666,,10972,,1583006472,851094961,"""Soft Puff""",[-0.21866190433502197],"[0, 1, 0, 0]"
168.003314972,,10973,,1583006472,856553077,"""Soft Puff""",[-0.20780374109745026],"[0, 1, 0, 0]"
168.007930994,,10974,,1583006472,861404895,"""Soft Puff""",[-0.19694557785987854],"[0, 1, 0, 0]"
168.014007807,,10975,,1583006472,865957975,"""Soft Puff""",[-0.18608741462230682],"[0, 1, 0, 0]"
168.021612644,,10976,,1583006472,872073888,"""Soft Puff""",[-0.17526137828826904],"[0, 1, 0, 0]"
168.026669025,,10977,,1583006472,879687070,"""Soft Puff""",[-0.16440321505069733],"[0, 1, 0, 0]"
168.031881571,,10978,,1583006472,884716987,"""Soft Puff""",[-0.1535450518131256],"[0, 1, 0, 0]"
168.036535501,,10979,,1583006472,889986038,"""Soft Puff""",[-0.1426868885755539],"[0, 1, 0, 0]"
168.042029858,,10980,,1583006472,895047903,"""Soft Puff""",[-0.13182871043682098],"[0, 1, 0, 0]"
168.054611444,,10981,,1583006472,905565977,"""Soft Puff""",[-0.1210026741027832],"[0, 1, 0, 0]"
168.06674552,,10982,,1583006472,919143915,"""Soft Puff""",[-0.11014451086521149],"[0, 1, 0, 0]"
168.076794386,,10983,,1583006472,929109096,"""Soft Puff""",[-0.09928634762763977],"[0, 1, 0, 0]"
168.082126856,,10984,,1583006472,934883117,"""Soft Puff""",[-0.11014451086521149],"[0, 1, 0, 0]"
168.089353561,,10985,,1583006472,940188884,"""Soft Puff""",[-0.09928634762763977],"[0, 1, 0, 0]"
168.126451969,,10986,,1583006472,979182958,"""Soft Puff""",[-0.11014451086521149],"[0, 1, 0, 0]"
168.139598846,,10987,,1583006472,991147994,"""Soft Puff""",[-0.1210026741027832],"[0, 1, 0, 0]"
168.155566216,,10988,,1583006473,7208108,"""Soft Puff""",[-0.13182871043682098],"[0, 1, 0, 0]"
168.179300785,,10989,,1583006473,31174898,"""Soft Puff""",[-0.1426868885755539],"[0, 1, 0, 0]"
168.191915512,,10990,,1583006473,43114900,"""Soft Puff""",[-0.1535450518131256],"[0, 1, 0, 0]"
168.198499918,,10991,,1583006473,51062107,"""Soft Puff""",[-0.16440321505069733],"[0, 1, 0, 0]"
168.209759951,,10992,,1583006473,61146974,"""Soft Puff""",[-0.17526137828826904],"[0, 1, 0, 0]"
168.22512269,,10993,,1583006473,77205896,"""Soft Puff""",[-0.18608741462230682],"[0, 1, 0, 0]"
168.29262805,,10994,,1583006473,145236968,"""Soft Puff""",[-0.19694557785987854],"[0, 1, 0, 0]"
168.316960812,,10995,,1583006473,169167995,"""Soft Puff""",[-0.20780374109745026],"[0, 1, 0, 0]"
168.358797312,,10996,,1583006473,211155891,"""Soft Puff""",[-0.21866190433502197],"[0, 1, 0, 0]"
168.364136457,,10997,,1583006473,216816902,"""Soft Puff""",[-0.20780374109745026],"[0, 1, 0, 0]"
168.370077848,,10998,,1583006473,222177028,"""Soft Puff""",[-0.21866190433502197],"[0, 1, 0, 0]"
168.384950161,,10999,,1583006473,237107038,"""Soft Puff""",[-0.2295200675725937],"[0, 1, 0, 0]"
168.399731874,,11000,,1583006473,251221895,"""Soft Puff""",[-0.24034611880779266],"[0, 1, 0, 0]"
168.426500082,,11001,,1583006473,277425050,"""Soft Puff""",[-0.2512042820453644],"[0, 1, 0, 0]"
168.447541714,,11002,,1583006473,299205064,"""Soft Puff""",[-0.2620624303817749],"[0, 1, 0, 0]"
168.454601288,,11003,,1583006473,305593013,"""Soft Puff""",[-0.2512042820453644],"[0, 1, 0, 0]"
168.460253477,,11004,,1583006473,312669038,"""Soft Puff""",[-0.2620624303817749],"[0, 1, 0, 0]"
168.466213226,,11005,,1583006473,318315982,"""Soft Puff""",[-0.2512042820453644],"[0, 1, 0, 0]"
168.537771702,,11006,,1583006473,389198064,"""Soft Puff""",[-0.24034611880779266],"[0, 1, 0, 0]"
168.543762922,,11007,,1583006473,395843982,"""Soft Puff""",[-0.2512042820453644],"[0, 1, 0, 0]"
168.55264616,,11008,,1583006473,405087947,"""Soft Puff""",[-0.24034611880779266],"[0, 1, 0, 0]"
168.559001684,,11009,,1583006473,410799026,"""Soft Puff""",[-0.2512042820453644],"[0, 1, 0, 0]"
168.575713396,,11010,,1583006473,427328109,"""Soft Puff""",[-0.2620624303817749],"[0, 1, 0, 0]"
168.615125418,,11011,,1583006473,467196941,"""Soft Puff""",[-0.2729206085205078],"[0, 1, 0, 0]"
168.621959448,,11012,,1583006473,473198890,"""Soft Puff""",[-0.2620624303817749],"[0, 1, 0, 0]"
168.626596689,,11013,,1583006473,479978084,"""Soft Puff""",[-0.2729206085205078],"[0, 1, 0, 0]"
168.654529095,,11014,,1583006473,505158901,"""Soft Puff""",[-0.28377875685691833],"[0, 1, 0, 0]"
168.661967993,,11015,,1583006473,513051986,"""Soft Puff""",[-0.2729206085205078],"[0, 1, 0, 0]"
168.668135881,,11016,,1583006473,520260095,"""Soft Puff""",[-0.28377875685691833],"[0, 1, 0, 0]"
168.693407297,,11017,,1583006473,545202970,"""Soft Puff""",[-0.29463693499565125],"[0, 1, 0, 0]"
168.709853649,,11018,,1583006473,561167955,"""Soft Puff""",[-0.28377875685691833],"[0, 1, 0, 0]"
168.715511322,,11019,,1583006473,567923069,"""Soft Puff""",[-0.29463693499565125],"[0, 1, 0, 0]"
168.721371412,,11020,,1583006473,573561906,"""Soft Puff""",[-0.28377875685691833],"[0, 1, 0, 0]"
168.739956856,,11021,,1583006473,591165065,"""Soft Puff""",[-0.2729206085205078],"[0, 1, 0, 0]"
168.76142025,,11022,,1583006473,613203048,"""Soft Puff""",[-0.2620624303817749],"[0, 1, 0, 0]"
168.784393311,,11023,,1583006473,637121915,"""Soft Puff""",[-0.2512042820453644],"[0, 1, 0, 0]"
168.8122859,,11024,,1583006473,663239955,"""Soft Puff""",[-0.24034611880779266],"[0, 1, 0, 0]"
168.818361521,,11025,,1583006473,670371055,"""Soft Puff""",[-0.2512042820453644],"[0, 1, 0, 0]"
168.824591637,,11026,,1583006473,676369905,"""Soft Puff""",[-0.24034611880779266],"[0, 1, 0, 0]"
168.883636951,,11027,,1583006473,735176086,"""Soft Puff""",[-0.2512042820453644],"[0, 1, 0, 0]"
168.889162064,,11028,,1583006473,741724014,"""Soft Puff""",[-0.24034611880779266],"[0, 1, 0, 0]"
168.895138025,,11029,,1583006473,747214078,"""Soft Puff""",[-0.2512042820453644],"[0, 1, 0, 0]"
168.917369127,,11030,,1583006473,769185066,"""Soft Puff""",[-0.2620624303817749],"[0, 1, 0, 0]"
168.932080746,,11031,,1583006473,783241987,"""Soft Puff""",[-0.2729206085205078],"[0, 1, 0, 0]"
168.936781645,,11032,,1583006473,790121078,"""Soft Puff""",[-0.2620624303817749],"[0, 1, 0, 0]"
168.941102982,,11033,,1583006473,794816017,"""Soft Puff""",[-0.2729206085205078],"[0, 1, 0, 0]"
168.999864817,,11034,,1583006473,851196050,"""Soft Puff""",[-0.2620624303817749],"[0, 1, 0, 0]"
169.005885601,,11035,,1583006473,857907056,"""Soft Puff""",[-0.2729206085205078],"[0, 1, 0, 0]"
169.013263464,,11036,,1583006473,864037036,"""Soft Puff""",[-0.2620624303817749],"[0, 1, 0, 0]"
169.043853045,,11037,,1583006473,895257949,"""Soft Puff""",[-0.2512042820453644],"[0, 1, 0, 0]"
169.049948215,,11038,,1583006473,901784896,"""Soft Puff""",[-0.2620624303817749],"[0, 1, 0, 0]"
169.079615831,,11039,,1583006473,931241989,"""Soft Puff""",[-0.2512042820453644],"[0, 1, 0, 0]"
169.084618568,,11040,,1583006473,937701940,"""Soft Puff""",[-0.2620624303817749],"[0, 1, 0, 0]"
169.090459585,,11041,,1583006473,942714929,"""Soft Puff""",[-0.2512042820453644],"[0, 1, 0, 0]"
169.096128702,,11042,,1583006473,948503971,"""Soft Puff""",[-0.2620624303817749],"[0, 1, 0, 0]"
169.101225376,,11043,,1583006473,954175949,"""Soft Puff""",[-0.2512042820453644],"[0, 1, 0, 0]"
169.107918739,,11044,,1583006473,959320068,"""Soft Puff""",[-0.2620624303817749],"[0, 1, 0, 0]"
169.113341093,,11045,,1583006473,965962886,"""Soft Puff""",[-0.2512042820453644],"[0, 1, 0, 0]"
169.164978266,,11046,,1583006474,17133951,"""Soft Puff""",[-0.2620624303817749],"[0, 1, 0, 0]"
169.172033548,,11047,,1583006474,23066997,"""Soft Puff""",[-0.2512042820453644],"[0, 1, 0, 0]"
169.18024826,,11048,,1583006474,33091068,"""Soft Puff""",[-0.2620624303817749],"[0, 1, 0, 0]"
169.211234808,,11049,,1583006474,63189029,"""Soft Puff""",[-0.2729206085205078],"[0, 1, 0, 0]"
169.225707769,,11050,,1583006474,75134992,"""Soft Puff""",[-0.2620624303817749],"[0, 1, 0, 0]"
169.231112719,,11051,,1583006474,83868026,"""Soft Puff""",[-0.2729206085205078],"[0, 1, 0, 0]"
169.236330509,,11052,,1583006474,89199066,"""Soft Puff""",[-0.2620624303817749],"[0, 1, 0, 0]"
169.241883516,,11053,,1583006474,94124078,"""Soft Puff""",[-0.2729206085205078],"[0, 1, 0, 0]"
169.26230526,,11054,,1583006474,113250017,"""Soft Puff""",[-0.2620624303817749],"[0, 1, 0, 0]"
169.392565966,,11055,,1583006474,245243072,"""Soft Puff""",[-0.2512042820453644],"[0, 1, 0, 0]"
169.397563457,,11056,,1583006474,250657081,"""Soft Puff""",[-0.2620624303817749],"[0, 1, 0, 0]"
169.450681925,,11057,,1583006474,303112983,"""Soft Puff""",[-0.2729206085205078],"[0, 1, 0, 0]"
169.456638336,,11058,,1583006474,308775901,"""Soft Puff""",[-0.2620624303817749],"[0, 1, 0, 0]"
169.467456102,,11059,,1583006474,319114923,"""Soft Puff""",[-0.2729206085205078],"[0, 1, 0, 0]"
169.472563505,,11060,,1583006474,325514078,"""Soft Puff""",[-0.2620624303817749],"[0, 1, 0, 0]"
169.564651012,,11061,,1583006474,417156934,"""Soft Puff""",[-0.2512042820453644],"[0, 1, 0, 0]"
169.570055723,,11062,,1583006474,422702074,"""Soft Puff""",[-0.2620624303817749],"[0, 1, 0, 0]"
169.575767517,,11063,,1583006474,428181886,"""Soft Puff""",[-0.2512042820453644],"[0, 1, 0, 0]"
169.581724882,,11064,,1583006474,433780908,"""Soft Puff""",[-0.2620624303817749],"[0, 1, 0, 0]"
169.588960886,,11065,,1583006474,439759969,"""Soft Puff""",[-0.2512042820453644],"[0, 1, 0, 0]"
169.643559217,,11066,,1583006474,467241048,"""Soft Puff""",[-0.24034611880779266],"[0, 1, 0, 0]"
169.649299622,,11067,,1583006474,501653909,"""Soft Puff""",[-0.2295200675725937],"[0, 1, 0, 0]"
169.678014517,,11068,,1583006474,529237031,"""Soft Puff""",[-0.21866190433502197],"[0, 1, 0, 0]"
169.682693243,,11069,,1583006474,536087989,"""Soft Puff""",[-0.2295200675725937],"[0, 1, 0, 0]"
169.687878609,,11070,,1583006474,540744066,"""Soft Puff""",[-0.21866190433502197],"[0, 1, 0, 0]"
169.69338274,,11071,,1583006474,545912981,"""Soft Puff""",[-0.2295200675725937],"[0, 1, 0, 0]"
169.816150188,,11072,,1583006474,667260885,"""Soft Puff""",[-0.21866190433502197],"[0, 1, 0, 0]"
169.822753429,,11073,,1583006474,674184083,"""Soft Puff""",[-0.2295200675725937],"[0, 1, 0, 0]"
169.829562426,,11074,,1583006474,680596113,"""Soft Puff""",[-0.21866190433502197],"[0, 1, 0, 0]"
169.909811735,,11075,,1583006474,761270999,"""Soft Puff""",[-0.20780374109745026],"[0, 1, 0, 0]"
169.914738178,,11076,,1583006474,767877101,"""Soft Puff""",[-0.21866190433502197],"[0, 1, 0, 0]"
169.919344902,,11077,,1583006474,772805929,"""Soft Puff""",[-0.20780374109745026],"[0, 1, 0, 0]"
169.966798782,,11078,,1583006474,819194078,"""Soft Puff""",[-0.19694557785987854],"[0, 1, 0, 0]"
169.976836205,,11079,,1583006474,829102993,"""Soft Puff""",[-0.20780374109745026],"[0, 1, 0, 0]"
169.983635664,,11080,,1583006474,834912061,"""Soft Puff""",[-0.19694557785987854],"[0, 1, 0, 0]"
169.989700556,,11081,,1583006474,841725111,"""Soft Puff""",[-0.20780374109745026],"[0, 1, 0, 0]"
169.996856451,,11082,,1583006474,847811937,"""Soft Puff""",[-0.19694557785987854],"[0, 1, 0, 0]"
170.003501177,,11083,,1583006474,854832887,"""Soft Puff""",[-0.20780374109745026],"[0, 1, 0, 0]"
170.00822854,,11084,,1583006474,861579895,"""Soft Puff""",[-0.19694557785987854],"[0, 1, 0, 0]"
170.013273716,,11085,,1583006474,866288900,"""Soft Puff""",[-0.20780374109745026],"[0, 1, 0, 0]"
170.018364191,,11086,,1583006474,871247053,"""Soft Puff""",[-0.19694557785987854],"[0, 1, 0, 0]"
170.024401188,,11087,,1583006474,876332044,"""Soft Puff""",[-0.20780374109745026],"[0, 1, 0, 0]"
170.031341553,,11088,,1583006474,882474899,"""Soft Puff""",[-0.19694557785987854],"[0, 1, 0, 0]"
170.036114454,,11089,,1583006474,889488935,"""Soft Puff""",[-0.20780374109745026],"[0, 1, 0, 0]"
170.041722298,,11090,,1583006474,893987894,"""Soft Puff""",[-0.19694557785987854],"[0, 1, 0, 0]"
170.046461582,,11091,,1583006474,899746894,"""Soft Puff""",[-0.20780374109745026],"[0, 1, 0, 0]"
170.052902699,,11092,,1583006474,904515027,"""Soft Puff""",[-0.19694557785987854],"[0, 1, 0, 0]"
170.060732841,,11093,,1583006474,910981893,"""Soft Puff""",[-0.20780374109745026],"[0, 1, 0, 0]"
170.066547394,,11094,,1583006474,918643951,"""Soft Puff""",[-0.19694557785987854],"[0, 1, 0, 0]"
170.072085381,,11095,,1583006474,924272060,"""Soft Puff""",[-0.20780374109745026],"[0, 1, 0, 0]"
170.077837706,,11096,,1583006474,930063009,"""Soft Puff""",[-0.19694557785987854],"[0, 1, 0, 0]"
170.08239913,,11097,,1583006474,935878992,"""Soft Puff""",[-0.20780374109745026],"[0, 1, 0, 0]"
170.089158058,,11098,,1583006474,940478086,"""Soft Puff""",[-0.19694557785987854],"[0, 1, 0, 0]"
170.095233679,,11099,,1583006474,947140932,"""Soft Puff""",[-0.20780374109745026],"[0, 1, 0, 0]"
170.100270748,,11100,,1583006474,953321933,"""Soft Puff""",[-0.19694557785987854],"[0, 1, 0, 0]"
170.105776787,,11101,,1583006474,958333015,"""Soft Puff""",[-0.20780374109745026],"[0, 1, 0, 0]"
170.111388922,,11102,,1583006474,963752985,"""Soft Puff""",[-0.19694557785987854],"[0, 1, 0, 0]"
170.132977962,,11103,,1583006474,985184907,"""Soft Puff""",[-0.18608741462230682],"[0, 1, 0, 0]"
170.153395891,,11104,,1583006475,5132913,"""Soft Puff""",[-0.17526137828826904],"[0, 1, 0, 0]"
170.248031616,,11105,,1583006475,99230051,"""Soft Puff""",[-0.18608741462230682],"[0, 1, 0, 0]"
170.299701691,,11106,,1583006475,151202917,"""Soft Puff""",[-0.19694557785987854],"[0, 1, 0, 0]"
170.360795975,,11107,,1583006475,213145971,"""Soft Puff""",[-0.20780374109745026],"[0, 1, 0, 0]"
170.366525412,,11108,,1583006475,218794107,"""Soft Puff""",[-0.19694557785987854],"[0, 1, 0, 0]"
170.373308182,,11109,,1583006475,224525928,"""Soft Puff""",[-0.20780374109745026],"[0, 1, 0, 0]"
170.503633261,,11110,,1583006475,355159997,"""Soft Puff""",[-0.19694557785987854],"[0, 1, 0, 0]"
170.518795967,,11111,,1583006475,371171951,"""Soft Puff""",[-0.20780374109745026],"[0, 1, 0, 0]"
170.525511265,,11112,,1583006475,376854896,"""Soft Puff""",[-0.19694557785987854],"[0, 1, 0, 0]"
170.577436924,,11113,,1583006475,429156064,"""Soft Puff""",[-0.20780374109745026],"[0, 1, 0, 0]"
170.615155935,,11114,,1583006475,467216968,"""Soft Puff""",[-0.21866190433502197],"[0, 1, 0, 0]"
170.652670622,,11115,,1583006475,505204916,"""Soft Puff""",[-0.2295200675725937],"[0, 1, 0, 0]"
170.65731883,,11116,,1583006475,510735988,"""Soft Puff""",[-0.21866190433502197],"[0, 1, 0, 0]"
170.662699223,,11117,,1583006475,515383005,"""Soft Puff""",[-0.2295200675725937],"[0, 1, 0, 0]"
170.686168194,,11118,,1583006475,537152051,"""Soft Puff""",[-0.24034611880779266],"[0, 1, 0, 0]"
170.701757669,,11119,,1583006475,553113937,"""Soft Puff""",[-0.2512042820453644],"[0, 1, 0, 0]"
170.718898535,,11120,,1583006475,571197032,"""Soft Puff""",[-0.2620624303817749],"[0, 1, 0, 0]"
170.749671459,,11121,,1583006475,601195096,"""Soft Puff""",[-0.2729206085205078],"[0, 1, 0, 0]"
170.773467541,,11122,,1583006475,625128984,"""Soft Puff""",[-0.28377875685691833],"[0, 1, 0, 0]"
170.78787756,,11123,,1583006475,639139890,"""Soft Puff""",[-0.29463693499565125],"[0, 1, 0, 0]"
170.810310841,,11124,,1583006475,667124986,"""Soft-Hard Puff Deadband""",[-0.3054629862308502],"[0, 0, 0, 0]"
170.830802917,,11125,,1583006475,683185100,"""Soft Puff""",[-0.29463693499565125],"[0, 1, 0, 0]"
170.832190514,,11126,,1583006475,688858985,"""Soft-Hard Puff Deadband""",[-0.3054629862308502],"[0, 0, 0, 0]"
170.841655254,,11127,,1583006475,693068027,"""Soft Puff""",[-0.29463693499565125],"[0, 1, 0, 0]"
170.875755787,,11128,,1583006475,727200031,"""Soft Puff""",[-0.28377875685691833],"[0, 1, 0, 0]"
170.881393194,,11129,,1583006475,733807086,"""Soft Puff""",[-0.29463693499565125],"[0, 1, 0, 0]"
170.886639118,,11130,,1583006475,739466905,"""Soft Puff""",[-0.28377875685691833],"[0, 1, 0, 0]"
170.928860426,,11131,,1583006475,779153108,"""Soft Puff""",[-0.2729206085205078],"[0, 1, 0, 0]"
170.935550213,,11132,,1583006475,786938905,"""Soft Puff""",[-0.28377875685691833],"[0, 1, 0, 0]"
170.940667391,,11133,,1583006475,793608903,"""Soft Puff""",[-0.2729206085205078],"[0, 1, 0, 0]"
171.018098831,,11134,,1583006475,869126081,"""Soft Puff""",[-0.28377875685691833],"[0, 1, 0, 0]"
171.048423529,,11135,,1583006475,899211883,"""Soft Puff""",[-0.29463693499565125],"[0, 1, 0, 0]"
171.055496693,,11136,,1583006475,907149076,"""Soft Puff""",[-0.28377875685691833],"[0, 1, 0, 0]"
171.060460806,,11137,,1583006475,913566112,"""Soft Puff""",[-0.29463693499565125],"[0, 1, 0, 0]"
171.068300486,,11138,,1583006475,925157070,"""Soft-Hard Puff Deadband""",[-0.3054629862308502],"[0, 0, 0, 0]"
171.076537132,,11139,,1583006475,933150053,"""Soft-Hard Puff Deadband""",[-0.31632113456726074],"[0, 0, 0, 0]"
171.08702898,,11140,,1583006475,943264007,"""Soft-Hard Puff Deadband""",[-0.32717931270599365],"[0, 0, 0, 0]"
171.098201513,,11141,,1583006475,955161094,"""Soft-Hard Puff Deadband""",[-0.3380374610424042],"[0, 0, 0, 0]"
171.11417079,,11142,,1583006475,971170902,"""Soft-Hard Puff Deadband""",[-0.3488956391811371],"[0, 0, 0, 0]"
171.115840435,,11143,,1583006475,973033905,"""Soft-Hard Puff Deadband""",[-0.3380374610424042],"[0, 0, 0, 0]"
171.12005496,,11144,,1583006475,977080106,"""Soft-Hard Puff Deadband""",[-0.3488956391811371],"[0, 0, 0, 0]"
171.136164665,,11145,,1583006475,993117094,"""Soft-Hard Puff Deadband""",[-0.35972166061401367],"[0, 0, 0, 0]"
171.156416416,,11146,,1583006476,13163089,"""Soft-Hard Puff Deadband""",[-0.3705798387527466],"[0, 0, 0, 0]"
171.158015251,,11147,,1583006476,15093088,"""Soft-Hard Puff Deadband""",[-0.35972166061401367],"[0, 0, 0, 0]"
171.161987066,,11148,,1583006476,19047021,"""Soft-Hard Puff Deadband""",[-0.3705798387527466],"[0, 0, 0, 0]"
171.352325916,,11149,,1583006476,209187030,"""Soft-Hard Puff Deadband""",[-0.3814379870891571],"[0, 0, 0, 0]"
171.372643948,,11150,,1583006476,229310035,"""Soft-Hard Puff Deadband""",[-0.39229616522789],"[0, 0, 0, 0]"
171.43217802,,11151,,1583006476,289125919,"""Soft-Hard Puff Deadband""",[-0.4031543433666229],"[0, 0, 0, 0]"
171.474597216,,11152,,1583006476,331182003,"""Soft-Hard Puff Deadband""",[-0.41401249170303345],"[0, 0, 0, 0]"
171.504379272,,11153,,1583006476,361134052,"""Soft-Hard Puff Deadband""",[-0.4031543433666229],"[0, 0, 0, 0]"
171.546576738,,11154,,1583006476,403213024,"""Soft-Hard Puff Deadband""",[-0.39229616522789],"[0, 0, 0, 0]"
171.562117815,,11155,,1583006476,419127941,"""Soft-Hard Puff Deadband""",[-0.3814379870891571],"[0, 0, 0, 0]"
171.57247901,,11156,,1583006476,429209947,"""Soft-Hard Puff Deadband""",[-0.3705798387527466],"[0, 0, 0, 0]"
171.58846283,,11157,,1583006476,445125102,"""Soft-Hard Puff Deadband""",[-0.35972166061401367],"[0, 0, 0, 0]"
171.598187447,,11158,,1583006476,455141067,"""Soft-Hard Puff Deadband""",[-0.3488956391811371],"[0, 0, 0, 0]"
171.608146191,,11159,,1583006476,465130090,"""Soft-Hard Puff Deadband""",[-0.3380374610424042],"[0, 0, 0, 0]"
171.620199442,,11160,,1583006476,477133035,"""Soft-Hard Puff Deadband""",[-0.32717931270599365],"[0, 0, 0, 0]"
171.628031969,,11161,,1583006476,485105037,"""Soft-Hard Puff Deadband""",[-0.31632113456726074],"[0, 0, 0, 0]"
171.638424635,,11162,,1583006476,495156049,"""Soft-Hard Puff Deadband""",[-0.3054629862308502],"[0, 0, 0, 0]"
171.650883675,,11163,,1583006476,503132104,"""Soft Puff""",[-0.29463693499565125],"[0, 1, 0, 0]"
171.665091038,,11164,,1583006476,517115116,"""Soft Puff""",[-0.28377875685691833],"[0, 1, 0, 0]"
171.67945075,,11165,,1583006476,531132936,"""Soft Puff""",[-0.2729206085205078],"[0, 1, 0, 0]"
171.692402124,,11166,,1583006476,545114040,"""Soft Puff""",[-0.2620624303817749],"[0, 1, 0, 0]"
171.704751492,,11167,,1583006476,557173013,"""Soft Puff""",[-0.2512042820453644],"[0, 1, 0, 0]"
171.750658512,,11168,,1583006476,603188991,"""Soft Puff""",[-0.2620624303817749],"[0, 1, 0, 0]"
171.756954193,,11169,,1583006476,608711957,"""Soft Puff""",[-0.2512042820453644],"[0, 1, 0, 0]"
171.814646244,,11170,,1583006476,667187929,"""Soft Puff""",[-0.2620624303817749],"[0, 1, 0, 0]"
171.819004059,,11171,,1583006476,672672033,"""Soft Puff""",[-0.2512042820453644],"[0, 1, 0, 0]"
171.824060678,,11172,,1583006476,677053928,"""Soft Puff""",[-0.2620624303817749],"[0, 1, 0, 0]"
171.830325842,,11173,,1583006476,682100057,"""Soft Puff""",[-0.2512042820453644],"[0, 1, 0, 0]"
171.853165865,,11174,,1583006476,703254938,"""Soft Puff""",[-0.24034611880779266],"[0, 1, 0, 0]"
171.863721132,,11175,,1583006476,715140104,"""Soft Puff""",[-0.2295200675725937],"[0, 1, 0, 0]"
171.876474857,,11176,,1583006476,727166891,"""Soft Puff""",[-0.21866190433502197],"[0, 1, 0, 0]"
171.885771036,,11177,,1583006476,737160921,"""Soft Puff""",[-0.20780374109745026],"[0, 1, 0, 0]"
171.897559881,,11178,,1583006476,749162912,"""Soft Puff""",[-0.19694557785987854],"[0, 1, 0, 0]"
171.902991295,,11179,,1583006476,755615949,"""Soft Puff""",[-0.20780374109745026],"[0, 1, 0, 0]"
171.907846451,,11180,,1583006476,761018037,"""Soft Puff""",[-0.19694557785987854],"[0, 1, 0, 0]"
171.914183378,,11181,,1583006476,765953063,"""Soft Puff""",[-0.20780374109745026],"[0, 1, 0, 0]"
171.929504156,,11182,,1583006476,781137943,"""Soft Puff""",[-0.21866190433502197],"[0, 1, 0, 0]"
171.93571949,,11183,,1583006476,787575960,"""Soft Puff""",[-0.20780374109745026],"[0, 1, 0, 0]"
171.941223621,,11184,,1583006476,793801069,"""Soft Puff""",[-0.21866190433502197],"[0, 1, 0, 0]"
171.955684423,,11185,,1583006476,807163953,"""Soft Puff""",[-0.2295200675725937],"[0, 1, 0, 0]"
171.992951632,,11186,,1583006476,845196008,"""Soft Puff""",[-0.24034611880779266],"[0, 1, 0, 0]"
172.014986515,,11187,,1583006476,867207050,"""Soft Puff""",[-0.2512042820453644],"[0, 1, 0, 0]"
172.0224998,,11188,,1583006476,875062942,"""Soft Puff""",[-0.2620624303817749],"[0, 1, 0, 0]"
172.028125048,,11189,,1583006476,880552053,"""Soft Puff""",[-0.2512042820453644],"[0, 1, 0, 0]"
172.033430338,,11190,,1583006476,886132001,"""Soft Puff""",[-0.2620624303817749],"[0, 1, 0, 0]"
172.038903713,,11191,,1583006476,891488075,"""Soft Puff""",[-0.2729206085205078],"[0, 1, 0, 0]"
172.045511484,,11192,,1583006476,897095918,"""Soft Puff""",[-0.28377875685691833],"[0, 1, 0, 0]"
172.078692436,,11193,,1583006476,929151058,"""Zero Band""",[-0.29463693499565125],"[0, 0, 0, 0]"
172.09024334,,11194,,1583006476,947166919,"""Soft-Hard Puff Deadband""",[-0.3054629862308502],"[0, 0, 0, 0]"
172.100744724,,11195,,1583006476,957165956,"""Soft-Hard Puff Deadband""",[-0.31632113456726074],"[0, 0, 0, 0]"
172.114349127,,11196,,1583006476,971189975,"""Soft-Hard Puff Deadband""",[-0.32717931270599365],"[0, 0, 0, 0]"
172.11596632,,11197,,1583006476,973056077,"""Soft-Hard Puff Deadband""",[-0.31632113456726074],"[0, 0, 0, 0]"
172.120160103,,11198,,1583006476,977143049,"""Soft-Hard Puff Deadband""",[-0.32717931270599365],"[0, 0, 0, 0]"
172.130105019,,11199,,1583006476,987107038,"""Soft-Hard Puff Deadband""",[-0.3380374610424042],"[0, 0, 0, 0]"
172.156525612,,11200,,1583006477,13173103,"""Soft-Hard Puff Deadband""",[-0.3488956391811371],"[0, 0, 0, 0]"
172.184326649,,11201,,1583006477,41152000,"""Soft-Hard Puff Deadband""",[-0.35972166061401367],"[0, 0, 0, 0]"
172.220420599,,11202,,1583006477,77151060,"""Soft-Hard Puff Deadband""",[-0.3488956391811371],"[0, 0, 0, 0]"
172.236070871,,11203,,1583006477,93106031,"""Soft-Hard Puff Deadband""",[-0.3380374610424042],"[0, 0, 0, 0]"
172.254369259,,11204,,1583006477,111155033,"""Soft-Hard Puff Deadband""",[-0.32717931270599365],"[0, 0, 0, 0]"
172.268315077,,11205,,1583006477,125149965,"""Soft-Hard Puff Deadband""",[-0.31632113456726074],"[0, 0, 0, 0]"
172.276108503,,11206,,1583006477,133121013,"""Soft-Hard Puff Deadband""",[-0.3054629862308502],"[0, 0, 0, 0]"
172.288908005,,11207,,1583006477,141132116,"""Zero Band""",[-0.29463693499565125],"[0, 0, 0, 0]"
172.295103312,,11208,,1583006477,147167921,"""Zero Band""",[-0.28377875685691833],"[0, 0, 0, 0]"
172.307845354,,11209,,1583006477,159176111,"""Zero Band""",[-0.2729206085205078],"[0, 0, 0, 0]"
172.314358234,,11210,,1583006477,167083024,"""Zero Band""",[-0.2620624303817749],"[0, 0, 0, 0]"
172.325068951,,11211,,1583006477,177117109,"""Zero Band""",[-0.2512042820453644],"[0, 0, 0, 0]"
172.337887049,,11212,,1583006477,189105987,"""Zero Band""",[-0.24034611880779266],"[0, 0, 0, 0]"
172.343519449,,11213,,1583006477,195952892,"""Zero Band""",[-0.2512042820453644],"[0, 0, 0, 0]"
172.349524736,,11214,,1583006477,201580047,"""Zero Band""",[-0.24034611880779266],"[0, 0, 0, 0]"
172.366744995,,11215,,1583006477,219188928,"""Zero Band""",[-0.2295200675725937],"[0, 0, 0, 0]"
172.386108637,,11216,,1583006477,237158060,"""Zero Band""",[-0.21866190433502197],"[0, 0, 0, 0]"
172.454539299,,11217,,1583006477,307199001,"""Zero Band""",[-0.20780374109745026],"[0, 0, 0, 0]"
172.464761496,,11218,,1583006477,317106962,"""Zero Band""",[-0.19694557785987854],"[0, 0, 0, 0]"
172.472967625,,11219,,1583006477,325094938,"""Zero Band""",[-0.18608741462230682],"[0, 0, 0, 0]"
172.48064661,,11220,,1583006477,333093881,"""Zero Band""",[-0.17526137828826904],"[0, 0, 0, 0]"
172.487490654,,11221,,1583006477,338808059,"""Zero Band""",[-0.16440321505069733],"[0, 0, 0, 0]"
172.494331837,,11222,,1583006477,345546007,"""Zero Band""",[-0.1535450518131256],"[0, 0, 0, 0]"
172.501509428,,11223,,1583006477,352418899,"""Zero Band""",[-0.1426868885755539],"[0, 0, 0, 0]"
172.506518602,,11224,,1583006477,359603881,"""Zero Band""",[-0.13182871043682098],"[0, 0, 0, 0]"
172.511583328,,11225,,1583006477,364590883,"""Zero Band""",[-0.1210026741027832],"[0, 0, 0, 0]"
172.518850803,,11226,,1583006477,369575023,"""Zero Band""",[-0.11014451086521149],"[0, 0, 0, 0]"
172.525916815,,11227,,1583006477,376722097,"""Zero Band""",[-0.09928634762763977],"[0, 0, 0, 0]"
172.5310781,,11228,,1583006477,384006977,"""Zero Band""",[-0.08842818439006805],"[0, 0, 0, 0]"
172.53674078,,11229,,1583006477,389051914,"""Zero Band""",[-0.07757002115249634],"[0, 0, 0, 0]"
172.544451714,,11230,,1583006477,394897937,"""Zero Band""",[-0.055885814130306244],"[0, 0, 0, 0]"
172.550917149,,11231,,1583006477,402257919,"""Zero Band""",[-0.04502765089273453],"[0, 0, 0, 0]"
172.556059361,,11232,,1583006477,408898115,"""Zero Band""",[-0.023311322554945946],"[0, 0, 0, 0]"
172.556818724,,11233,,1583006477,414045095,"""Zero Band""",[-0.0016271184431388974],"[0, 0, 0, 0]"
172.557540178,,11234,,1583006477,414796113,"""Zero Band""",[-0.0],"[0, 0, 0, 0]"
172.558259964,,11235,,1583006477,415520906,"""Zero Band""",[-0.0],"[0, 0, 0, 0]"
172.55907464,,11236,,1583006477,416322946,"""Zero Band""",[-0.0],"[0, 0, 0, 0]"
172.559165716,,11237,,1583006477,416322946,"""input stopped""",[-0.0],"[0, 0, 0, 0]"
173.175089836,,11238,,1583006478,32150983,"""Zero Band""",[-0.0],"[0, 0, 0, 0]"
173.177910805,,11239,,1583006478,35119056,"""Zero Band""",[-0.0],"[0, 0, 0, 0]"
173.184553146,,11240,,1583006478,37062883,"""Zero Band""",[0.023343447595834732],"[0, 0, 0, 0]"
173.190200567,,11241,,1583006478,42623996,"""Zero Band""",[0.05591794103384018],"[0, 0, 0, 0]"
173.19732666,,11242,,1583006478,48279047,"""Zero Band""",[0.07760214805603027],"[0, 0, 0, 0]"
173.202271461,,11243,,1583006478,55319070,"""Zero Band""",[0.12103480100631714],"[0, 0, 0, 0]"
173.208346367,,11244,,1583006478,60375928,"""Zero Band""",[0.15357716381549835],"[0, 0, 0, 0]"
173.213797569,,11245,,1583006478,66333055,"""Zero Band""",[0.19697770476341248],"[0, 0, 0, 0]"
173.219484568,,11246,,1583006478,71791887,"""Zero Band""",[0.22955219447612762],"[0, 0, 0, 0]"
173.225491762,,11247,,1583006478,77486991,"""Zero Band""",[0.28381088376045227],"[0, 0, 0, 0]"
173.226227283,,11248,,1583006478,83393096,"""Soft-Hard Sip Deadband""",[0.3380695879459381],"[0, 0, 0, 0]"
173.227135181,,11249,,1583006478,84326982,"""Soft-Hard Sip Deadband""",[0.39232829213142395],"[0, 0, 0, 0]"
173.227908134,,11250,,1583006478,85119009,"""Soft-Hard Sip Deadband""",[0.4574451446533203],"[0, 0, 0, 0]"
173.232376099,,11251,,1583006478,85885047,"""Hard Sip""",[0.5117038488388062],"[0, 0, 0, 1]"
173.238236904,,11252,,1583006478,90373992,"""Hard Sip""",[0.565962553024292],"[0, 0, 0, 1]"
173.24489212,,11253,,1583006478,96224069,"""Zero Band""",[0.6527636051177979],"[0, 0, 0, 0]"
173.251935244,,11254,,1583006478,102843999,"""Zero Band""",[0.7178804874420166],"[0, 0, 0, 0]"
173.258747816,,11255,,1583006478,110011100,"""Zero Band""",[0.7829973101615906],"[0, 0, 0, 0]"
173.264583826,,11256,,1583006478,116630077,"""Zero Band""",[0.8698305487632751],"[0, 0, 0, 0]"
173.270409346,,11257,,1583006478,122586965,"""Zero Band""",[0.9349473714828491],"[0, 0, 0, 0]"
173.276364088,,11258,,1583006478,128473997,"""Zero Band""",[1.0],"[0, 0, 0, 0]"
173.613234043,,11259,,1583006478,465183019,"""Zero Band""",[0.9349473714828491],"[0, 0, 0, 0]"
173.618246317,,11260,,1583006478,471286058,"""Zero Band""",[0.8481141924858093],"[0, 0, 0, 0]"
173.62266016,,11261,,1583006478,476224899,"""Zero Band""",[0.7829973101615906],"[0, 0, 0, 0]"
173.62827301,,11262,,1583006478,480705022,"""Zero Band""",[0.7070544362068176],"[0, 0, 0, 0]"
173.634028196,,11263,,1583006478,486112117,"""Zero Band""",[0.6419375538825989],"[0, 0, 0, 0]"
173.638673067,,11264,,1583006478,492013931,"""Zero Band""",[0.565962553024292],"[0, 0, 0, 0]"
173.645801067,,11265,,1583006478,496829032,"""Zero Band""",[0.5117038488388062],"[0, 0, 0, 0]"
173.646998167,,11266,,1583006478,503802061,"""Soft-Hard Sip Deadband""",[0.4574451446533203],"[0, 0, 0, 0]"
173.647917271,,11267,,1583006478,505018949,"""Soft-Hard Sip Deadband""",[0.38147011399269104],"[0, 0, 0, 0]"
173.648784161,,11268,,1583006478,505907058,"""Soft-Hard Sip Deadband""",[0.3380695879459381],"[0, 0, 0, 0]"
173.65424037,,11269,,1583006478,506762981,"""Soft Sip""",[0.28381088376045227],"[0, 0, 1, 0]"
173.659655333,,11270,,1583006478,512233972,"""Soft Sip""",[0.22955219447612762],"[0, 0, 1, 0]"
173.664202929,,11271,,1583006478,517674922,"""Soft Sip""",[0.18611954152584076],"[0, 0, 1, 0]"
173.670209885,,11272,,1583006478,522360086,"""Soft Sip""",[0.15357716381549835],"[0, 0, 1, 0]"
173.677018642,,11273,,1583006478,528201103,"""Soft Sip""",[0.0993184745311737],"[0, 0, 1, 0]"
173.681615114,,11274,,1583006478,534898042,"""Soft Sip""",[0.06674397736787796],"[0, 0, 1, 0]"
173.688220263,,11275,,1583006478,539596080,"""Soft Sip""",[0.03420161083340645],"[0, 0, 1, 0]"
173.689528942,,11276,,1583006478,546315908,"""Zero Band""",[0.0016592431347817183],"[0, 0, 0, 0]"
173.690505266,,11277,,1583006478,547455072,"""Zero Band""",[-0.0],"[0, 0, 0, 0]"
173.691407681,,11278,,1583006478,548494100,"""Zero Band""",[-0.0],"[0, 0, 0, 0]"
173.692283392,,11279,,1583006478,549359083,"""Zero Band""",[-0.0],"[0, 0, 0, 0]"
173.692353487,,11280,,1583006478,549359083,"""input stopped""",[-0.0],"[0, 0, 0, 0]"
174.489331007,,11281,,1583006479,346101045,"""Zero Band""",[-0.0],"[0, 0, 0, 0]"
174.491963148,,11282,,1583006479,349072933,"""Zero Band""",[-0.0],"[0, 0, 0, 0]"
174.494136095,,11283,,1583006479,351152896,"""Zero Band""",[-0.0],"[0, 0, 0, 0]"
174.49804616,,11284,,1583006479,355077028,"""Zero Band""",[-0.0],"[0, 0, 0, 0]"
174.499816895,,11285,,1583006479,357053995,"""Zero Band""",[-0.0],"[0, 0, 0, 0]"
174.506212234,,11286,,1583006479,363153934,"""Zero Band""",[0.0016592431347817183],"[0, 0, 0, 0]"
174.512291908,,11287,,1583006479,365124940,"""Soft Sip""",[0.012485282495617867],"[0, 0, 1, 0]"
174.517993927,,11288,,1583006479,370347023,"""Soft Sip""",[0.023343447595834732],"[0, 0, 1, 0]"
174.522769928,,11289,,1583006479,376091003,"""Soft Sip""",[0.03420161083340645],"[0, 0, 1, 0]"
174.529238462,,11290,,1583006479,380783081,"""Soft Sip""",[0.04505977779626846],"[0, 0, 1, 0]"
174.53446579,,11291,,1583006479,387213945,"""Soft Sip""",[0.05591794103384018],"[0, 0, 1, 0]"
174.540824413,,11292,,1583006479,392585039,"""Soft Sip""",[0.06674397736787796],"[0, 0, 1, 0]"
174.547102451,,11293,,1583006479,398812055,"""Soft Sip""",[0.07760214805603027],"[0, 0, 1, 0]"
174.55249238,,11294,,1583006479,405109882,"""Soft Sip""",[0.08846031129360199],"[0, 0, 1, 0]"
174.55752182,,11295,,1583006479,410401105,"""Soft Sip""",[0.0993184745311737],"[0, 0, 1, 0]"
174.564329386,,11296,,1583006479,415577888,"""Soft Sip""",[0.12103480100631714],"[0, 0, 1, 0]"
174.571155548,,11297,,1583006479,422307968,"""Soft Sip""",[0.13186083734035492],"[0, 0, 1, 0]"
174.579270601,,11298,,1583006479,429342985,"""Soft Sip""",[0.14271900057792664],"[0, 0, 1, 0]"
174.584269285,,11299,,1583006479,437249898,"""Soft Sip""",[0.15357716381549835],"[0, 0, 1, 0]"
174.589997768,,11300,,1583006479,442254066,"""Soft Sip""",[0.16443534195423126],"[0, 0, 1, 0]"
174.594671011,,11301,,1583006479,447968006,"""Soft Sip""",[0.17529350519180298],"[0, 0, 1, 0]"
174.600552082,,11302,,1583006479,452702999,"""Soft Sip""",[0.18611954152584076],"[0, 0, 1, 0]"
174.608246326,,11303,,1583006479,458523988,"""Soft Sip""",[0.19697770476341248],"[0, 0, 1, 0]"
174.6135571,,11304,,1583006479,465936899,"""Soft Sip""",[0.2078358680009842],"[0, 0, 1, 0]"
174.618335724,,11305,,1583006479,471606016,"""Soft Sip""",[0.2186940312385559],"[0, 0, 1, 0]"
174.62356925,,11306,,1583006479,476315975,"""Soft Sip""",[0.22955219447612762],"[0, 0, 1, 0]"
174.628889084,,11307,,1583006479,481683015,"""Soft Sip""",[0.2403782308101654],"[0, 0, 1, 0]"
174.634580851,,11308,,1583006479,486964941,"""Soft Sip""",[0.2512364089488983],"[0, 0, 1, 0]"
174.64079237,,11309,,1583006479,492539882,"""Soft Sip""",[0.26209455728530884],"[0, 0, 1, 0]"
174.646125555,,11310,,1583006479,498894929,"""Soft Sip""",[0.27295273542404175],"[0, 0, 1, 0]"
174.650615692,,11311,,1583006479,504184961,"""Soft Sip""",[0.28381088376045227],"[0, 0, 1, 0]"
174.659009933,,11312,,1583006479,511097908,"""Soft Sip""",[0.2946690618991852],"[0, 0, 1, 0]"
174.678265333,,11313,,1583006479,535135984,"""Soft-Hard Sip Deadband""",[0.30549511313438416],"[0, 0, 0, 0]"
174.686666727,,11314,,1583006479,539056062,"""Soft Sip""",[0.2946690618991852],"[0, 0, 1, 0]"
174.702377319,,11315,,1583006479,553216934,"""Soft Sip""",[0.28381088376045227],"[0, 0, 1, 0]"
174.720240355,,11316,,1583006479,573168039,"""Soft Sip""",[0.27295273542404175],"[0, 0, 1, 0]"
174.730488777,,11317,,1583006479,583170890,"""Soft Sip""",[0.26209455728530884],"[0, 0, 1, 0]"
174.739948273,,11318,,1583006479,591203927,"""Soft Sip""",[0.27295273542404175],"[0, 0, 1, 0]"
174.749538898,,11319,,1583006479,601135015,"""Soft Sip""",[0.28381088376045227],"[0, 0, 1, 0]"
174.755573511,,11320,,1583006479,607567071,"""Soft Sip""",[0.2946690618991852],"[0, 0, 1, 0]"
174.756816864,,11321,,1583006479,613639116,"""Soft-Hard Sip Deadband""",[0.30549511313438416],"[0, 0, 0, 0]"
174.760449409,,11322,,1583006479,617130041,"""Soft-Hard Sip Deadband""",[0.3163532614707947],"[0, 0, 0, 0]"
174.766787529,,11323,,1583006479,623240947,"""Soft-Hard Sip Deadband""",[0.3272114396095276],"[0, 0, 0, 0]"
174.76810956,,11324,,1583006479,625160932,"""Soft-Hard Sip Deadband""",[0.3380695879459381],"[0, 0, 0, 0]"
174.769839525,,11325,,1583006479,627079010,"""Soft-Hard Sip Deadband""",[0.348927766084671],"[0, 0, 0, 0]"
174.774355412,,11326,,1583006479,631156921,"""Soft-Hard Sip Deadband""",[0.3597537875175476],"[0, 0, 0, 0]"
174.778045893,,11327,,1583006479,635108947,"""Soft-Hard Sip Deadband""",[0.3706119656562805],"[0, 0, 0, 0]"
174.782084942,,11328,,1583006479,639101982,"""Soft-Hard Sip Deadband""",[0.38147011399269104],"[0, 0, 0, 0]"
174.786090374,,11329,,1583006479,643104076,"""Soft-Hard Sip Deadband""",[0.39232829213142395],"[0, 0, 0, 0]"
174.792198181,,11330,,1583006479,649148941,"""Soft-Hard Sip Deadband""",[0.4031864404678345],"[0, 0, 0, 0]"
174.794119358,,11331,,1583006479,651128053,"""Soft-Hard Sip Deadband""",[0.4140446186065674],"[0, 0, 0, 0]"
174.800071478,,11332,,1583006479,657133102,"""Soft-Hard Sip Deadband""",[0.42487066984176636],"[0, 0, 0, 0]"
174.801886797,,11333,,1583006479,659087896,"""Soft-Hard Sip Deadband""",[0.4357288181781769],"[0, 0, 0, 0]"
174.808760405,,11334,,1583006479,665260076,"""Soft-Hard Sip Deadband""",[0.4465869963169098],"[0, 0, 0, 0]"
174.81014967,,11335,,1583006479,667202949,"""Soft-Hard Sip Deadband""",[0.4574451446533203],"[0, 0, 0, 0]"
174.813929081,,11336,,1583006479,671133041,"""Soft-Hard Sip Deadband""",[0.4683033227920532],"[0, 0, 0, 0]"
174.819912434,,11337,,1583006479,677078962,"""Soft-Hard Sip Deadband""",[0.4791293442249298],"[0, 0, 0, 0]"
174.826383114,,11338,,1583006479,683161020,"""Soft-Hard Sip Deadband""",[0.4899875223636627],"[0, 0, 0, 0]"
174.838164568,,11339,,1583006479,691107988,"""Zero Band""",[0.5008456707000732],"[0, 0, 0, 0]"
174.842772961,,11340,,1583006479,696221113,"""Zero Band""",[0.5117038488388062],"[0, 0, 0, 0]"
174.848666668,,11341,,1583006479,700798988,"""Zero Band""",[0.5225620269775391],"[0, 0, 0, 0]"
174.854745388,,11342,,1583006479,706692934,"""Zero Band""",[0.533388078212738],"[0, 0, 0, 0]"
174.860031843,,11343,,1583006479,712815046,"""Zero Band""",[0.5442461967468262],"[0, 0, 0, 0]"
174.86614275,,11344,,1583006479,718099117,"""Zero Band""",[0.5551043748855591],"[0, 0, 0, 0]"
174.872485399,,11345,,1583006479,724188089,"""Zero Band""",[0.565962553024292],"[0, 0, 0, 0]"
174.877527952,,11346,,1583006479,730561971,"""Zero Band""",[0.5768207311630249],"[0, 0, 0, 0]"
174.882260561,,11347,,1583006479,735606908,"""Zero Band""",[0.587678849697113],"[0, 0, 0, 0]"
174.90433836,,11348,,1583006479,757128953,"""Zero Band""",[0.598504900932312],"[0, 0, 0, 0]"
174.919345617,,11349,,1583006479,771166086,"""Zero Band""",[0.587678849697113],"[0, 0, 0, 0]"
174.931559801,,11350,,1583006479,781114101,"""Zero Band""",[0.5768207311630249],"[0, 0, 0, 0]"
174.936636448,,11351,,1583006479,789635896,"""Zero Band""",[0.565962553024292],"[0, 0, 0, 0]"
174.942742825,,11352,,1583006479,794699907,"""Zero Band""",[0.5551043748855591],"[0, 0, 0, 0]"
174.949789047,,11353,,1583006479,800832986,"""Zero Band""",[0.5442461967468262],"[0, 0, 0, 0]"
174.95463419,,11354,,1583006479,807837963,"""Zero Band""",[0.533388078212738],"[0, 0, 0, 0]"
174.961489677,,11355,,1583006479,812611103,"""Zero Band""",[0.5225620269775391],"[0, 0, 0, 0]"
174.969049931,,11356,,1583006479,819595098,"""Zero Band""",[0.5117038488388062],"[0, 0, 0, 0]"
174.975164413,,11357,,1583006479,827028036,"""Zero Band""",[0.5008456707000732],"[0, 0, 0, 0]"
174.976481438,,11358,,1583006479,833136081,"""Soft-Hard Sip Deadband""",[0.4899875223636627],"[0, 0, 0, 0]"
174.977396011,,11359,,1583006479,834563016,"""Soft-Hard Sip Deadband""",[0.4791293442249298],"[0, 0, 0, 0]"
174.978226185,,11360,,1583006479,835356950,"""Soft-Hard Sip Deadband""",[0.4683033227920532],"[0, 0, 0, 0]"
174.979014397,,11361,,1583006479,836277961,"""Soft-Hard Sip Deadband""",[0.4574451446533203],"[0, 0, 0, 0]"
174.992594242,,11362,,1583006479,849210023,"""Soft-Hard Sip Deadband""",[0.4683033227920532],"[0, 0, 0, 0]"
175.012167931,,11363,,1583006479,869108915,"""Soft-Hard Sip Deadband""",[0.4791293442249298],"[0, 0, 0, 0]"
175.032363653,,11364,,1583006479,889125108,"""Soft-Hard Sip Deadband""",[0.4683033227920532],"[0, 0, 0, 0]"
175.038151026,,11365,,1583006479,895111083,"""Soft-Hard Sip Deadband""",[0.4574451446533203],"[0, 0, 0, 0]"
175.046159029,,11366,,1583006479,903121948,"""Soft-Hard Sip Deadband""",[0.4465869963169098],"[0, 0, 0, 0]"
175.064248323,,11367,,1583006479,921092987,"""Soft-Hard Sip Deadband""",[0.4357288181781769],"[0, 0, 0, 0]"
175.080492973,,11368,,1583006479,937206983,"""Soft-Hard Sip Deadband""",[0.42487066984176636],"[0, 0, 0, 0]"
175.096329451,,11369,,1583006479,953190088,"""Soft-Hard Sip Deadband""",[0.4140446186065674],"[0, 0, 0, 0]"
175.10222888,,11370,,1583006479,959152936,"""Soft-Hard Sip Deadband""",[0.4031864404678345],"[0, 0, 0, 0]"
175.10594511,,11371,,1583006479,963123083,"""Soft-Hard Sip Deadband""",[0.39232829213142395],"[0, 0, 0, 0]"
175.11226368,,11372,,1583006479,969158887,"""Soft-Hard Sip Deadband""",[0.38147011399269104],"[0, 0, 0, 0]"
175.124518156,,11373,,1583006479,981195926,"""Soft-Hard Sip Deadband""",[0.3706119656562805],"[0, 0, 0, 0]"
175.130142689,,11374,,1583006479,987186908,"""Soft-Hard Sip Deadband""",[0.3597537875175476],"[0, 0, 0, 0]"
175.140041113,,11375,,1583006479,997142076,"""Soft-Hard Sip Deadband""",[0.348927766084671],"[0, 0, 0, 0]"
175.148316622,,11376,,1583006480,5182981,"""Soft-Hard Sip Deadband""",[0.3380695879459381],"[0, 0, 0, 0]"
175.164063931,,11377,,1583006480,21173000,"""Soft-Hard Sip Deadband""",[0.3272114396095276],"[0, 0, 0, 0]"
175.167832851,,11378,,1583006480,25054931,"""Soft-Hard Sip Deadband""",[0.3380695879459381],"[0, 0, 0, 0]"
175.174620867,,11379,,1583006480,31162023,"""Soft-Hard Sip Deadband""",[0.3272114396095276],"[0, 0, 0, 0]"
175.180260181,,11380,,1583006480,37156105,"""Soft-Hard Sip Deadband""",[0.3380695879459381],"[0, 0, 0, 0]"
175.192436934,,11381,,1583006480,49268007,"""Soft-Hard Sip Deadband""",[0.348927766084671],"[0, 0, 0, 0]"
175.206151009,,11382,,1583006480,63183069,"""Soft-Hard Sip Deadband""",[0.3597537875175476],"[0, 0, 0, 0]"
175.215954304,,11383,,1583006480,73069095,"""Soft-Hard Sip Deadband""",[0.3706119656562805],"[0, 0, 0, 0]"
175.228405714,,11384,,1583006480,85143089,"""Soft-Hard Sip Deadband""",[0.38147011399269104],"[0, 0, 0, 0]"
175.236148834,,11385,,1583006480,93148946,"""Soft-Hard Sip Deadband""",[0.39232829213142395],"[0, 0, 0, 0]"
175.244275331,,11386,,1583006480,101100921,"""Soft-Hard Sip Deadband""",[0.4031864404678345],"[0, 0, 0, 0]"
175.254087925,,11387,,1583006480,111146926,"""Soft-Hard Sip Deadband""",[0.4140446186065674],"[0, 0, 0, 0]"
175.268092155,,11388,,1583006480,125148057,"""Soft-Hard Sip Deadband""",[0.42487066984176636],"[0, 0, 0, 0]"
175.292599678,,11389,,1583006480,149332046,"""Soft-Hard Sip Deadband""",[0.4357288181781769],"[0, 0, 0, 0]"
175.336315393,,11390,,1583006480,193114995,"""Soft-Hard Sip Deadband""",[0.4465869963169098],"[0, 0, 0, 0]"
175.342021942,,11391,,1583006480,199105024,"""Soft-Hard Sip Deadband""",[0.4574451446533203],"[0, 0, 0, 0]"
175.345956564,,11392,,1583006480,203109979,"""Soft-Hard Sip Deadband""",[0.4465869963169098],"[0, 0, 0, 0]"
175.348039389,,11393,,1583006480,205158948,"""Soft-Hard Sip Deadband""",[0.4574451446533203],"[0, 0, 0, 0]"
175.366229296,,11394,,1583006480,223191022,"""Soft-Hard Sip Deadband""",[0.4465869963169098],"[0, 0, 0, 0]"
175.376256704,,11395,,1583006480,233160972,"""Soft-Hard Sip Deadband""",[0.4357288181781769],"[0, 0, 0, 0]"
175.38005209,,11396,,1583006480,237083911,"""Soft-Hard Sip Deadband""",[0.42487066984176636],"[0, 0, 0, 0]"
175.38812089,,11397,,1583006480,245074987,"""Soft-Hard Sip Deadband""",[0.4140446186065674],"[0, 0, 0, 0]"
175.394067287,,11398,,1583006480,251101970,"""Soft-Hard Sip Deadband""",[0.4031864404678345],"[0, 0, 0, 0]"
175.432387352,,11399,,1583006480,289165973,"""Soft-Hard Sip Deadband""",[0.39232829213142395],"[0, 0, 0, 0]"
175.444139242,,11400,,1583006480,301105022,"""Soft-Hard Sip Deadband""",[0.38147011399269104],"[0, 0, 0, 0]"
175.45004034,,11401,,1583006480,307121992,"""Soft-Hard Sip Deadband""",[0.3706119656562805],"[0, 0, 0, 0]"
175.454070807,,11402,,1583006480,311131954,"""Soft-Hard Sip Deadband""",[0.3597537875175476],"[0, 0, 0, 0]"
175.458461761,,11403,,1583006480,315093994,"""Soft-Hard Sip Deadband""",[0.348927766084671],"[0, 0, 0, 0]"
175.46016407,,11404,,1583006480,317105054,"""Soft-Hard Sip Deadband""",[0.3380695879459381],"[0, 0, 0, 0]"
175.466491222,,11405,,1583006480,323136091,"""Soft-Hard Sip Deadband""",[0.3272114396095276],"[0, 0, 0, 0]"
175.468041897,,11406,,1583006480,325105905,"""Soft-Hard Sip Deadband""",[0.3163532614707947],"[0, 0, 0, 0]"
175.470281839,,11407,,1583006480,327089071,"""Soft-Hard Sip Deadband""",[0.30549511313438416],"[0, 0, 0, 0]"
175.477525473,,11408,,1583006480,329148054,"""Soft Sip""",[0.2946690618991852],"[0, 0, 1, 0]"
175.48250103,,11409,,1583006480,335614919,"""Soft Sip""",[0.28381088376045227],"[0, 0, 1, 0]"
175.488894701,,11410,,1583006480,340560913,"""Soft Sip""",[0.27295273542404175],"[0, 0, 1, 0]"
175.495050907,,11411,,1583006480,346931934,"""Soft Sip""",[0.26209455728530884],"[0, 0, 1, 0]"
175.500891209,,11412,,1583006480,353210926,"""Soft Sip""",[0.2512364089488983],"[0, 0, 1, 0]"
175.505875587,,11413,,1583006480,359010934,"""Soft Sip""",[0.2403782308101654],"[0, 0, 1, 0]"
175.512824535,,11414,,1583006480,363941907,"""Soft Sip""",[0.22955219447612762],"[0, 0, 1, 0]"
175.518657207,,11415,,1583006480,370899915,"""Soft Sip""",[0.2186940312385559],"[0, 0, 1, 0]"
175.526462555,,11416,,1583006480,376718044,"""Soft Sip""",[0.2078358680009842],"[0, 0, 1, 0]"
175.563734531,,11417,,1583006480,384579896,"""Soft Sip""",[0.19697770476341248],"[0, 0, 1, 0]"
175.568742275,,11418,,1583006480,421787977,"""Soft Sip""",[0.2078358680009842],"[0, 0, 1, 0]"
175.574810743,,11419,,1583006480,426842927,"""Soft Sip""",[0.19697770476341248],"[0, 0, 1, 0]"
175.579850912,,11420,,1583006480,432784080,"""Soft Sip""",[0.2078358680009842],"[0, 0, 1, 0]"
175.585333347,,11421,,1583006480,437828063,"""Soft Sip""",[0.2186940312385559],"[0, 0, 1, 0]"
175.590598106,,11422,,1583006480,443393945,"""Soft Sip""",[0.22955219447612762],"[0, 0, 1, 0]"
175.597040176,,11423,,1583006480,448662996,"""Soft Sip""",[0.2403782308101654],"[0, 0, 1, 0]"
175.619649649,,11424,,1583006480,471148967,"""Soft Sip""",[0.2512364089488983],"[0, 0, 1, 0]"
175.63093257,,11425,,1583006480,483340978,"""Soft Sip""",[0.26209455728530884],"[0, 0, 1, 0]"
175.638788939,,11426,,1583006480,491190910,"""Soft Sip""",[0.27295273542404175],"[0, 0, 1, 0]"
175.645363092,,11427,,1583006480,497087955,"""Soft Sip""",[0.28381088376045227],"[0, 0, 1, 0]"
175.650638819,,11428,,1583006480,503423929,"""Soft Sip""",[0.2946690618991852],"[0, 0, 1, 0]"
175.651491642,,11429,,1583006480,508698940,"""Soft-Hard Sip Deadband""",[0.30549511313438416],"[0, 0, 0, 0]"
175.652196407,,11430,,1583006480,509521007,"""Soft-Hard Sip Deadband""",[0.3163532614707947],"[0, 0, 0, 0]"
175.660493612,,11431,,1583006480,517246007,"""Soft-Hard Sip Deadband""",[0.3272114396095276],"[0, 0, 0, 0]"
175.666603804,,11432,,1583006480,523205041,"""Soft-Hard Sip Deadband""",[0.3380695879459381],"[0, 0, 0, 0]"
175.676464081,,11433,,1583006480,533229112,"""Soft-Hard Sip Deadband""",[0.348927766084671],"[0, 0, 0, 0]"
175.708875418,,11434,,1583006480,565174102,"""Soft-Hard Sip Deadband""",[0.3597537875175476],"[0, 0, 0, 0]"
175.718397856,,11435,,1583006480,575170040,"""Soft-Hard Sip Deadband""",[0.3706119656562805],"[0, 0, 0, 0]"
175.726600409,,11436,,1583006480,583236932,"""Soft-Hard Sip Deadband""",[0.38147011399269104],"[0, 0, 0, 0]"
175.738491297,,11437,,1583006480,595163106,"""Soft-Hard Sip Deadband""",[0.39232829213142395],"[0, 0, 0, 0]"
175.744477272,,11438,,1583006480,601100921,"""Soft-Hard Sip Deadband""",[0.4031864404678345],"[0, 0, 0, 0]"
175.745863914,,11439,,1583006480,603061914,"""Soft-Hard Sip Deadband""",[0.4140446186065674],"[0, 0, 0, 0]"
175.751989603,,11440,,1583006480,609071016,"""Soft-Hard Sip Deadband""",[0.42487066984176636],"[0, 0, 0, 0]"
175.754007816,,11441,,1583006480,611092090,"""Soft-Hard Sip Deadband""",[0.4357288181781769],"[0, 0, 0, 0]"
175.756032944,,11442,,1583006480,613085031,"""Soft-Hard Sip Deadband""",[0.4574451446533203],"[0, 0, 0, 0]"
175.760229111,,11443,,1583006480,617150068,"""Soft-Hard Sip Deadband""",[0.4683033227920532],"[0, 0, 0, 0]"
175.761795044,,11444,,1583006480,619076967,"""Soft-Hard Sip Deadband""",[0.4791293442249298],"[0, 0, 0, 0]"
175.763811827,,11445,,1583006480,621046066,"""Soft-Hard Sip Deadband""",[0.4899875223636627],"[0, 0, 0, 0]"
175.774641514,,11446,,1583006480,625066041,"""Zero Band""",[0.5008456707000732],"[0, 0, 0, 0]"
175.780971527,,11447,,1583006480,632746934,"""Zero Band""",[0.5225620269775391],"[0, 0, 0, 0]"
175.786722183,,11448,,1583006480,639082908,"""Zero Band""",[0.533388078212738],"[0, 0, 0, 0]"
175.792849302,,11449,,1583006480,644701004,"""Zero Band""",[0.5442461967468262],"[0, 0, 0, 0]"
175.799373865,,11450,,1583006480,650924921,"""Zero Band""",[0.5551043748855591],"[0, 0, 0, 0]"
175.805061102,,11451,,1583006480,657439947,"""Zero Band""",[0.565962553024292],"[0, 0, 0, 0]"
175.811434507,,11452,,1583006480,663141965,"""Zero Band""",[0.587678849697113],"[0, 0, 0, 0]"
175.816977262,,11453,,1583006480,669418096,"""Zero Band""",[0.6093630790710449],"[0, 0, 0, 0]"
175.823101521,,11454,,1583006480,675039052,"""Zero Band""",[0.6202212572097778],"[0, 0, 0, 0]"
175.828710318,,11455,,1583006480,681071996,"""Zero Band""",[0.6310794353485107],"[0, 0, 0, 0]"
175.834804535,,11456,,1583006480,686681032,"""Zero Band""",[0.6419375538825989],"[0, 0, 0, 0]"
175.840932369,,11457,,1583006480,692919969,"""Zero Band""",[0.6310794353485107],"[0, 0, 0, 0]"
175.846459866,,11458,,1583006480,698956966,"""Zero Band""",[0.6419375538825989],"[0, 0, 0, 0]"
175.852053642,,11459,,1583006480,704566955,"""Zero Band""",[0.6310794353485107],"[0, 0, 0, 0]"
175.891463757,,11460,,1583006480,743225097,"""Zero Band""",[0.6419375538825989],"[0, 0, 0, 0]"
175.899243832,,11461,,1583006480,751329898,"""Zero Band""",[0.6527636051177979],"[0, 0, 0, 0]"
175.905174971,,11462,,1583006480,757350921,"""Zero Band""",[0.6636217832565308],"[0, 0, 0, 0]"
175.911203623,,11463,,1583006480,763252019,"""Zero Band""",[0.6744799613952637],"[0, 0, 0, 0]"
175.916460514,,11464,,1583006480,769252061,"""Zero Band""",[0.6853380799293518],"[0, 0, 0, 0]"
175.921463966,,11465,,1583006480,774502038,"""Zero Band""",[0.6961962580680847],"[0, 0, 0, 0]"
175.936196566,,11466,,1583006480,787368059,"""Zero Band""",[0.6853380799293518],"[0, 0, 0, 0]"
175.947897196,,11467,,1583006480,799164056,"""Zero Band""",[0.6744799613952637],"[0, 0, 0, 0]"
175.956468821,,11468,,1583006480,809159040,"""Zero Band""",[0.6636217832565308],"[0, 0, 0, 0]"
175.963172674,,11469,,1583006480,814559936,"""Zero Band""",[0.6527636051177979],"[0, 0, 0, 0]"
175.969691277,,11470,,1583006480,821304082,"""Zero Band""",[0.6419375538825989],"[0, 0, 0, 0]"
175.975875378,,11471,,1583006480,827723026,"""Zero Band""",[0.6310794353485107],"[0, 0, 0, 0]"
175.983337879,,11472,,1583006480,833857059,"""Zero Band""",[0.6202212572097778],"[0, 0, 0, 0]"
175.988817453,,11473,,1583006480,841439962,"""Zero Band""",[0.6093630790710449],"[0, 0, 0, 0]"
175.994560242,,11474,,1583006480,847017049,"""Zero Band""",[0.598504900932312],"[0, 0, 0, 0]"
176.001183271,,11475,,1583006480,852545022,"""Zero Band""",[0.5768207311630249],"[0, 0, 0, 0]"
176.006921053,,11476,,1583006480,859258890,"""Zero Band""",[0.565962553024292],"[0, 0, 0, 0]"
176.014362574,,11477,,1583006480,864895105,"""Zero Band""",[0.5551043748855591],"[0, 0, 0, 0]"
176.020007849,,11478,,1583006480,872337102,"""Zero Band""",[0.533388078212738],"[0, 0, 0, 0]"
176.027359247,,11479,,1583006480,878061056,"""Zero Band""",[0.5225620269775391],"[0, 0, 0, 0]"
176.032771587,,11480,,1583006480,885242938,"""Zero Band""",[0.5117038488388062],"[0, 0, 0, 0]"
176.039050579,,11481,,1583006480,890934944,"""Zero Band""",[0.5008456707000732],"[0, 0, 0, 0]"
176.039927483,,11482,,1583006480,897051095,"""Soft-Hard Sip Deadband""",[0.4791293442249298],"[0, 0, 0, 0]"
176.040715218,,11483,,1583006480,897901058,"""Soft-Hard Sip Deadband""",[0.4683033227920532],"[0, 0, 0, 0]"
176.041680098,,11484,,1583006480,898709058,"""Soft-Hard Sip Deadband""",[0.4465869963169098],"[0, 0, 0, 0]"
176.042568684,,11485,,1583006480,899672985,"""Soft-Hard Sip Deadband""",[0.4357288181781769],"[0, 0, 0, 0]"
176.04349184,,11486,,1583006480,900577068,"""Soft-Hard Sip Deadband""",[0.4140446186065674],"[0, 0, 0, 0]"
176.044734478,,11487,,1583006480,901463031,"""Soft-Hard Sip Deadband""",[0.4031864404678345],"[0, 0, 0, 0]"
176.045581579,,11488,,1583006480,902705907,"""Soft-Hard Sip Deadband""",[0.38147011399269104],"[0, 0, 0, 0]"
176.046303511,,11489,,1583006480,903563976,"""Soft-Hard Sip Deadband""",[0.3706119656562805],"[0, 0, 0, 0]"
176.047017574,,11490,,1583006480,904300928,"""Soft-Hard Sip Deadband""",[0.348927766084671],"[0, 0, 0, 0]"
176.047837257,,11491,,1583006480,905039072,"""Soft-Hard Sip Deadband""",[0.3380695879459381],"[0, 0, 0, 0]"
176.048522234,,11492,,1583006480,905760049,"""Soft-Hard Sip Deadband""",[0.3163532614707947],"[0, 0, 0, 0]"
176.049246788,,11493,,1583006480,906610965,"""Soft-Hard Sip Deadband""",[0.30549511313438416],"[0, 0, 0, 0]"
176.055136681,,11494,,1583006480,907227993,"""Soft Sip""",[0.28381088376045227],"[0, 0, 1, 0]"
176.06330061,,11495,,1583006480,913124084,"""Soft Sip""",[0.27295273542404175],"[0, 0, 1, 0]"
176.06820631,,11496,,1583006480,921268939,"""Soft Sip""",[0.2512364089488983],"[0, 0, 1, 0]"
176.073247433,,11497,,1583006480,926186084,"""Soft Sip""",[0.2403782308101654],"[0, 0, 1, 0]"
176.07819581,,11498,,1583006480,931329011,"""Soft Sip""",[0.22955219447612762],"[0, 0, 1, 0]"
176.083040953,,11499,,1583006480,936177968,"""Soft Sip""",[0.2078358680009842],"[0, 0, 1, 0]"
176.088918447,,11500,,1583006480,941102981,"""Soft Sip""",[0.19697770476341248],"[0, 0, 1, 0]"
176.096449375,,11501,,1583006480,946932077,"""Soft Sip""",[0.18611954152584076],"[0, 0, 1, 0]"
176.101485252,,11502,,1583006480,954340934,"""Soft Sip""",[0.17529350519180298],"[0, 0, 1, 0]"
176.108459473,,11503,,1583006480,959549903,"""Soft Sip""",[0.16443534195423126],"[0, 0, 1, 0]"
176.113863945,,11504,,1583006480,966609954,"""Soft Sip""",[0.14271900057792664],"[0, 0, 1, 0]"
176.119904757,,11505,,1583006480,971877098,"""Soft Sip""",[0.13186083734035492],"[0, 0, 1, 0]"
176.127619505,,11506,,1583006480,977871894,"""Soft Sip""",[0.12103480100631714],"[0, 0, 1, 0]"
176.132509232,,11507,,1583006480,985594034,"""Soft Sip""",[0.11017663776874542],"[0, 0, 1, 0]"
176.137391329,,11508,,1583006480,990485906,"""Soft Sip""",[0.0993184745311737],"[0, 0, 1, 0]"
176.145377636,,11509,,1583006480,995371103,"""Soft Sip""",[0.08846031129360199],"[0, 0, 1, 0]"
176.150743246,,11510,,1583006481,3364086,"""Soft Sip""",[0.07760214805603027],"[0, 0, 1, 0]"
176.158489943,,11511,,1583006481,8877038,"""Soft Sip""",[0.06674397736787796],"[0, 0, 1, 0]"
176.165254831,,11512,,1583006481,16530990,"""Soft Sip""",[0.05591794103384018],"[0, 0, 1, 0]"
176.170211315,,11513,,1583006481,23233890,"""Soft Sip""",[0.06674397736787796],"[0, 0, 1, 0]"
176.176240683,,11514,,1583006481,28283119,"""Soft Sip""",[0.07760214805603027],"[0, 0, 1, 0]"
176.182018042,,11515,,1583006481,34219980,"""Soft Sip""",[0.08846031129360199],"[0, 0, 1, 0]"
176.187603474,,11516,,1583006481,40030002,"""Soft Sip""",[0.0993184745311737],"[0, 0, 1, 0]"
176.194096088,,11517,,1583006481,45622110,"""Soft Sip""",[0.11017663776874542],"[0, 0, 1, 0]"
176.199351311,,11518,,1583006481,52222013,"""Soft Sip""",[0.12103480100631714],"[0, 0, 1, 0]"
176.204193115,,11519,,1583006481,57354927,"""Soft Sip""",[0.13186083734035492],"[0, 0, 1, 0]"
176.210057974,,11520,,1583006481,62081098,"""Soft Sip""",[0.14271900057792664],"[0, 0, 1, 0]"
176.215607882,,11521,,1583006481,68042039,"""Soft Sip""",[0.15357716381549835],"[0, 0, 1, 0]"
176.221125841,,11522,,1583006481,73590040,"""Soft Sip""",[0.16443534195423126],"[0, 0, 1, 0]"
176.226885796,,11523,,1583006481,79142093,"""Soft Sip""",[0.17529350519180298],"[0, 0, 1, 0]"
176.2320261,,11524,,1583006481,84882020,"""Soft Sip""",[0.18611954152584076],"[0, 0, 1, 0]"
176.237324953,,11525,,1583006481,90145111,"""Soft Sip""",[0.19697770476341248],"[0, 0, 1, 0]"
176.24290967,,11526,,1583006481,95073938,"""Soft Sip""",[0.2078358680009842],"[0, 0, 1, 0]"
176.249110937,,11527,,1583006481,100888013,"""Soft Sip""",[0.22955219447612762],"[0, 0, 1, 0]"
176.25455308,,11528,,1583006481,107093095,"""Soft Sip""",[0.2403782308101654],"[0, 0, 1, 0]"
176.260233879,,11529,,1583006481,112544059,"""Soft Sip""",[0.2512364089488983],"[0, 0, 1, 0]"
176.266138554,,11530,,1583006481,118191957,"""Soft Sip""",[0.26209455728530884],"[0, 0, 1, 0]"
176.271402836,,11531,,1583006481,124119043,"""Soft Sip""",[0.27295273542404175],"[0, 0, 1, 0]"
176.277118921,,11532,,1583006481,129374027,"""Soft Sip""",[0.28381088376045227],"[0, 0, 1, 0]"
176.283775806,,11533,,1583006481,135324954,"""Soft Sip""",[0.2946690618991852],"[0, 0, 1, 0]"
176.284672022,,11534,,1583006481,141772031,"""Soft-Hard Sip Deadband""",[0.30549511313438416],"[0, 0, 0, 0]"
176.285676718,,11535,,1583006481,142647027,"""Soft-Hard Sip Deadband""",[0.3163532614707947],"[0, 0, 0, 0]"
176.286273479,,11536,,1583006481,143452882,"""Soft-Hard Sip Deadband""",[0.30549511313438416],"[0, 0, 0, 0]"
176.292745352,,11537,,1583006481,144247055,"""Soft Sip""",[0.2946690618991852],"[0, 0, 1, 0]"
176.298862934,,11538,,1583006481,150716066,"""Soft Sip""",[0.28381088376045227],"[0, 0, 1, 0]"
176.303896904,,11539,,1583006481,156843900,"""Soft Sip""",[0.27295273542404175],"[0, 0, 1, 0]"
176.311032295,,11540,,1583006481,161876916,"""Soft Sip""",[0.26209455728530884],"[0, 0, 1, 0]"
176.316018343,,11541,,1583006481,169034957,"""Soft Sip""",[0.2512364089488983],"[0, 0, 1, 0]"
176.321158409,,11542,,1583006481,173995971,"""Soft Sip""",[0.2403782308101654],"[0, 0, 1, 0]"
176.329116821,,11543,,1583006481,179157972,"""Soft Sip""",[0.22955219447612762],"[0, 0, 1, 0]"
176.335793734,,11544,,1583006481,187093973,"""Soft Sip""",[0.2186940312385559],"[0, 0, 1, 0]"
176.340713739,,11545,,1583006481,193785905,"""Soft Sip""",[0.2078358680009842],"[0, 0, 1, 0]"
176.348668098,,11546,,1583006481,198688030,"""Soft Sip""",[0.19697770476341248],"[0, 0, 1, 0]"
176.353071451,,11547,,1583006481,206554889,"""Soft Sip""",[0.18611954152584076],"[0, 0, 1, 0]"
176.357957363,,11548,,1583006481,211158037,"""Soft Sip""",[0.19697770476341248],"[0, 0, 1, 0]"
176.363535404,,11549,,1583006481,215934991,"""Soft Sip""",[0.2078358680009842],"[0, 0, 1, 0]"
176.368050814,,11550,,1583006481,221509933,"""Soft Sip""",[0.2186940312385559],"[0, 0, 1, 0]"
176.373778582,,11551,,1583006481,226124048,"""Soft Sip""",[0.2078358680009842],"[0, 0, 1, 0]"
176.380117893,,11552,,1583006481,231759071,"""Soft Sip""",[0.19697770476341248],"[0, 0, 1, 0]"
176.38485527,,11553,,1583006481,237951040,"""Soft Sip""",[0.2078358680009842],"[0, 0, 1, 0]"
176.390353441,,11554,,1583006481,242902040,"""Soft Sip""",[0.2186940312385559],"[0, 0, 1, 0]"
176.39550519,,11555,,1583006481,248383998,"""Soft Sip""",[0.22955219447612762],"[0, 0, 1, 0]"
176.419555187,,11556,,1583006481,271254062,"""Soft Sip""",[0.2186940312385559],"[0, 0, 1, 0]"
176.426842213,,11557,,1583006481,279094934,"""Soft Sip""",[0.2078358680009842],"[0, 0, 1, 0]"
176.431868792,,11558,,1583006481,285080909,"""Soft Sip""",[0.19697770476341248],"[0, 0, 1, 0]"
176.443314314,,11559,,1583006481,293118953,"""Soft Sip""",[0.18611954152584076],"[0, 0, 1, 0]"
176.448608637,,11560,,1583006481,301364898,"""Soft Sip""",[0.17529350519180298],"[0, 0, 1, 0]"
176.460145473,,11561,,1583006481,311125040,"""Soft Sip""",[0.16443534195423126],"[0, 0, 1, 0]"
176.482424736,,11562,,1583006481,335232019,"""Soft Sip""",[0.15357716381549835],"[0, 0, 1, 0]"
176.497429132,,11563,,1583006481,349240064,"""Soft Sip""",[0.14271900057792664],"[0, 0, 1, 0]"
176.51057291,,11564,,1583006481,361187934,"""Soft Sip""",[0.13186083734035492],"[0, 0, 1, 0]"
176.520112753,,11565,,1583006481,371124982,"""Soft Sip""",[0.12103480100631714],"[0, 0, 1, 0]"
176.531655788,,11566,,1583006481,383174896,"""Soft Sip""",[0.11017663776874542],"[0, 0, 1, 0]"
176.56332016,,11567,,1583006481,413197994,"""Soft Sip""",[0.12103480100631714],"[0, 0, 1, 0]"
176.572379351,,11568,,1583006481,425146102,"""Soft Sip""",[0.13186083734035492],"[0, 0, 1, 0]"
176.588549376,,11569,,1583006481,441139936,"""Soft Sip""",[0.14271900057792664],"[0, 0, 1, 0]"
176.599782228,,11570,,1583006481,451222896,"""Soft Sip""",[0.15357716381549835],"[0, 0, 1, 0]"
176.637046576,,11571,,1583006481,487202882,"""Soft Sip""",[0.16443534195423126],"[0, 0, 1, 0]"
176.643914938,,11572,,1583006481,495177030,"""Soft Sip""",[0.15357716381549835],"[0, 0, 1, 0]"
176.651805878,,11573,,1583006481,501983880,"""Soft Sip""",[0.16443534195423126],"[0, 0, 1, 0]"
176.656603813,,11574,,1583006481,509848117,"""Soft Sip""",[0.15357716381549835],"[0, 0, 1, 0]"
176.664985418,,11575,,1583006481,514662981,"""Soft Sip""",[0.16443534195423126],"[0, 0, 1, 0]"
176.676593781,,11576,,1583006481,529123067,"""Soft Sip""",[0.17529350519180298],"[0, 0, 1, 0]"
176.693403721,,11577,,1583006481,545145034,"""Soft Sip""",[0.18611954152584076],"[0, 0, 1, 0]"
176.751740217,,11578,,1583006481,603188037,"""Soft Sip""",[0.17529350519180298],"[0, 0, 1, 0]"
176.759195089,,11579,,1583006481,609806060,"""Soft Sip""",[0.18611954152584076],"[0, 0, 1, 0]"
176.767266035,,11580,,1583006481,617294073,"""Soft Sip""",[0.17529350519180298],"[0, 0, 1, 0]"
176.828108788,,11581,,1583006481,677124977,"""Soft Sip""",[0.16443534195423126],"[0, 0, 1, 0]"
176.838504314,,11582,,1583006481,691118955,"""Soft Sip""",[0.17529350519180298],"[0, 0, 1, 0]"
176.843863964,,11583,,1583006481,696563005,"""Soft Sip""",[0.16443534195423126],"[0, 0, 1, 0]"
176.850545406,,11584,,1583006481,701963901,"""Soft Sip""",[0.17529350519180298],"[0, 0, 1, 0]"
176.856113672,,11585,,1583006481,708626985,"""Soft Sip""",[0.16443534195423126],"[0, 0, 1, 0]"
176.863578796,,11586,,1583006481,714215040,"""Soft Sip""",[0.17529350519180298],"[0, 0, 1, 0]"
176.868491173,,11587,,1583006481,721560001,"""Soft Sip""",[0.16443534195423126],"[0, 0, 1, 0]"
176.873113394,,11588,,1583006481,726573944,"""Soft Sip""",[0.17529350519180298],"[0, 0, 1, 0]"
176.87923193,,11589,,1583006481,731143951,"""Soft Sip""",[0.18611954152584076],"[0, 0, 1, 0]"
176.883997917,,11590,,1583006481,737299919,"""Soft Sip""",[0.17529350519180298],"[0, 0, 1, 0]"
176.889466047,,11591,,1583006481,742063045,"""Soft Sip""",[0.18611954152584076],"[0, 0, 1, 0]"
176.897325516,,11592,,1583006481,747559070,"""Soft Sip""",[0.17529350519180298],"[0, 0, 1, 0]"
176.902392626,,11593,,1583006481,755388975,"""Soft Sip""",[0.18611954152584076],"[0, 0, 1, 0]"
176.971325159,,11594,,1583006481,823133945,"""Soft Sip""",[0.19697770476341248],"[0, 0, 1, 0]"
176.996016264,,11595,,1583006481,847187995,"""Soft Sip""",[0.2078358680009842],"[0, 0, 1, 0]"
177.024097681,,11596,,1583006481,875211000,"""Soft Sip""",[0.2186940312385559],"[0, 0, 1, 0]"
177.030602932,,11597,,1583006481,881982088,"""Soft Sip""",[0.2078358680009842],"[0, 0, 1, 0]"
177.040513515,,11598,,1583006481,893157958,"""Soft Sip""",[0.2186940312385559],"[0, 0, 1, 0]"
177.110053778,,11599,,1583006481,961163043,"""Soft Sip""",[0.2078358680009842],"[0, 0, 1, 0]"
177.210124731,,11600,,1583006482,61196088,"""Soft Sip""",[0.2186940312385559],"[0, 0, 1, 0]"
177.25079298,,11601,,1583006482,101393938,"""Soft Sip""",[0.22955219447612762],"[0, 0, 1, 0]"
177.263245583,,11602,,1583006482,115145921,"""Soft Sip""",[0.2403782308101654],"[0, 0, 1, 0]"
177.268986464,,11603,,1583006482,121318101,"""Soft Sip""",[0.22955219447612762],"[0, 0, 1, 0]"
177.275055885,,11604,,1583006482,126667976,"""Soft Sip""",[0.2403782308101654],"[0, 0, 1, 0]"
177.296019077,,11605,,1583006482,147294998,"""Soft Sip""",[0.2512364089488983],"[0, 0, 1, 0]"
177.302963018,,11606,,1583006482,154069900,"""Soft Sip""",[0.2403782308101654],"[0, 0, 1, 0]"
177.309663296,,11607,,1583006482,161156892,"""Soft Sip""",[0.2512364089488983],"[0, 0, 1, 0]"
177.314602613,,11608,,1583006482,167727947,"""Soft Sip""",[0.2403782308101654],"[0, 0, 1, 0]"
177.325172663,,11609,,1583006482,177112102,"""Soft Sip""",[0.2512364089488983],"[0, 0, 1, 0]"
177.351091146,,11610,,1583006482,203229904,"""Soft Sip""",[0.26209455728530884],"[0, 0, 1, 0]"
177.393016815,,11611,,1583006482,245203018,"""Soft Sip""",[0.27295273542404175],"[0, 0, 1, 0]"
177.432004213,,11612,,1583006482,283230066,"""Soft Sip""",[0.28381088376045227],"[0, 0, 1, 0]"
177.481940508,,11613,,1583006482,333338975,"""Soft Sip""",[0.27295273542404175],"[0, 0, 1, 0]"
177.487212896,,11614,,1583006482,339956045,"""Soft Sip""",[0.28381088376045227],"[0, 0, 1, 0]"
177.535147905,,11615,,1583006482,387263059,"""Soft Sip""",[0.2946690618991852],"[0, 0, 1, 0]"
177.540484905,,11616,,1583006482,393208980,"""Soft Sip""",[0.28381088376045227],"[0, 0, 1, 0]"
177.545096874,,11617,,1583006482,398535966,"""Soft Sip""",[0.2946690618991852],"[0, 0, 1, 0]"
177.568531275,,11618,,1583006482,425220012,"""Soft-Hard Sip Deadband""",[0.30549511313438416],"[0, 0, 0, 0]"
177.614480257,,11619,,1583006482,471148967,"""Soft-Hard Sip Deadband""",[0.3163532614707947],"[0, 0, 0, 0]"
177.620180368,,11620,,1583006482,477104902,"""Soft-Hard Sip Deadband""",[0.30549511313438416],"[0, 0, 0, 0]"
177.621978283,,11621,,1583006482,479101896,"""Soft-Hard Sip Deadband""",[0.3163532614707947],"[0, 0, 0, 0]"
177.684099197,,11622,,1583006482,541171073,"""Soft-Hard Sip Deadband""",[0.3272114396095276],"[0, 0, 0, 0]"
177.70053339,,11623,,1583006482,557168006,"""Soft-Hard Sip Deadband""",[0.3380695879459381],"[0, 0, 0, 0]"
177.712336779,,11624,,1583006482,569185018,"""Soft-Hard Sip Deadband""",[0.348927766084671],"[0, 0, 0, 0]"
177.728103876,,11625,,1583006482,585109949,"""Soft-Hard Sip Deadband""",[0.3597537875175476],"[0, 0, 0, 0]"
177.754477024,,11626,,1583006482,611196994,"""Soft-Hard Sip Deadband""",[0.3706119656562805],"[0, 0, 0, 0]"
177.770334721,,11627,,1583006482,627183914,"""Soft-Hard Sip Deadband""",[0.38147011399269104],"[0, 0, 0, 0]"
177.784170628,,11628,,1583006482,641201019,"""Soft-Hard Sip Deadband""",[0.39232829213142395],"[0, 0, 0, 0]"
177.796259165,,11629,,1583006482,653146028,"""Soft-Hard Sip Deadband""",[0.4031864404678345],"[0, 0, 0, 0]"
177.810056686,,11630,,1583006482,667124032,"""Soft-Hard Sip Deadband""",[0.4140446186065674],"[0, 0, 0, 0]"
177.822177172,,11631,,1583006482,679128885,"""Soft-Hard Sip Deadband""",[0.42487066984176636],"[0, 0, 0, 0]"
177.838058233,,11632,,1583006482,695177078,"""Soft-Hard Sip Deadband""",[0.4357288181781769],"[0, 0, 0, 0]"
177.848825216,,11633,,1583006482,705136060,"""Soft-Hard Sip Deadband""",[0.4465869963169098],"[0, 0, 0, 0]"
177.856538773,,11634,,1583006482,713188886,"""Soft-Hard Sip Deadband""",[0.4574451446533203],"[0, 0, 0, 0]"
177.880768538,,11635,,1583006482,737224102,"""Soft-Hard Sip Deadband""",[0.4683033227920532],"[0, 0, 0, 0]"
177.882286549,,11636,,1583006482,739113092,"""Soft-Hard Sip Deadband""",[0.4574451446533203],"[0, 0, 0, 0]"
177.884430885,,11637,,1583006482,741130113,"""Soft-Hard Sip Deadband""",[0.4683033227920532],"[0, 0, 0, 0]"
177.924423456,,11638,,1583006482,781204938,"""Soft-Hard Sip Deadband""",[0.4574451446533203],"[0, 0, 0, 0]"
177.944420576,,11639,,1583006482,801265001,"""Soft-Hard Sip Deadband""",[0.4465869963169098],"[0, 0, 0, 0]"
177.952197552,,11640,,1583006482,809156894,"""Soft-Hard Sip Deadband""",[0.4357288181781769],"[0, 0, 0, 0]"
177.960076571,,11641,,1583006482,817085027,"""Soft-Hard Sip Deadband""",[0.42487066984176636],"[0, 0, 0, 0]"
177.969872952,,11642,,1583006482,827110052,"""Soft-Hard Sip Deadband""",[0.4140446186065674],"[0, 0, 0, 0]"
177.97649765,,11643,,1583006482,833203077,"""Soft-Hard Sip Deadband""",[0.4031864404678345],"[0, 0, 0, 0]"
177.984143972,,11644,,1583006482,841175079,"""Soft-Hard Sip Deadband""",[0.39232829213142395],"[0, 0, 0, 0]"
178.00018549,,11645,,1583006482,857192039,"""Soft-Hard Sip Deadband""",[0.38147011399269104],"[0, 0, 0, 0]"
178.014390945,,11646,,1583006482,871260881,"""Soft-Hard Sip Deadband""",[0.3706119656562805],"[0, 0, 0, 0]"
178.022109985,,11647,,1583006482,879127979,"""Soft-Hard Sip Deadband""",[0.3597537875175476],"[0, 0, 0, 0]"
178.030435562,,11648,,1583006482,887197017,"""Soft-Hard Sip Deadband""",[0.348927766084671],"[0, 0, 0, 0]"
178.036131859,,11649,,1583006482,893099069,"""Soft-Hard Sip Deadband""",[0.3380695879459381],"[0, 0, 0, 0]"
178.074326992,,11650,,1583006482,931252956,"""Soft-Hard Sip Deadband""",[0.348927766084671],"[0, 0, 0, 0]"
178.098172903,,11651,,1583006482,955174922,"""Soft-Hard Sip Deadband""",[0.3597537875175476],"[0, 0, 0, 0]"
178.099896669,,11652,,1583006482,957091093,"""Soft-Hard Sip Deadband""",[0.348927766084671],"[0, 0, 0, 0]"
178.104026556,,11653,,1583006482,961107015,"""Soft-Hard Sip Deadband""",[0.3597537875175476],"[0, 0, 0, 0]"
178.122150421,,11654,,1583006482,979167938,"""Soft-Hard Sip Deadband""",[0.348927766084671],"[0, 0, 0, 0]"
178.132355452,,11655,,1583006482,989134073,"""Soft-Hard Sip Deadband""",[0.3380695879459381],"[0, 0, 0, 0]"
178.14196825,,11656,,1583006482,999121904,"""Soft-Hard Sip Deadband""",[0.3272114396095276],"[0, 0, 0, 0]"
178.150101185,,11657,,1583006483,7210969,"""Soft-Hard Sip Deadband""",[0.3163532614707947],"[0, 0, 0, 0]"
178.158313513,,11658,,1583006483,15157938,"""Soft-Hard Sip Deadband""",[0.30549511313438416],"[0, 0, 0, 0]"
178.172172546,,11659,,1583006483,25197029,"""Soft Sip""",[0.2946690618991852],"[0, 0, 1, 0]"
178.187025309,,11660,,1583006483,39171934,"""Soft Sip""",[0.28381088376045227],"[0, 0, 1, 0]"
178.234665871,,11661,,1583006483,87174892,"""Soft Sip""",[0.27295273542404175],"[0, 0, 1, 0]"
178.26031971,,11662,,1583006483,111291885,"""Soft Sip""",[0.26209455728530884],"[0, 0, 1, 0]"
178.299481392,,11663,,1583006483,151329040,"""Soft Sip""",[0.27295273542404175],"[0, 0, 1, 0]"
178.309926271,,11664,,1583006483,163089990,"""Soft Sip""",[0.28381088376045227],"[0, 0, 1, 0]"
178.317303896,,11665,,1583006483,169138908,"""Soft Sip""",[0.2946690618991852],"[0, 0, 1, 0]"
178.32222724,,11666,,1583006483,179131031,"""Soft-Hard Sip Deadband""",[0.30549511313438416],"[0, 0, 0, 0]"
178.330820799,,11667,,1583006483,187192916,"""Soft-Hard Sip Deadband""",[0.3163532614707947],"[0, 0, 0, 0]"
178.342347622,,11668,,1583006483,199198007,"""Soft-Hard Sip Deadband""",[0.3272114396095276],"[0, 0, 0, 0]"
178.34608078,,11669,,1583006483,203186035,"""Soft-Hard Sip Deadband""",[0.3163532614707947],"[0, 0, 0, 0]"
178.347846508,,11670,,1583006483,205082893,"""Soft-Hard Sip Deadband""",[0.3272114396095276],"[0, 0, 0, 0]"
178.366539717,,11671,,1583006483,223223924,"""Soft-Hard Sip Deadband""",[0.3380695879459381],"[0, 0, 0, 0]"
178.368010759,,11672,,1583006483,225128889,"""Soft-Hard Sip Deadband""",[0.3272114396095276],"[0, 0, 0, 0]"
178.371945143,,11673,,1583006483,229089021,"""Soft-Hard Sip Deadband""",[0.3380695879459381],"[0, 0, 0, 0]"
178.382391691,,11674,,1583006483,239182949,"""Soft-Hard Sip Deadband""",[0.3272114396095276],"[0, 0, 0, 0]"
178.384034634,,11675,,1583006483,241072893,"""Soft-Hard Sip Deadband""",[0.3380695879459381],"[0, 0, 0, 0]"
178.442314625,,11676,,1583006483,299237012,"""Soft-Hard Sip Deadband""",[0.3272114396095276],"[0, 0, 0, 0]"
178.468410969,,11677,,1583006483,325145006,"""Soft-Hard Sip Deadband""",[0.3163532614707947],"[0, 0, 0, 0]"
178.588432312,,11678,,1583006483,445226907,"""Soft-Hard Sip Deadband""",[0.30549511313438416],"[0, 0, 0, 0]"
178.61346817,,11679,,1583006483,465106964,"""Soft Sip""",[0.2946690618991852],"[0, 0, 1, 0]"
178.627720594,,11680,,1583006483,479123115,"""Soft Sip""",[0.28381088376045227],"[0, 0, 1, 0]"
178.636146069,,11681,,1583006483,489121913,"""Soft Sip""",[0.27295273542404175],"[0, 0, 1, 0]"
178.659397125,,11682,,1583006483,511161088,"""Soft Sip""",[0.26209455728530884],"[0, 0, 1, 0]"
178.666075945,,11683,,1583006483,517585992,"""Soft Sip""",[0.27295273542404175],"[0, 0, 1, 0]"
178.67322731,,11684,,1583006483,524182081,"""Soft Sip""",[0.26209455728530884],"[0, 0, 1, 0]"
178.709660053,,11685,,1583006483,561212062,"""Soft Sip""",[0.27295273542404175],"[0, 0, 1, 0]"
178.724163294,,11686,,1583006483,577115058,"""Soft Sip""",[0.28381088376045227],"[0, 0, 1, 0]"
178.73805809,,11687,,1583006483,589148044,"""Soft Sip""",[0.2946690618991852],"[0, 0, 1, 0]"
178.745524406,,11688,,1583006483,596160888,"""Soft Sip""",[0.28381088376045227],"[0, 0, 1, 0]"
178.750968933,,11689,,1583006483,603580951,"""Soft Sip""",[0.2946690618991852],"[0, 0, 1, 0]"
178.75168848,,11690,,1583006483,608844041,"""Soft-Hard Sip Deadband""",[0.30549511313438416],"[0, 0, 0, 0]"
178.758036137,,11691,,1583006483,615145921,"""Soft-Hard Sip Deadband""",[0.3163532614707947],"[0, 0, 0, 0]"
178.764451742,,11692,,1583006483,621170043,"""Soft-Hard Sip Deadband""",[0.3272114396095276],"[0, 0, 0, 0]"
178.772901535,,11693,,1583006483,629211902,"""Soft-Hard Sip Deadband""",[0.3380695879459381],"[0, 0, 0, 0]"
178.782420874,,11694,,1583006483,639173030,"""Soft-Hard Sip Deadband""",[0.348927766084671],"[0, 0, 0, 0]"
178.800195932,,11695,,1583006483,657183885,"""Soft-Hard Sip Deadband""",[0.3597537875175476],"[0, 0, 0, 0]"
178.824170828,,11696,,1583006483,681144952,"""Soft-Hard Sip Deadband""",[0.3706119656562805],"[0, 0, 0, 0]"
178.856428146,,11697,,1583006483,713208913,"""Soft-Hard Sip Deadband""",[0.3597537875175476],"[0, 0, 0, 0]"
178.858255863,,11698,,1583006483,715101003,"""Soft-Hard Sip Deadband""",[0.3706119656562805],"[0, 0, 0, 0]"
178.860237122,,11699,,1583006483,717097997,"""Soft-Hard Sip Deadband""",[0.3597537875175476],"[0, 0, 0, 0]"
178.888282537,,11700,,1583006483,745189905,"""Soft-Hard Sip Deadband""",[0.348927766084671],"[0, 0, 0, 0]"
178.90416646,,11701,,1583006483,761188030,"""Soft-Hard Sip Deadband""",[0.3380695879459381],"[0, 0, 0, 0]"
178.920406103,,11702,,1583006483,777179002,"""Soft-Hard Sip Deadband""",[0.3272114396095276],"[0, 0, 0, 0]"
178.930331707,,11703,,1583006483,787161111,"""Soft-Hard Sip Deadband""",[0.3163532614707947],"[0, 0, 0, 0]"
178.96096158,,11704,,1583006483,817238092,"""Soft-Hard Sip Deadband""",[0.30549511313438416],"[0, 0, 0, 0]"
178.964036226,,11705,,1583006483,821101903,"""Soft-Hard Sip Deadband""",[0.3163532614707947],"[0, 0, 0, 0]"
179.004267216,,11706,,1583006483,861212015,"""Soft-Hard Sip Deadband""",[0.3272114396095276],"[0, 0, 0, 0]"
179.014280319,,11707,,1583006483,871191978,"""Soft-Hard Sip Deadband""",[0.3380695879459381],"[0, 0, 0, 0]"
179.032323837,,11708,,1583006483,889159917,"""Soft-Hard Sip Deadband""",[0.348927766084671],"[0, 0, 0, 0]"
179.052084208,,11709,,1583006483,909126996,"""Soft-Hard Sip Deadband""",[0.3597537875175476],"[0, 0, 0, 0]"
179.056011438,,11710,,1583006483,913089990,"""Soft-Hard Sip Deadband""",[0.348927766084671],"[0, 0, 0, 0]"
179.066382647,,11711,,1583006483,923182964,"""Soft-Hard Sip Deadband""",[0.3597537875175476],"[0, 0, 0, 0]"
179.067961454,,11712,,1583006483,925092935,"""Soft-Hard Sip Deadband""",[0.348927766084671],"[0, 0, 0, 0]"
179.084531546,,11713,,1583006483,941216945,"""Soft-Hard Sip Deadband""",[0.3380695879459381],"[0, 0, 0, 0]"
179.100219011,,11714,,1583006483,957195997,"""Soft-Hard Sip Deadband""",[0.3272114396095276],"[0, 0, 0, 0]"
179.11648941,,11715,,1583006483,973171949,"""Soft-Hard Sip Deadband""",[0.3163532614707947],"[0, 0, 0, 0]"
179.134278536,,11716,,1583006483,991184949,"""Soft-Hard Sip Deadband""",[0.30549511313438416],"[0, 0, 0, 0]"
179.152463436,,11717,,1583006484,5227088,"""Soft Sip""",[0.2946690618991852],"[0, 0, 1, 0]"
179.153341293,,11718,,1583006484,10516881,"""Soft-Hard Sip Deadband""",[0.30549511313438416],"[0, 0, 0, 0]"
179.158078909,,11719,,1583006484,11382102,"""Soft Sip""",[0.2946690618991852],"[0, 0, 1, 0]"
179.165957212,,11720,,1583006484,17087936,"""Soft Sip""",[0.28381088376045227],"[0, 0, 1, 0]"
179.17267251,,11721,,1583006484,25098085,"""Soft Sip""",[0.27295273542404175],"[0, 0, 1, 0]"
179.182051182,,11722,,1583006484,33117055,"""Soft Sip""",[0.26209455728530884],"[0, 0, 1, 0]"
179.193501234,,11723,,1583006484,45146942,"""Soft Sip""",[0.2512364089488983],"[0, 0, 1, 0]"
179.220362186,,11724,,1583006484,71259975,"""Soft Sip""",[0.26209455728530884],"[0, 0, 1, 0]"
179.225226879,,11725,,1583006484,78464984,"""Soft Sip""",[0.27295273542404175],"[0, 0, 1, 0]"
179.23338604,,11726,,1583006484,85102081,"""Soft Sip""",[0.28381088376045227],"[0, 0, 1, 0]"
179.23880434,,11727,,1583006484,91434001,"""Soft Sip""",[0.2946690618991852],"[0, 0, 1, 0]"
179.239538431,,11728,,1583006484,96790075,"""Soft-Hard Sip Deadband""",[0.30549511313438416],"[0, 0, 0, 0]"
179.246342897,,11729,,1583006484,103182077,"""Soft-Hard Sip Deadband""",[0.3163532614707947],"[0, 0, 0, 0]"
179.258269072,,11730,,1583006484,115123987,"""Soft-Hard Sip Deadband""",[0.3272114396095276],"[0, 0, 0, 0]"
179.274254084,,11731,,1583006484,131135940,"""Soft-Hard Sip Deadband""",[0.3380695879459381],"[0, 0, 0, 0]"
179.286203384,,11732,,1583006484,143179893,"""Soft-Hard Sip Deadband""",[0.348927766084671],"[0, 0, 0, 0]"
179.294470549,,11733,,1583006484,151089906,"""Soft-Hard Sip Deadband""",[0.3597537875175476],"[0, 0, 0, 0]"
179.300199986,,11734,,1583006484,157129049,"""Soft-Hard Sip Deadband""",[0.3706119656562805],"[0, 0, 0, 0]"
179.305891037,,11735,,1583006484,163091897,"""Soft-Hard Sip Deadband""",[0.38147011399269104],"[0, 0, 0, 0]"
179.310148954,,11736,,1583006484,167120933,"""Soft-Hard Sip Deadband""",[0.39232829213142395],"[0, 0, 0, 0]"
179.316078424,,11737,,1583006484,173130989,"""Soft-Hard Sip Deadband""",[0.4031864404678345],"[0, 0, 0, 0]"
179.324035645,,11738,,1583006484,181106090,"""Soft-Hard Sip Deadband""",[0.4140446186065674],"[0, 0, 0, 0]"
179.331916571,,11739,,1583006484,189101934,"""Soft-Hard Sip Deadband""",[0.42487066984176636],"[0, 0, 0, 0]"
179.338169575,,11740,,1583006484,195252895,"""Soft-Hard Sip Deadband""",[0.4357288181781769],"[0, 0, 0, 0]"
179.352492332,,11741,,1583006484,209187984,"""Soft-Hard Sip Deadband""",[0.4465869963169098],"[0, 0, 0, 0]"
179.364279985,,11742,,1583006484,221168994,"""Soft-Hard Sip Deadband""",[0.4574451446533203],"[0, 0, 0, 0]"
179.376088381,,11743,,1583006484,233094930,"""Soft-Hard Sip Deadband""",[0.4683033227920532],"[0, 0, 0, 0]"
179.380194664,,11744,,1583006484,237106084,"""Soft-Hard Sip Deadband""",[0.4791293442249298],"[0, 0, 0, 0]"
179.386109114,,11745,,1583006484,243138074,"""Soft-Hard Sip Deadband""",[0.4899875223636627],"[0, 0, 0, 0]"
179.39729166,,11746,,1583006484,249114036,"""Zero Band""",[0.5008456707000732],"[0, 0, 0, 0]"
179.40288496,,11747,,1583006484,255311012,"""Zero Band""",[0.5117038488388062],"[0, 0, 0, 0]"
179.407877207,,11748,,1583006484,260905981,"""Zero Band""",[0.5225620269775391],"[0, 0, 0, 0]"
179.414262533,,11749,,1583006484,265959024,"""Zero Band""",[0.533388078212738],"[0, 0, 0, 0]"
179.419083595,,11750,,1583006484,272310018,"""Zero Band""",[0.5442461967468262],"[0, 0, 0, 0]"
179.425133467,,11751,,1583006484,277126073,"""Zero Band""",[0.5551043748855591],"[0, 0, 0, 0]"
179.432320595,,11752,,1583006484,283220052,"""Zero Band""",[0.565962553024292],"[0, 0, 0, 0]"
179.440056324,,11753,,1583006484,293093919,"""Zero Band""",[0.5768207311630249],"[0, 0, 0, 0]"
179.452942848,,11754,,1583006484,305109024,"""Zero Band""",[0.565962553024292],"[0, 0, 0, 0]"
179.468747854,,11755,,1583006484,321247100,"""Zero Band""",[0.5551043748855591],"[0, 0, 0, 0]"
179.478570461,,11756,,1583006484,329119920,"""Zero Band""",[0.5442461967468262],"[0, 0, 0, 0]"
179.48574996,,11757,,1583006484,337122917,"""Zero Band""",[0.533388078212738],"[0, 0, 0, 0]"
179.520833492,,11758,,1583006484,373193979,"""Zero Band""",[0.5225620269775391],"[0, 0, 0, 0]"
179.527894974,,11759,,1583006484,381143093,"""Zero Band""",[0.5117038488388062],"[0, 0, 0, 0]"
179.533300638,,11760,,1583006484,385962009,"""Zero Band""",[0.5008456707000732],"[0, 0, 0, 0]"
179.534267426,,11761,,1583006484,391367912,"""Soft-Hard Sip Deadband""",[0.4899875223636627],"[0, 0, 0, 0]"
179.535067081,,11762,,1583006484,392245054,"""Soft-Hard Sip Deadband""",[0.4791293442249298],"[0, 0, 0, 0]"
179.536103249,,11763,,1583006484,393115043,"""Soft-Hard Sip Deadband""",[0.4683033227920532],"[0, 0, 0, 0]"
179.539965391,,11764,,1583006484,397093057,"""Soft-Hard Sip Deadband""",[0.4465869963169098],"[0, 0, 0, 0]"
179.541953802,,11765,,1583006484,399131059,"""Soft-Hard Sip Deadband""",[0.4357288181781769],"[0, 0, 0, 0]"
179.544014454,,11766,,1583006484,401108026,"""Soft-Hard Sip Deadband""",[0.4140446186065674],"[0, 0, 0, 0]"
179.548241138,,11767,,1583006484,405091047,"""Soft-Hard Sip Deadband""",[0.4031864404678345],"[0, 0, 0, 0]"
179.550421,,11768,,1583006484,407124996,"""Soft-Hard Sip Deadband""",[0.3706119656562805],"[0, 0, 0, 0]"
179.552513838,,11769,,1583006484,409156084,"""Soft-Hard Sip Deadband""",[0.348927766084671],"[0, 0, 0, 0]"
179.554125309,,11770,,1583006484,411114931,"""Soft-Hard Sip Deadband""",[0.3380695879459381],"[0, 0, 0, 0]"
179.558022261,,11771,,1583006484,415112018,"""Soft-Hard Sip Deadband""",[0.30549511313438416],"[0, 0, 0, 0]"
179.565262794,,11772,,1583006484,417102098,"""Soft Sip""",[0.28381088376045227],"[0, 0, 1, 0]"
179.570562601,,11773,,1583006484,423357963,"""Soft Sip""",[0.26209455728530884],"[0, 0, 1, 0]"
179.577082634,,11774,,1583006484,428622961,"""Soft Sip""",[0.22955219447612762],"[0, 0, 1, 0]"
179.585442066,,11775,,1583006484,435189962,"""Soft Sip""",[0.2078358680009842],"[0, 0, 1, 0]"
179.590840816,,11776,,1583006484,443418025,"""Soft Sip""",[0.17529350519180298],"[0, 0, 1, 0]"
179.596600771,,11777,,1583006484,448928117,"""Soft Sip""",[0.15357716381549835],"[0, 0, 1, 0]"
179.601740599,,11778,,1583006484,454576015,"""Soft Sip""",[0.12103480100631714],"[0, 0, 1, 0]"
179.607611179,,11779,,1583006484,459728002,"""Soft Sip""",[0.0993184745311737],"[0, 0, 1, 0]"
179.614345789,,11780,,1583006484,465733051,"""Soft Sip""",[0.07760214805603027],"[0, 0, 1, 0]"
179.620032549,,11781,,1583006484,472318887,"""Soft Sip""",[0.05591794103384018],"[0, 0, 1, 0]"
179.624640226,,11782,,1583006484,477973937,"""Soft Sip""",[0.023343447595834732],"[0, 0, 1, 0]"
179.625519514,,11783,,1583006484,482734918,"""Zero Band""",[-0.0],"[0, 0, 0, 0]"
179.626387119,,11784,,1583006484,483557939,"""Zero Band""",[-0.0],"[0, 0, 0, 0]"
179.627135038,,11785,,1583006484,484361886,"""Zero Band""",[-0.0],"[0, 0, 0, 0]"
179.627990007,,11786,,1583006484,485106945,"""Zero Band""",[-0.0],"[0, 0, 0, 0]"
179.628077269,,11787,,1583006484,485106945,"""input stopped""",[-0.0],"[0, 0, 0, 0]"
179.725263119,,11788,,1583006484,582093000,"""Zero Band""",[-0.0],"[0, 0, 0, 0]"
179.730333328,,11789,,1583006484,587155103,"""Zero Band""",[-0.0],"[0, 0, 0, 0]"
179.734065771,,11790,,1583006484,591116905,"""Zero Band""",[-0.0],"[0, 0, 0, 0]"
179.73605752,,11791,,1583006484,593133926,"""Zero Band""",[-0.0],"[0, 0, 0, 0]"
179.742294312,,11792,,1583006484,599232912,"""Zero Band""",[-0.0],"[0, 0, 0, 0]"
179.744319916,,11793,,1583006484,601145029,"""Zero Band""",[-0.0],"[0, 0, 0, 0]"
179.759079933,,11794,,1583006484,616076946,"""Zero Band""",[-0.0],"[0, 0, 0, 0]"
179.759240866,,11795,,1583006484,616076946,"""input stopped""",[-0.0],"[0, 0, 0, 0]"
180.251422882,,11796,,1583006485,108175992,"""Zero Band""",[-0.0],"[0, 0, 0, 0]"
180.254332066,,11797,,1583006485,111181974,"""Zero Band""",[-0.0],"[0, 0, 0, 0]"
180.258089304,,11798,,1583006485,115080118,"""Zero Band""",[-0.0],"[0, 0, 0, 0]"
180.260140657,,11799,,1583006485,117078065,"""Zero Band""",[-0.0],"[0, 0, 0, 0]"
180.262393713,,11800,,1583006485,119121074,"""Zero Band""",[0.0016592431347817183],"[0, 0, 0, 0]"
180.27139473,,11801,,1583006485,123090982,"""Soft Sip""",[0.023343447595834732],"[0, 0, 1, 0]"
180.276241779,,11802,,1583006485,129477024,"""Soft Sip""",[0.03420161083340645],"[0, 0, 1, 0]"
180.280896187,,11803,,1583006485,134238958,"""Soft Sip""",[0.04505977779626846],"[0, 0, 1, 0]"
180.286692858,,11804,,1583006485,138871908,"""Soft Sip""",[0.05591794103384018],"[0, 0, 1, 0]"
180.292339563,,11805,,1583006485,144756078,"""Soft Sip""",[0.07760214805603027],"[0, 0, 1, 0]"
180.299131393,,11806,,1583006485,150327920,"""Soft Sip""",[0.08846031129360199],"[0, 0, 1, 0]"
180.307215452,,11807,,1583006485,157167911,"""Soft Sip""",[0.0993184745311737],"[0, 0, 1, 0]"
180.311677694,,11808,,1583006485,165108919,"""Soft Sip""",[0.11017663776874542],"[0, 0, 1, 0]"
180.317356348,,11809,,1583006485,169665098,"""Soft Sip""",[0.12103480100631714],"[0, 0, 1, 0]"
180.322023869,,11810,,1583006485,175427913,"""Soft Sip""",[0.13186083734035492],"[0, 0, 1, 0]"
180.327555656,,11811,,1583006485,180035114,"""Soft Sip""",[0.14271900057792664],"[0, 0, 1, 0]"
180.334195852,,11812,,1583006485,185537099,"""Soft Sip""",[0.16443534195423126],"[0, 0, 1, 0]"
180.340124369,,11813,,1583006485,192353963,"""Soft Sip""",[0.18611954152584076],"[0, 0, 1, 0]"
180.347397327,,11814,,1583006485,198095083,"""Soft Sip""",[0.19697770476341248],"[0, 0, 1, 0]"
180.352599144,,11815,,1583006485,205368995,"""Soft Sip""",[0.2078358680009842],"[0, 0, 1, 0]"
180.35738492,,11816,,1583006485,210563898,"""Soft Sip""",[0.2186940312385559],"[0, 0, 1, 0]"
180.363511801,,11817,,1583006485,215394020,"""Soft Sip""",[0.22955219447612762],"[0, 0, 1, 0]"
180.370657206,,11818,,1583006485,221479892,"""Soft Sip""",[0.2403782308101654],"[0, 0, 1, 0]"
180.376969099,,11819,,1583006485,228739023,"""Soft Sip""",[0.2512364089488983],"[0, 0, 1, 0]"
180.384224176,,11820,,1583006485,235070943,"""Soft Sip""",[0.26209455728530884],"[0, 0, 1, 0]"
180.389251947,,11821,,1583006485,242206096,"""Soft Sip""",[0.27295273542404175],"[0, 0, 1, 0]"
180.393771887,,11822,,1583006485,247225046,"""Soft Sip""",[0.28381088376045227],"[0, 0, 1, 0]"
180.400156975,,11823,,1583006485,251876115,"""Soft Sip""",[0.2946690618991852],"[0, 0, 1, 0]"
180.401573896,,11824,,1583006485,258352994,"""Soft-Hard Sip Deadband""",[0.30549511313438416],"[0, 0, 0, 0]"
180.402803659,,11825,,1583006485,259565114,"""Soft-Hard Sip Deadband""",[0.3163532614707947],"[0, 0, 0, 0]"
180.403456926,,11826,,1583006485,260550022,"""Soft-Hard Sip Deadband""",[0.3272114396095276],"[0, 0, 0, 0]"
180.404306173,,11827,,1583006485,261523008,"""Soft-Hard Sip Deadband""",[0.3380695879459381],"[0, 0, 0, 0]"
180.405052662,,11828,,1583006485,262347936,"""Soft-Hard Sip Deadband""",[0.348927766084671],"[0, 0, 0, 0]"
180.410060644,,11829,,1583006485,267142057,"""Soft-Hard Sip Deadband""",[0.3597537875175476],"[0, 0, 0, 0]"
180.418592215,,11830,,1583006485,275217056,"""Soft-Hard Sip Deadband""",[0.3706119656562805],"[0, 0, 0, 0]"
180.430252314,,11831,,1583006485,287209033,"""Soft-Hard Sip Deadband""",[0.3597537875175476],"[0, 0, 0, 0]"
180.436399937,,11832,,1583006485,293179035,"""Soft-Hard Sip Deadband""",[0.348927766084671],"[0, 0, 0, 0]"
180.442335129,,11833,,1583006485,299154043,"""Soft-Hard Sip Deadband""",[0.3380695879459381],"[0, 0, 0, 0]"
180.450498104,,11834,,1583006485,307153940,"""Soft-Hard Sip Deadband""",[0.3272114396095276],"[0, 0, 0, 0]"
180.460103035,,11835,,1583006485,317106962,"""Soft-Hard Sip Deadband""",[0.3163532614707947],"[0, 0, 0, 0]"
180.466145277,,11836,,1583006485,323131084,"""Soft-Hard Sip Deadband""",[0.30549511313438416],"[0, 0, 0, 0]"
180.475328207,,11837,,1583006485,327130079,"""Soft Sip""",[0.2946690618991852],"[0, 0, 1, 0]"
180.488248348,,11838,,1583006485,345156908,"""Soft-Hard Sip Deadband""",[0.30549511313438416],"[0, 0, 0, 0]"
180.494555473,,11839,,1583006485,351243972,"""Soft-Hard Sip Deadband""",[0.3163532614707947],"[0, 0, 0, 0]"
180.499998569,,11840,,1583006485,357112884,"""Soft-Hard Sip Deadband""",[0.3272114396095276],"[0, 0, 0, 0]"
180.50206542,,11841,,1583006485,359076023,"""Soft-Hard Sip Deadband""",[0.3380695879459381],"[0, 0, 0, 0]"
180.50426507,,11842,,1583006485,361155986,"""Soft-Hard Sip Deadband""",[0.348927766084671],"[0, 0, 0, 0]"
180.508576155,,11843,,1583006485,365233898,"""Soft-Hard Sip Deadband""",[0.3597537875175476],"[0, 0, 0, 0]"
180.510256767,,11844,,1583006485,367127895,"""Soft-Hard Sip Deadband""",[0.3706119656562805],"[0, 0, 0, 0]"
180.511864185,,11845,,1583006485,369076013,"""Soft-Hard Sip Deadband""",[0.38147011399269104],"[0, 0, 0, 0]"
180.513859272,,11846,,1583006485,371098995,"""Soft-Hard Sip Deadband""",[0.39232829213142395],"[0, 0, 0, 0]"
180.519885778,,11847,,1583006485,377093076,"""Soft-Hard Sip Deadband""",[0.4031864404678345],"[0, 0, 0, 0]"
180.521915913,,11848,,1583006485,379102945,"""Soft-Hard Sip Deadband""",[0.4140446186065674],"[0, 0, 0, 0]"
180.525974035,,11849,,1583006485,383121967,"""Soft-Hard Sip Deadband""",[0.42487066984176636],"[0, 0, 0, 0]"
180.530311584,,11850,,1583006485,387253999,"""Soft-Hard Sip Deadband""",[0.4357288181781769],"[0, 0, 0, 0]"
180.534029722,,11851,,1583006485,391130924,"""Soft-Hard Sip Deadband""",[0.4465869963169098],"[0, 0, 0, 0]"
180.552398682,,11852,,1583006485,409158945,"""Soft-Hard Sip Deadband""",[0.4357288181781769],"[0, 0, 0, 0]"
180.556025028,,11853,,1583006485,413149118,"""Soft-Hard Sip Deadband""",[0.42487066984176636],"[0, 0, 0, 0]"
180.562159061,,11854,,1583006485,419152021,"""Soft-Hard Sip Deadband""",[0.4140446186065674],"[0, 0, 0, 0]"
180.563987255,,11855,,1583006485,421076059,"""Soft-Hard Sip Deadband""",[0.4031864404678345],"[0, 0, 0, 0]"
180.570181847,,11856,,1583006485,427146911,"""Soft-Hard Sip Deadband""",[0.39232829213142395],"[0, 0, 0, 0]"
180.572138309,,11857,,1583006485,429133892,"""Soft-Hard Sip Deadband""",[0.38147011399269104],"[0, 0, 0, 0]"
180.580500603,,11858,,1583006485,437215089,"""Soft-Hard Sip Deadband""",[0.3706119656562805],"[0, 0, 0, 0]"
180.582090855,,11859,,1583006485,439125061,"""Soft-Hard Sip Deadband""",[0.3597537875175476],"[0, 0, 0, 0]"
180.608603477,,11860,,1583006485,465286016,"""Soft-Hard Sip Deadband""",[0.3706119656562805],"[0, 0, 0, 0]"
180.616224051,,11861,,1583006485,473184108,"""Soft-Hard Sip Deadband""",[0.38147011399269104],"[0, 0, 0, 0]"
180.62422514,,11862,,1583006485,481179952,"""Soft-Hard Sip Deadband""",[0.39232829213142395],"[0, 0, 0, 0]"
180.630254269,,11863,,1583006485,487169027,"""Soft-Hard Sip Deadband""",[0.4031864404678345],"[0, 0, 0, 0]"
180.648528576,,11864,,1583006485,505217075,"""Soft-Hard Sip Deadband""",[0.4140446186065674],"[0, 0, 0, 0]"
180.650090694,,11865,,1583006485,507138967,"""Soft-Hard Sip Deadband""",[0.4031864404678345],"[0, 0, 0, 0]"
180.658112288,,11866,,1583006485,515183925,"""Soft-Hard Sip Deadband""",[0.39232829213142395],"[0, 0, 0, 0]"
180.666033745,,11867,,1583006485,523130893,"""Soft-Hard Sip Deadband""",[0.38147011399269104],"[0, 0, 0, 0]"
180.667864799,,11868,,1583006485,525079011,"""Soft-Hard Sip Deadband""",[0.3706119656562805],"[0, 0, 0, 0]"
180.674001694,,11869,,1583006485,531115055,"""Soft-Hard Sip Deadband""",[0.3597537875175476],"[0, 0, 0, 0]"
180.67603302,,11870,,1583006485,533143043,"""Soft-Hard Sip Deadband""",[0.348927766084671],"[0, 0, 0, 0]"
180.678129435,,11871,,1583006485,535130023,"""Soft-Hard Sip Deadband""",[0.3380695879459381],"[0, 0, 0, 0]"
180.684126377,,11872,,1583006485,541132926,"""Soft-Hard Sip Deadband""",[0.3272114396095276],"[0, 0, 0, 0]"
180.686086416,,11873,,1583006485,543108940,"""Soft-Hard Sip Deadband""",[0.3163532614707947],"[0, 0, 0, 0]"
180.689954758,,11874,,1583006485,547125101,"""Soft-Hard Sip Deadband""",[0.30549511313438416],"[0, 0, 0, 0]"
180.697253942,,11875,,1583006485,549108982,"""Soft Sip""",[0.2946690618991852],"[0, 0, 1, 0]"
180.701740026,,11876,,1583006485,555326938,"""Soft Sip""",[0.28381088376045227],"[0, 0, 1, 0]"
180.707113266,,11877,,1583006485,559808969,"""Soft Sip""",[0.27295273542404175],"[0, 0, 1, 0]"
180.712407589,,11878,,1583006485,565174102,"""Soft Sip""",[0.26209455728530884],"[0, 0, 1, 0]"
180.718603611,,11879,,1583006485,570385932,"""Soft Sip""",[0.2512364089488983],"[0, 0, 1, 0]"
180.724120617,,11880,,1583006485,576658964,"""Soft Sip""",[0.2403782308101654],"[0, 0, 1, 0]"
180.73100853,,11881,,1583006485,582103013,"""Soft Sip""",[0.22955219447612762],"[0, 0, 1, 0]"
180.737387657,,11882,,1583006485,589063882,"""Soft Sip""",[0.2078358680009842],"[0, 0, 1, 0]"
180.742732525,,11883,,1583006485,595386028,"""Soft Sip""",[0.19697770476341248],"[0, 0, 1, 0]"
180.747877359,,11884,,1583006485,600768089,"""Soft Sip""",[0.18611954152584076],"[0, 0, 1, 0]"
180.754208565,,11885,,1583006485,605849027,"""Soft Sip""",[0.19697770476341248],"[0, 0, 1, 0]"
180.760530949,,11886,,1583006485,612180948,"""Soft Sip""",[0.2078358680009842],"[0, 0, 1, 0]"
180.765765905,,11887,,1583006485,618592977,"""Soft Sip""",[0.2186940312385559],"[0, 0, 1, 0]"
180.771736145,,11888,,1583006485,623873949,"""Soft Sip""",[0.22955219447612762],"[0, 0, 1, 0]"
180.776622534,,11889,,1583006485,629717111,"""Soft Sip""",[0.2403782308101654],"[0, 0, 1, 0]"
180.78417182,,11890,,1583006485,634531021,"""Soft Sip""",[0.2512364089488983],"[0, 0, 1, 0]"
180.78977704,,11891,,1583006485,642050027,"""Soft Sip""",[0.26209455728530884],"[0, 0, 1, 0]"
180.794994831,,11892,,1583006485,647583007,"""Soft Sip""",[0.27295273542404175],"[0, 0, 1, 0]"
180.801416636,,11893,,1583006485,652965068,"""Soft Sip""",[0.28381088376045227],"[0, 0, 1, 0]"
180.807432413,,11894,,1583006485,659503936,"""Soft Sip""",[0.2946690618991852],"[0, 0, 1, 0]"
180.808484077,,11895,,1583006485,665410041,"""Soft-Hard Sip Deadband""",[0.30549511313438416],"[0, 0, 0, 0]"
180.809552908,,11896,,1583006485,666651964,"""Soft-Hard Sip Deadband""",[0.3272114396095276],"[0, 0, 0, 0]"
180.810585022,,11897,,1583006485,667531013,"""Soft-Hard Sip Deadband""",[0.3380695879459381],"[0, 0, 0, 0]"
180.811411619,,11898,,1583006485,668551921,"""Soft-Hard Sip Deadband""",[0.348927766084671],"[0, 0, 0, 0]"
180.812310696,,11899,,1583006485,669375896,"""Soft-Hard Sip Deadband""",[0.3597537875175476],"[0, 0, 0, 0]"
180.813143492,,11900,,1583006485,670283079,"""Soft-Hard Sip Deadband""",[0.38147011399269104],"[0, 0, 0, 0]"
180.81380868,,11901,,1583006485,671041965,"""Soft-Hard Sip Deadband""",[0.39232829213142395],"[0, 0, 0, 0]"
180.814527035,,11902,,1583006485,671792984,"""Soft-Hard Sip Deadband""",[0.4031864404678345],"[0, 0, 0, 0]"
180.815232038,,11903,,1583006485,672501087,"""Soft-Hard Sip Deadband""",[0.4140446186065674],"[0, 0, 0, 0]"
180.815951824,,11904,,1583006485,673213958,"""Soft-Hard Sip Deadband""",[0.42487066984176636],"[0, 0, 0, 0]"
180.816784382,,11905,,1583006485,673929929,"""Soft-Hard Sip Deadband""",[0.4357288181781769],"[0, 0, 0, 0]"
180.817604065,,11906,,1583006485,674786090,"""Soft-Hard Sip Deadband""",[0.4465869963169098],"[0, 0, 0, 0]"
180.81837368,,11907,,1583006485,675574064,"""Soft-Hard Sip Deadband""",[0.4574451446533203],"[0, 0, 0, 0]"
180.819074392,,11908,,1583006485,676352977,"""Soft-Hard Sip Deadband""",[0.4683033227920532],"[0, 0, 0, 0]"
180.819886446,,11909,,1583006485,677050113,"""Soft-Hard Sip Deadband""",[0.4791293442249298],"[0, 0, 0, 0]"
180.820757866,,11910,,1583006485,677951097,"""Soft-Hard Sip Deadband""",[0.4899875223636627],"[0, 0, 0, 0]"
180.8260777,,11911,,1583006485,678807973,"""Zero Band""",[0.5008456707000732],"[0, 0, 0, 0]"
180.83211565,,11912,,1583006485,689143896,"""Soft-Hard Sip Deadband""",[0.4899875223636627],"[0, 0, 0, 0]"
180.838131428,,11913,,1583006485,695146083,"""Soft-Hard Sip Deadband""",[0.4791293442249298],"[0, 0, 0, 0]"
180.841890097,,11914,,1583006485,699094057,"""Soft-Hard Sip Deadband""",[0.4683033227920532],"[0, 0, 0, 0]"
180.848582268,,11915,,1583006485,705194950,"""Soft-Hard Sip Deadband""",[0.4574451446533203],"[0, 0, 0, 0]"
180.85447669,,11916,,1583006485,711184978,"""Soft-Hard Sip Deadband""",[0.4465869963169098],"[0, 0, 0, 0]"
180.858078718,,11917,,1583006485,715146064,"""Soft-Hard Sip Deadband""",[0.4357288181781769],"[0, 0, 0, 0]"
180.864411831,,11918,,1583006485,721157073,"""Soft-Hard Sip Deadband""",[0.42487066984176636],"[0, 0, 0, 0]"
180.868139505,,11919,,1583006485,725111961,"""Soft-Hard Sip Deadband""",[0.4140446186065674],"[0, 0, 0, 0]"
180.874150276,,11920,,1583006485,731168031,"""Soft-Hard Sip Deadband""",[0.4031864404678345],"[0, 0, 0, 0]"
180.87609458,,11921,,1583006485,733107089,"""Soft-Hard Sip Deadband""",[0.39232829213142395],"[0, 0, 0, 0]"
180.884189129,,11922,,1583006485,741089105,"""Soft-Hard Sip Deadband""",[0.38147011399269104],"[0, 0, 0, 0]"
180.885764837,,11923,,1583006485,743065118,"""Soft-Hard Sip Deadband""",[0.3706119656562805],"[0, 0, 0, 0]"
180.889948845,,11924,,1583006485,747116088,"""Soft-Hard Sip Deadband""",[0.3597537875175476],"[0, 0, 0, 0]"
180.894634724,,11925,,1583006485,751141071,"""Soft-Hard Sip Deadband""",[0.348927766084671],"[0, 0, 0, 0]"
180.902106524,,11926,,1583006485,759140968,"""Soft-Hard Sip Deadband""",[0.3380695879459381],"[0, 0, 0, 0]"
180.912041187,,11927,,1583006485,769130945,"""Soft-Hard Sip Deadband""",[0.3272114396095276],"[0, 0, 0, 0]"
180.917908907,,11928,,1583006485,775065898,"""Soft-Hard Sip Deadband""",[0.3163532614707947],"[0, 0, 0, 0]"
180.932453156,,11929,,1583006485,789189100,"""Soft-Hard Sip Deadband""",[0.30549511313438416],"[0, 0, 0, 0]"
180.944237232,,11930,,1583006485,801137924,"""Soft-Hard Sip Deadband""",[0.3163532614707947],"[0, 0, 0, 0]"
180.962078571,,11931,,1583006485,819185018,"""Soft-Hard Sip Deadband""",[0.3272114396095276],"[0, 0, 0, 0]"
180.972142935,,11932,,1583006485,829148054,"""Soft-Hard Sip Deadband""",[0.3380695879459381],"[0, 0, 0, 0]"
180.996651411,,11933,,1583006485,853234052,"""Soft-Hard Sip Deadband""",[0.348927766084671],"[0, 0, 0, 0]"
181.012303114,,11934,,1583006485,869201898,"""Soft-Hard Sip Deadband""",[0.3597537875175476],"[0, 0, 0, 0]"
181.046515465,,11935,,1583006485,903263092,"""Soft-Hard Sip Deadband""",[0.3706119656562805],"[0, 0, 0, 0]"
181.062232971,,11936,,1583006485,919142007,"""Soft-Hard Sip Deadband""",[0.38147011399269104],"[0, 0, 0, 0]"
181.102380037,,11937,,1583006485,959218025,"""Soft-Hard Sip Deadband""",[0.3706119656562805],"[0, 0, 0, 0]"
181.110144377,,11938,,1583006485,967180013,"""Soft-Hard Sip Deadband""",[0.3597537875175476],"[0, 0, 0, 0]"
181.116006613,,11939,,1583006485,973134040,"""Soft-Hard Sip Deadband""",[0.348927766084671],"[0, 0, 0, 0]"
181.120028734,,11940,,1583006485,977093935,"""Soft-Hard Sip Deadband""",[0.3380695879459381],"[0, 0, 0, 0]"
181.128232241,,11941,,1583006485,985147953,"""Soft-Hard Sip Deadband""",[0.3272114396095276],"[0, 0, 0, 0]"
181.132109642,,11942,,1583006485,989134073,"""Soft-Hard Sip Deadband""",[0.3163532614707947],"[0, 0, 0, 0]"
181.135971785,,11943,,1583006485,993148088,"""Soft-Hard Sip Deadband""",[0.30549511313438416],"[0, 0, 0, 0]"
181.144937992,,11944,,1583006485,997132062,"""Soft Sip""",[0.2946690618991852],"[0, 0, 1, 0]"
181.150525331,,11945,,1583006486,3017902,"""Soft Sip""",[0.28381088376045227],"[0, 0, 1, 0]"
181.156175137,,11946,,1583006486,8562088,"""Soft Sip""",[0.27295273542404175],"[0, 0, 1, 0]"
181.161598206,,11947,,1583006486,14260053,"""Soft Sip""",[0.26209455728530884],"[0, 0, 1, 0]"
181.167589664,,11948,,1583006486,19572019,"""Soft Sip""",[0.2512364089488983],"[0, 0, 1, 0]"
181.173416138,,11949,,1583006486,25684118,"""Soft Sip""",[0.22955219447612762],"[0, 0, 1, 0]"
181.180980206,,11950,,1583006486,31514883,"""Soft Sip""",[0.2186940312385559],"[0, 0, 1, 0]"
181.185978174,,11951,,1583006486,38961887,"""Soft Sip""",[0.2078358680009842],"[0, 0, 1, 0]"
181.191236496,,11952,,1583006486,43943881,"""Soft Sip""",[0.19697770476341248],"[0, 0, 1, 0]"
181.196916819,,11953,,1583006486,49237012,"""Soft Sip""",[0.18611954152584076],"[0, 0, 1, 0]"
181.20310545,,11954,,1583006486,54922103,"""Soft Sip""",[0.16443534195423126],"[0, 0, 1, 0]"
181.209550619,,11955,,1583006486,61203002,"""Soft Sip""",[0.15357716381549835],"[0, 0, 1, 0]"
181.215872049,,11956,,1583006486,67393064,"""Soft Sip""",[0.14271900057792664],"[0, 0, 1, 0]"
181.221037626,,11957,,1583006486,74050903,"""Soft Sip""",[0.13186083734035492],"[0, 0, 1, 0]"
181.225735188,,11958,,1583006486,79044103,"""Soft Sip""",[0.11017663776874542],"[0, 0, 1, 0]"
181.233587265,,11959,,1583006486,83705902,"""Soft Sip""",[0.08846031129360199],"[0, 0, 1, 0]"
181.239089727,,11960,,1583006486,91561079,"""Soft Sip""",[0.07760214805603027],"[0, 0, 1, 0]"
181.243871927,,11961,,1583006486,97093105,"""Soft Sip""",[0.06674397736787796],"[0, 0, 1, 0]"
181.249835014,,11962,,1583006486,101866006,"""Soft Sip""",[0.05591794103384018],"[0, 0, 1, 0]"
181.254595041,,11963,,1583006486,107811927,"""Soft Sip""",[0.04505977779626846],"[0, 0, 1, 0]"
181.260107756,,11964,,1583006486,112570047,"""Soft Sip""",[0.03420161083340645],"[0, 0, 1, 0]"
181.26620841,,11965,,1583006486,117995023,"""Soft Sip""",[0.023343447595834732],"[0, 0, 1, 0]"
181.271515131,,11966,,1583006486,124187946,"""Soft Sip""",[0.012485282495617867],"[0, 0, 1, 0]"
181.272408724,,11967,,1583006486,129498958,"""Zero Band""",[0.0016592431347817183],"[0, 0, 0, 0]"
181.273300648,,11968,,1583006486,130511999,"""Zero Band""",[-0.0],"[0, 0, 0, 0]"
181.274230719,,11969,,1583006486,131278038,"""Zero Band""",[-0.0],"[0, 0, 0, 0]"
181.275226116,,11970,,1583006486,132211923,"""Zero Band""",[-0.0],"[0, 0, 0, 0]"
181.276184797,,11971,,1583006486,133198976,"""Zero Band""",[-0.0],"[0, 0, 0, 0]"
181.277130604,,11972,,1583006486,134162902,"""Zero Band""",[-0.0],"[0, 0, 0, 0]"
181.288134098,,11973,,1583006486,145150899,"""Zero Band""",[-0.0],"[0, 0, 0, 0]"
181.289998531,,11974,,1583006486,147142887,"""Zero Band""",[-0.0],"[0, 0, 0, 0]"
181.291879177,,11975,,1583006486,149065971,"""Zero Band""",[-0.0],"[0, 0, 0, 0]"
181.296598196,,11976,,1583006486,153202056,"""Zero Band""",[-0.0],"[0, 0, 0, 0]"
181.298066139,,11977,,1583006486,155139923,"""Zero Band""",[0.0016592431347817183],"[0, 0, 0, 0]"
181.305757284,,11978,,1583006486,157113075,"""Soft Sip""",[0.012485282495617867],"[0, 0, 1, 0]"
181.310697794,,11979,,1583006486,163832902,"""Soft Sip""",[0.03420161083340645],"[0, 0, 1, 0]"
181.316770315,,11980,,1583006486,168781042,"""Soft Sip""",[0.04505977779626846],"[0, 0, 1, 0]"
181.322335482,,11981,,1583006486,174827098,"""Soft Sip""",[0.05591794103384018],"[0, 0, 1, 0]"
181.327326775,,11982,,1583006486,180341005,"""Soft Sip""",[0.06674397736787796],"[0, 0, 1, 0]"
181.334097385,,11983,,1583006486,185410976,"""Soft Sip""",[0.07760214805603027],"[0, 0, 1, 0]"
181.338958502,,11984,,1583006486,192161083,"""Soft Sip""",[0.0993184745311737],"[0, 0, 1, 0]"
181.344172001,,11985,,1583006486,197062015,"""Soft Sip""",[0.11017663776874542],"[0, 0, 1, 0]"
181.352236509,,11986,,1583006486,202080965,"""Soft Sip""",[0.13186083734035492],"[0, 0, 1, 0]"
181.358683109,,11987,,1583006486,210340976,"""Soft Sip""",[0.14271900057792664],"[0, 0, 1, 0]"
181.365284681,,11988,,1583006486,216676950,"""Soft Sip""",[0.15357716381549835],"[0, 0, 1, 0]"
181.371772051,,11989,,1583006486,223148107,"""Soft Sip""",[0.16443534195423126],"[0, 0, 1, 0]"
181.376680374,,11990,,1583006486,229841947,"""Soft Sip""",[0.17529350519180298],"[0, 0, 1, 0]"
181.383615971,,11991,,1583006486,234673023,"""Soft Sip""",[0.18611954152584076],"[0, 0, 1, 0]"
181.389757872,,11992,,1583006486,241586923,"""Soft Sip""",[0.19697770476341248],"[0, 0, 1, 0]"
181.395956755,,11993,,1583006486,247886896,"""Soft Sip""",[0.2078358680009842],"[0, 0, 1, 0]"
181.401871443,,11994,,1583006486,253746986,"""Soft Sip""",[0.2186940312385559],"[0, 0, 1, 0]"
181.407598972,,11995,,1583006486,259911060,"""Soft Sip""",[0.22955219447612762],"[0, 0, 1, 0]"
181.413997173,,11996,,1583006486,265597105,"""Soft Sip""",[0.2403782308101654],"[0, 0, 1, 0]"
181.418669462,,11997,,1583006486,271822929,"""Soft Sip""",[0.2512364089488983],"[0, 0, 1, 0]"
181.423933029,,11998,,1583006486,276649951,"""Soft Sip""",[0.26209455728530884],"[0, 0, 1, 0]"
181.431170702,,11999,,1583006486,281826972,"""Soft Sip""",[0.27295273542404175],"[0, 0, 1, 0]"
181.438423157,,12000,,1583006486,289247035,"""Soft Sip""",[0.28381088376045227],"[0, 0, 1, 0]"
181.443948507,,12001,,1583006486,296394109,"""Soft Sip""",[0.2946690618991852],"[0, 0, 1, 0]"
181.444866896,,12002,,1583006486,301919937,"""Soft-Hard Sip Deadband""",[0.30549511313438416],"[0, 0, 0, 0]"
181.445911407,,12003,,1583006486,302835941,"""Soft-Hard Sip Deadband""",[0.3163532614707947],"[0, 0, 0, 0]"
181.446786642,,12004,,1583006486,303893089,"""Soft-Hard Sip Deadband""",[0.3272114396095276],"[0, 0, 0, 0]"
181.447707891,,12005,,1583006486,304764986,"""Soft-Hard Sip Deadband""",[0.3380695879459381],"[0, 0, 0, 0]"
181.448582411,,12006,,1583006486,305761098,"""Soft-Hard Sip Deadband""",[0.348927766084671],"[0, 0, 0, 0]"
181.449351072,,12007,,1583006486,306564092,"""Soft-Hard Sip Deadband""",[0.3597537875175476],"[0, 0, 0, 0]"
181.450210094,,12008,,1583006486,307384967,"""Soft-Hard Sip Deadband""",[0.3706119656562805],"[0, 0, 0, 0]"
181.464605093,,12009,,1583006486,321199893,"""Soft-Hard Sip Deadband""",[0.3597537875175476],"[0, 0, 0, 0]"
181.474198341,,12010,,1583006486,331146955,"""Soft-Hard Sip Deadband""",[0.348927766084671],"[0, 0, 0, 0]"
181.482281923,,12011,,1583006486,339165925,"""Soft-Hard Sip Deadband""",[0.3380695879459381],"[0, 0, 0, 0]"
181.487943172,,12012,,1583006486,345112085,"""Soft-Hard Sip Deadband""",[0.3272114396095276],"[0, 0, 0, 0]"
181.4968822,,12013,,1583006486,353163003,"""Soft-Hard Sip Deadband""",[0.3163532614707947],"[0, 0, 0, 0]"
181.508213758,,12014,,1583006486,365142107,"""Soft-Hard Sip Deadband""",[0.30549511313438416],"[0, 0, 0, 0]"
181.534282207,,12015,,1583006486,391175985,"""Soft-Hard Sip Deadband""",[0.3163532614707947],"[0, 0, 0, 0]"
181.560317516,,12016,,1583006486,417232990,"""Soft-Hard Sip Deadband""",[0.3272114396095276],"[0, 0, 0, 0]"
181.574143887,,12017,,1583006486,431150913,"""Soft-Hard Sip Deadband""",[0.3380695879459381],"[0, 0, 0, 0]"
181.582200527,,12018,,1583006486,439157962,"""Soft-Hard Sip Deadband""",[0.3272114396095276],"[0, 0, 0, 0]"
181.583809137,,12019,,1583006486,441070079,"""Soft-Hard Sip Deadband""",[0.3380695879459381],"[0, 0, 0, 0]"
181.585875273,,12020,,1583006486,443052053,"""Soft-Hard Sip Deadband""",[0.3272114396095276],"[0, 0, 0, 0]"
181.591890812,,12021,,1583006486,449069976,"""Soft-Hard Sip Deadband""",[0.3380695879459381],"[0, 0, 0, 0]"
181.593966007,,12022,,1583006486,451071023,"""Soft-Hard Sip Deadband""",[0.3272114396095276],"[0, 0, 0, 0]"
181.620543242,,12023,,1583006486,477325916,"""Soft-Hard Sip Deadband""",[0.3380695879459381],"[0, 0, 0, 0]"
181.636325359,,12024,,1583006486,493185997,"""Soft-Hard Sip Deadband""",[0.348927766084671],"[0, 0, 0, 0]"
181.638026476,,12025,,1583006486,495160102,"""Soft-Hard Sip Deadband""",[0.3380695879459381],"[0, 0, 0, 0]"
181.64419055,,12026,,1583006486,501121044,"""Soft-Hard Sip Deadband""",[0.348927766084671],"[0, 0, 0, 0]"
181.698632956,,12027,,1583006486,555294036,"""Soft-Hard Sip Deadband""",[0.3380695879459381],"[0, 0, 0, 0]"
181.708253384,,12028,,1583006486,565172910,"""Soft-Hard Sip Deadband""",[0.3272114396095276],"[0, 0, 0, 0]"
181.722581863,,12029,,1583006486,579349040,"""Soft-Hard Sip Deadband""",[0.3163532614707947],"[0, 0, 0, 0]"
181.730791092,,12030,,1583006486,587308883,"""Soft-Hard Sip Deadband""",[0.30549511313438416],"[0, 0, 0, 0]"
181.745668888,,12031,,1583006486,591218948,"""Soft Sip""",[0.2946690618991852],"[0, 0, 1, 0]"
181.750478029,,12032,,1583006486,603763103,"""Soft Sip""",[0.28381088376045227],"[0, 0, 1, 0]"
181.755562782,,12033,,1583006486,608532905,"""Soft Sip""",[0.27295273542404175],"[0, 0, 1, 0]"
181.7634027,,12034,,1583006486,613686084,"""Soft Sip""",[0.26209455728530884],"[0, 0, 1, 0]"
181.768854618,,12035,,1583006486,621498107,"""Soft Sip""",[0.2512364089488983],"[0, 0, 1, 0]"
181.7743783,,12036,,1583006486,626981019,"""Soft Sip""",[0.2403782308101654],"[0, 0, 1, 0]"
181.781142712,,12037,,1583006486,632544040,"""Soft Sip""",[0.22955219447612762],"[0, 0, 1, 0]"
181.785900593,,12038,,1583006486,639131069,"""Soft Sip""",[0.2186940312385559],"[0, 0, 1, 0]"
181.791076422,,12039,,1583006486,643960952,"""Soft Sip""",[0.2078358680009842],"[0, 0, 1, 0]"
181.795953751,,12040,,1583006486,649137020,"""Soft Sip""",[0.19697770476341248],"[0, 0, 1, 0]"
181.801206827,,12041,,1583006486,653939008,"""Soft Sip""",[0.18611954152584076],"[0, 0, 1, 0]"
181.808097124,,12042,,1583006486,659301042,"""Soft Sip""",[0.17529350519180298],"[0, 0, 1, 0]"
181.815634489,,12043,,1583006486,666131973,"""Soft Sip""",[0.16443534195423126],"[0, 0, 1, 0]"
181.821088552,,12044,,1583006486,673688888,"""Soft Sip""",[0.15357716381549835],"[0, 0, 1, 0]"
181.828020811,,12045,,1583006486,679183959,"""Soft Sip""",[0.14271900057792664],"[0, 0, 1, 0]"
181.832850218,,12046,,1583006486,686037063,"""Soft Sip""",[0.13186083734035492],"[0, 0, 1, 0]"
181.85073185,,12047,,1583006486,701184988,"""Soft Sip""",[0.14271900057792664],"[0, 0, 1, 0]"
181.86577487,,12048,,1583006486,717406988,"""Soft Sip""",[0.15357716381549835],"[0, 0, 1, 0]"
181.876865625,,12049,,1583006486,727222919,"""Soft Sip""",[0.16443534195423126],"[0, 0, 1, 0]"
181.882670641,,12050,,1583006486,735107898,"""Soft Sip""",[0.17529350519180298],"[0, 0, 1, 0]"
181.91611886,,12051,,1583006486,767446041,"""Soft Sip""",[0.16443534195423126],"[0, 0, 1, 0]"
181.920879602,,12052,,1583006486,774194002,"""Soft Sip""",[0.17529350519180298],"[0, 0, 1, 0]"
181.927561522,,12053,,1583006486,778892040,"""Soft Sip""",[0.16443534195423126],"[0, 0, 1, 0]"
181.95965457,,12054,,1583006486,811213016,"""Soft Sip""",[0.15357716381549835],"[0, 0, 1, 0]"
181.971800566,,12055,,1583006486,823184013,"""Soft Sip""",[0.14271900057792664],"[0, 0, 1, 0]"
181.977282286,,12056,,1583006486,829849958,"""Soft Sip""",[0.15357716381549835],"[0, 0, 1, 0]"
181.982014179,,12057,,1583006486,835325002,"""Soft Sip""",[0.14271900057792664],"[0, 0, 1, 0]"
181.9980371,,12058,,1583006486,849152088,"""Soft Sip""",[0.13186083734035492],"[0, 0, 1, 0]"
182.004334211,,12059,,1583006486,856194019,"""Soft Sip""",[0.14271900057792664],"[0, 0, 1, 0]"
182.011104345,,12060,,1583006486,862401008,"""Soft Sip""",[0.13186083734035492],"[0, 0, 1, 0]"
182.018470764,,12061,,1583006486,869745016,"""Soft Sip""",[0.12103480100631714],"[0, 0, 1, 0]"
182.070962667,,12062,,1583006486,923264026,"""Soft Sip""",[0.13186083734035492],"[0, 0, 1, 0]"
182.092777729,,12063,,1583006486,945152997,"""Soft Sip""",[0.12103480100631714],"[0, 0, 1, 0]"
182.15260005,,12064,,1583006487,3288030,"""Soft Sip""",[0.13186083734035492],"[0, 0, 1, 0]"
182.157716513,,12065,,1583006487,10667085,"""Soft Sip""",[0.12103480100631714],"[0, 0, 1, 0]"
182.162744999,,12066,,1583006487,15774965,"""Soft Sip""",[0.13186083734035492],"[0, 0, 1, 0]"
182.183798552,,12067,,1583006487,35197973,"""Soft Sip""",[0.14271900057792664],"[0, 0, 1, 0]"
182.194061041,,12068,,1583006487,47117948,"""Soft Sip""",[0.15357716381549835],"[0, 0, 1, 0]"
182.221320868,,12069,,1583006487,73421955,"""Soft Sip""",[0.14271900057792664],"[0, 0, 1, 0]"
182.226158142,,12070,,1583006487,79387903,"""Soft Sip""",[0.15357716381549835],"[0, 0, 1, 0]"
182.245163918,,12071,,1583006487,97150087,"""Soft Sip""",[0.16443534195423126],"[0, 0, 1, 0]"
182.266819477,,12072,,1583006487,117186069,"""Soft Sip""",[0.17529350519180298],"[0, 0, 1, 0]"
182.284579277,,12073,,1583006487,135327100,"""Soft Sip""",[0.18611954152584076],"[0, 0, 1, 0]"
182.290686607,,12074,,1583006487,142635107,"""Soft Sip""",[0.17529350519180298],"[0, 0, 1, 0]"
182.297345161,,12075,,1583006487,148749113,"""Soft Sip""",[0.18611954152584076],"[0, 0, 1, 0]"
182.302861691,,12076,,1583006487,155406951,"""Soft Sip""",[0.19697770476341248],"[0, 0, 1, 0]"
182.322932482,,12077,,1583006487,175183057,"""Soft Sip""",[0.2078358680009842],"[0, 0, 1, 0]"
182.335101843,,12078,,1583006487,187166929,"""Soft Sip""",[0.2186940312385559],"[0, 0, 1, 0]"
182.357665062,,12079,,1583006487,209156990,"""Soft Sip""",[0.2078358680009842],"[0, 0, 1, 0]"
182.377826452,,12080,,1583006487,227190017,"""Soft Sip""",[0.19697770476341248],"[0, 0, 1, 0]"
182.386173487,,12081,,1583006487,239118099,"""Soft Sip""",[0.18611954152584076],"[0, 0, 1, 0]"
182.40085578,,12082,,1583006487,253196001,"""Soft Sip""",[0.17529350519180298],"[0, 0, 1, 0]"
182.416827202,,12083,,1583006487,269153118,"""Soft Sip""",[0.16443534195423126],"[0, 0, 1, 0]"
182.430367708,,12084,,1583006487,281147956,"""Soft Sip""",[0.15357716381549835],"[0, 0, 1, 0]"
182.444572926,,12085,,1583006487,295171976,"""Soft Sip""",[0.14271900057792664],"[0, 0, 1, 0]"
182.454806328,,12086,,1583006487,307166099,"""Soft Sip""",[0.13186083734035492],"[0, 0, 1, 0]"
182.477783442,,12087,,1583006487,329185009,"""Soft Sip""",[0.12103480100631714],"[0, 0, 1, 0]"
182.495115757,,12088,,1583006487,347255945,"""Soft Sip""",[0.11017663776874542],"[0, 0, 1, 0]"
182.509796858,,12089,,1583006487,361182928,"""Soft Sip""",[0.0993184745311737],"[0, 0, 1, 0]"
182.522789955,,12090,,1583006487,375152111,"""Soft Sip""",[0.08846031129360199],"[0, 0, 1, 0]"
182.555178404,,12091,,1583006487,407222032,"""Soft Sip""",[0.07760214805603027],"[0, 0, 1, 0]"
182.576958895,,12092,,1583006487,429197072,"""Soft Sip""",[0.08846031129360199],"[0, 0, 1, 0]"
182.629073143,,12093,,1583006487,481230974,"""Soft Sip""",[0.0993184745311737],"[0, 0, 1, 0]"
182.702942133,,12094,,1583006487,555361032,"""Soft Sip""",[0.08846031129360199],"[0, 0, 1, 0]"
182.707684755,,12095,,1583006487,561000108,"""Soft Sip""",[0.0993184745311737],"[0, 0, 1, 0]"
182.71445179,,12096,,1583006487,565758943,"""Soft Sip""",[0.08846031129360199],"[0, 0, 1, 0]"
182.721139193,,12097,,1583006487,572532892,"""Soft Sip""",[0.0993184745311737],"[0, 0, 1, 0]"
182.726596117,,12098,,1583006487,579202890,"""Soft Sip""",[0.08846031129360199],"[0, 0, 1, 0]"
182.733824015,,12099,,1583006487,584615945,"""Soft Sip""",[0.0993184745311737],"[0, 0, 1, 0]"
182.740228653,,12100,,1583006487,591896057,"""Soft Sip""",[0.08846031129360199],"[0, 0, 1, 0]"
182.746474266,,12101,,1583006487,599121093,"""Soft Sip""",[0.0993184745311737],"[0, 0, 1, 0]"
182.752615452,,12102,,1583006487,604501008,"""Soft Sip""",[0.08846031129360199],"[0, 0, 1, 0]"
182.827450037,,12103,,1583006487,679202079,"""Soft Sip""",[0.0993184745311737],"[0, 0, 1, 0]"
182.834353924,,12104,,1583006487,685516119,"""Soft Sip""",[0.08846031129360199],"[0, 0, 1, 0]"
182.857764959,,12105,,1583006487,709212064,"""Soft Sip""",[0.0993184745311737],"[0, 0, 1, 0]"
182.895092487,,12106,,1583006487,747175931,"""Soft Sip""",[0.11017663776874542],"[0, 0, 1, 0]"
182.900971413,,12107,,1583006487,753169059,"""Soft Sip""",[0.0993184745311737],"[0, 0, 1, 0]"
182.907848835,,12108,,1583006487,759018898,"""Soft Sip""",[0.11017663776874542],"[0, 0, 1, 0]"
182.912293673,,12109,,1583006487,765866994,"""Soft Sip""",[0.0993184745311737],"[0, 0, 1, 0]"
182.9167943,,12110,,1583006487,770412921,"""Soft Sip""",[0.11017663776874542],"[0, 0, 1, 0]"
182.938643694,,12111,,1583006487,789191961,"""Soft Sip""",[0.0993184745311737],"[0, 0, 1, 0]"
182.944157839,,12112,,1583006487,796204090,"""Soft Sip""",[0.11017663776874542],"[0, 0, 1, 0]"
182.970605135,,12113,,1583006487,821208953,"""Soft Sip""",[0.0993184745311737],"[0, 0, 1, 0]"
183.000057697,,12114,,1583006487,851269960,"""Soft Sip""",[0.08846031129360199],"[0, 0, 1, 0]"
183.004924059,,12115,,1583006487,858091115,"""Soft Sip""",[0.0993184745311737],"[0, 0, 1, 0]"
183.011065483,,12116,,1583006487,863051891,"""Soft Sip""",[0.08846031129360199],"[0, 0, 1, 0]"
183.02327466,,12117,,1583006487,873187065,"""Soft Sip""",[0.0993184745311737],"[0, 0, 1, 0]"
183.091017008,,12118,,1583006487,943243980,"""Soft Sip""",[0.08846031129360199],"[0, 0, 1, 0]"
183.095782757,,12119,,1583006487,949080944,"""Soft Sip""",[0.0993184745311737],"[0, 0, 1, 0]"
183.101266861,,12120,,1583006487,953836917,"""Soft Sip""",[0.08846031129360199],"[0, 0, 1, 0]"
183.140715599,,12121,,1583006487,991250038,"""Soft Sip""",[0.07760214805603027],"[0, 0, 1, 0]"
183.169564962,,12122,,1583006488,21181106,"""Soft Sip""",[0.06674397736787796],"[0, 0, 1, 0]"
183.19666481,,12123,,1583006488,47310113,"""Soft Sip""",[0.05591794103384018],"[0, 0, 1, 0]"
183.201342583,,12124,,1583006488,54580926,"""Soft Sip""",[0.06674397736787796],"[0, 0, 1, 0]"
183.218204021,,12125,,1583006488,69140911,"""Soft Sip""",[0.05591794103384018],"[0, 0, 1, 0]"
183.224991083,,12126,,1583006488,76277971,"""Soft Sip""",[0.06674397736787796],"[0, 0, 1, 0]"
183.229777336,,12127,,1583006488,83061933,"""Soft Sip""",[0.05591794103384018],"[0, 0, 1, 0]"
183.235491276,,12128,,1583006488,87812900,"""Soft Sip""",[0.06674397736787796],"[0, 0, 1, 0]"
183.272415876,,12129,,1583006488,125180006,"""Soft Sip""",[0.07760214805603027],"[0, 0, 1, 0]"
183.27817893,,12130,,1583006488,130460023,"""Soft Sip""",[0.06674397736787796],"[0, 0, 1, 0]"
183.294699907,,12131,,1583006488,147267103,"""Soft Sip""",[0.07760214805603027],"[0, 0, 1, 0]"
183.37687993,,12132,,1583006488,229329109,"""Soft Sip""",[0.06674397736787796],"[0, 0, 1, 0]"
183.38313055,,12133,,1583006488,234981060,"""Soft Sip""",[0.07760214805603027],"[0, 0, 1, 0]"
183.389446259,,12134,,1583006488,241188049,"""Soft Sip""",[0.06674397736787796],"[0, 0, 1, 0]"
183.416388273,,12135,,1583006488,267174959,"""Soft Sip""",[0.05591794103384018],"[0, 0, 1, 0]"
183.422047377,,12136,,1583006488,274391889,"""Soft Sip""",[0.06674397736787796],"[0, 0, 1, 0]"
183.426931381,,12137,,1583006488,280114889,"""Soft Sip""",[0.05591794103384018],"[0, 0, 1, 0]"
183.459545612,,12138,,1583006488,311228990,"""Soft Sip""",[0.04505977779626846],"[0, 0, 1, 0]"
183.464520454,,12139,,1583006488,317646026,"""Soft Sip""",[0.05591794103384018],"[0, 0, 1, 0]"
183.471475124,,12140,,1583006488,322587966,"""Soft Sip""",[0.04505977779626846],"[0, 0, 1, 0]"
183.477072239,,12141,,1583006488,329591989,"""Soft Sip""",[0.05591794103384018],"[0, 0, 1, 0]"
183.482640505,,12142,,1583006488,335143089,"""Soft Sip""",[0.04505977779626846],"[0, 0, 1, 0]"
183.579955339,,12143,,1583006488,431261062,"""Soft Sip""",[0.05591794103384018],"[0, 0, 1, 0]"
183.586085796,,12144,,1583006488,438010931,"""Soft Sip""",[0.04505977779626846],"[0, 0, 1, 0]"
183.591942072,,12145,,1583006488,444156885,"""Soft Sip""",[0.05591794103384018],"[0, 0, 1, 0]"
183.598367691,,12146,,1583006488,449950933,"""Soft Sip""",[0.04505977779626846],"[0, 0, 1, 0]"
183.606489897,,12147,,1583006488,456446886,"""Soft Sip""",[0.05591794103384018],"[0, 0, 1, 0]"
183.611969709,,12148,,1583006488,464582920,"""Soft Sip""",[0.04505977779626846],"[0, 0, 1, 0]"
183.631104231,,12149,,1583006488,483205080,"""Soft Sip""",[0.05591794103384018],"[0, 0, 1, 0]"
183.636977673,,12150,,1583006488,489253044,"""Soft Sip""",[0.04505977779626846],"[0, 0, 1, 0]"
183.651052713,,12151,,1583006488,501177072,"""Soft Sip""",[0.05591794103384018],"[0, 0, 1, 0]"
183.655832291,,12152,,1583006488,509097099,"""Soft Sip""",[0.04505977779626846],"[0, 0, 1, 0]"
183.66203475,,12153,,1583006488,513896942,"""Soft Sip""",[0.05591794103384018],"[0, 0, 1, 0]"
183.668097973,,12154,,1583006488,521086931,"""Soft Sip""",[0.04505977779626846],"[0, 0, 1, 0]"
183.673841476,,12155,,1583006488,526103019,"""Soft Sip""",[0.05591794103384018],"[0, 0, 1, 0]"
183.679897308,,12156,,1583006488,531842947,"""Soft Sip""",[0.04505977779626846],"[0, 0, 1, 0]"
183.685575008,,12157,,1583006488,537971973,"""Soft Sip""",[0.05591794103384018],"[0, 0, 1, 0]"
183.697105408,,12158,,1583006488,547226905,"""Soft Sip""",[0.04505977779626846],"[0, 0, 1, 0]"
183.742415428,,12159,,1583006488,595150947,"""Soft Sip""",[0.03420161083340645],"[0, 0, 1, 0]"
183.747671366,,12160,,1583006488,600487947,"""Soft Sip""",[0.04505977779626846],"[0, 0, 1, 0]"
183.754639387,,12161,,1583006488,605823993,"""Soft Sip""",[0.03420161083340645],"[0, 0, 1, 0]"
183.855906487,,12162,,1583006488,707231998,"""Soft Sip""",[0.023343447595834732],"[0, 0, 1, 0]"
183.863840342,,12163,,1583006488,715151071,"""Soft Sip""",[0.03420161083340645],"[0, 0, 1, 0]"
183.916448593,,12164,,1583006488,767250061,"""Soft Sip""",[0.023343447595834732],"[0, 0, 1, 0]"
183.937536001,,12165,,1583006488,789329051,"""Soft Sip""",[0.012485282495617867],"[0, 0, 1, 0]"
183.943425417,,12166,,1583006488,795593023,"""Soft Sip""",[0.023343447595834732],"[0, 0, 1, 0]"
183.949671984,,12167,,1583006488,801534891,"""Soft Sip""",[0.012485282495617867],"[0, 0, 1, 0]"
183.990180492,,12168,,1583006488,847189903,"""Zero Band""",[0.0016592431347817183],"[0, 0, 0, 0]"
184.030442715,,12169,,1583006488,887192964,"""Zero Band""",[-0.0],"[0, 0, 0, 0]"
184.031910181,,12170,,1583006488,889087915,"""Zero Band""",[0.0016592431347817183],"[0, 0, 0, 0]"
184.036063194,,12171,,1583006488,893116950,"""Zero Band""",[-0.0],"[0, 0, 0, 0]"
184.162385225,,12172,,1583006489,19249916,"""Zero Band""",[-0.0],"[0, 0, 0, 0]"
184.16646862,,12173,,1583006489,23252964,"""Zero Band""",[-0.0],"[0, 0, 0, 0]"
184.168086529,,12174,,1583006489,25130033,"""Zero Band""",[-0.0],"[0, 0, 0, 0]"
184.194287062,,12175,,1583006489,51256895,"""Zero Band""",[-0.0],"[0, 0, 0, 0]"
184.196048737,,12176,,1583006489,53113937,"""Zero Band""",[-0.0],"[0, 0, 0, 0]"
184.206731558,,12177,,1583006489,63220024,"""Zero Band""",[-0.0],"[0, 0, 0, 0]"
184.212329626,,12178,,1583006489,69169044,"""Zero Band""",[-0.0],"[0, 0, 0, 0]"
184.218331099,,12179,,1583006489,75203895,"""Zero Band""",[-0.0],"[0, 0, 0, 0]"
184.21991539,,12180,,1583006489,77086925,"""Zero Band""",[-0.0],"[0, 0, 0, 0]"
184.22190547,,12181,,1583006489,79125881,"""Zero Band""",[-0.0],"[0, 0, 0, 0]"
184.225860596,,12182,,1583006489,83117961,"""Zero Band""",[-0.0],"[0, 0, 0, 0]"
184.298704386,,12183,,1583006489,155266046,"""Zero Band""",[-0.0],"[0, 0, 0, 0]"
184.322693586,,12184,,1583006489,179277896,"""Zero Band""",[-0.0],"[0, 0, 0, 0]"
184.386338472,,12185,,1583006489,243200063,"""Zero Band""",[-0.0],"[0, 0, 0, 0]"
184.400318623,,12186,,1583006489,257157087,"""Zero Band""",[-0.0],"[0, 0, 0, 0]"
184.410293341,,12187,,1583006489,267246007,"""Zero Band""",[-0.0],"[0, 0, 0, 0]"
184.448437452,,12188,,1583006489,305222988,"""Zero Band""",[-0.0],"[0, 0, 0, 0]"
184.452003956,,12189,,1583006489,309118986,"""Zero Band""",[-0.0],"[0, 0, 0, 0]"
184.455958843,,12190,,1583006489,313095092,"""Zero Band""",[-0.0],"[0, 0, 0, 0]"
184.462316275,,12191,,1583006489,319205999,"""Zero Band""",[-0.0],"[0, 0, 0, 0]"
184.46852994,,12192,,1583006489,325176000,"""Zero Band""",[0.0016592431347817183],"[0, 0, 0, 0]"
184.474387884,,12193,,1583006489,327145099,"""Soft Sip""",[0.012485282495617867],"[0, 0, 1, 0]"
184.483247519,,12194,,1583006489,335182905,"""Soft Sip""",[0.023343447595834732],"[0, 0, 1, 0]"
184.490231276,,12195,,1583006489,341329097,"""Soft Sip""",[0.03420161083340645],"[0, 0, 1, 0]"
184.496004105,,12196,,1583006489,348320960,"""Soft Sip""",[0.04505977779626846],"[0, 0, 1, 0]"
184.502910852,,12197,,1583006489,354118108,"""Soft Sip""",[0.05591794103384018],"[0, 0, 1, 0]"
184.510106325,,12198,,1583006489,361001014,"""Soft Sip""",[0.06674397736787796],"[0, 0, 1, 0]"
184.514827728,,12199,,1583006489,368133068,"""Soft Sip""",[0.07760214805603027],"[0, 0, 1, 0]"
184.520207405,,12200,,1583006489,372802019,"""Soft Sip""",[0.08846031129360199],"[0, 0, 1, 0]"
184.52481842,,12201,,1583006489,378261089,"""Soft Sip""",[0.0993184745311737],"[0, 0, 1, 0]"
184.5308218,,12202,,1583006489,382802963,"""Soft Sip""",[0.11017663776874542],"[0, 0, 1, 0]"
184.538255453,,12203,,1583006489,388930082,"""Soft Sip""",[0.12103480100631714],"[0, 0, 1, 0]"
184.542782545,,12204,,1583006489,396231889,"""Soft Sip""",[0.13186083734035492],"[0, 0, 1, 0]"
184.547359467,,12205,,1583006489,400789022,"""Soft Sip""",[0.14271900057792664],"[0, 0, 1, 0]"
184.55381465,,12206,,1583006489,405267000,"""Soft Sip""",[0.15357716381549835],"[0, 0, 1, 0]"
184.55851841,,12207,,1583006489,411545991,"""Soft Sip""",[0.16443534195423126],"[0, 0, 1, 0]"
184.564454079,,12208,,1583006489,416507959,"""Soft Sip""",[0.17529350519180298],"[0, 0, 1, 0]"
184.571581364,,12209,,1583006489,422635078,"""Soft Sip""",[0.18611954152584076],"[0, 0, 1, 0]"
184.576639414,,12210,,1583006489,429470062,"""Soft Sip""",[0.19697770476341248],"[0, 0, 1, 0]"
184.581865072,,12211,,1583006489,434614896,"""Soft Sip""",[0.2078358680009842],"[0, 0, 1, 0]"
184.586829901,,12212,,1583006489,439842939,"""Soft Sip""",[0.2186940312385559],"[0, 0, 1, 0]"
184.592651606,,12213,,1583006489,444871902,"""Soft Sip""",[0.2078358680009842],"[0, 0, 1, 0]"
184.607835054,,12214,,1583006489,459289073,"""Soft Sip""",[0.19697770476341248],"[0, 0, 1, 0]"
184.623067617,,12215,,1583006489,475243091,"""Soft Sip""",[0.18611954152584076],"[0, 0, 1, 0]"
184.651049614,,12216,,1583006489,501226902,"""Soft Sip""",[0.19697770476341248],"[0, 0, 1, 0]"
184.658010721,,12217,,1583006489,509092092,"""Soft Sip""",[0.18611954152584076],"[0, 0, 1, 0]"
184.663914919,,12218,,1583006489,516055107,"""Soft Sip""",[0.19697770476341248],"[0, 0, 1, 0]"
184.673271179,,12219,,1583006489,525181055,"""Soft Sip""",[0.18611954152584076],"[0, 0, 1, 0]"
184.684089661,,12220,,1583006489,535253047,"""Soft Sip""",[0.17529350519180298],"[0, 0, 1, 0]"
184.695392132,,12221,,1583006489,547183990,"""Soft Sip""",[0.16443534195423126],"[0, 0, 1, 0]"
184.706753731,,12222,,1583006489,559231042,"""Soft Sip""",[0.15357716381549835],"[0, 0, 1, 0]"
184.741374254,,12223,,1583006489,593267917,"""Soft Sip""",[0.16443534195423126],"[0, 0, 1, 0]"
184.752083063,,12224,,1583006489,603205919,"""Soft Sip""",[0.17529350519180298],"[0, 0, 1, 0]"
184.761031151,,12225,,1583006489,613188982,"""Soft Sip""",[0.18611954152584076],"[0, 0, 1, 0]"
184.768930197,,12226,,1583006489,621117115,"""Soft Sip""",[0.19697770476341248],"[0, 0, 1, 0]"
184.776905537,,12227,,1583006489,629137992,"""Soft Sip""",[0.2078358680009842],"[0, 0, 1, 0]"
184.785590887,,12228,,1583006489,637141942,"""Soft Sip""",[0.2186940312385559],"[0, 0, 1, 0]"
184.792634249,,12229,,1583006489,643654108,"""Soft Sip""",[0.22955219447612762],"[0, 0, 1, 0]"
184.798382044,,12230,,1583006489,650726079,"""Soft Sip""",[0.2403782308101654],"[0, 0, 1, 0]"
184.803481817,,12231,,1583006489,656466960,"""Soft Sip""",[0.2512364089488983],"[0, 0, 1, 0]"
184.808178425,,12232,,1583006489,661539077,"""Soft Sip""",[0.26209455728530884],"[0, 0, 1, 0]"
184.814403534,,12233,,1583006489,666234016,"""Soft Sip""",[0.27295273542404175],"[0, 0, 1, 0]"
184.821763992,,12234,,1583006489,672435045,"""Soft Sip""",[0.2946690618991852],"[0, 0, 1, 0]"
184.822722197,,12235,,1583006489,679860115,"""Soft-Hard Sip Deadband""",[0.30549511313438416],"[0, 0, 0, 0]"
184.823737383,,12236,,1583006489,680700063,"""Soft-Hard Sip Deadband""",[0.3163532614707947],"[0, 0, 0, 0]"
184.82457304,,12237,,1583006489,681807041,"""Soft-Hard Sip Deadband""",[0.3272114396095276],"[0, 0, 0, 0]"
184.825242758,,12238,,1583006489,682552099,"""Soft-Hard Sip Deadband""",[0.3380695879459381],"[0, 0, 0, 0]"
184.827857494,,12239,,1583006489,685095071,"""Soft-Hard Sip Deadband""",[0.348927766084671],"[0, 0, 0, 0]"
184.836371183,,12240,,1583006489,693182945,"""Soft-Hard Sip Deadband""",[0.3597537875175476],"[0, 0, 0, 0]"
184.87638855,,12241,,1583006489,733195066,"""Soft-Hard Sip Deadband""",[0.348927766084671],"[0, 0, 0, 0]"
184.954333544,,12242,,1583006489,811219930,"""Soft-Hard Sip Deadband""",[0.3380695879459381],"[0, 0, 0, 0]"
184.955909729,,12243,,1583006489,813102960,"""Soft-Hard Sip Deadband""",[0.348927766084671],"[0, 0, 0, 0]"
184.958069086,,12244,,1583006489,815118074,"""Soft-Hard Sip Deadband""",[0.3380695879459381],"[0, 0, 0, 0]"
184.978282452,,12245,,1583006489,835155010,"""Soft-Hard Sip Deadband""",[0.3272114396095276],"[0, 0, 0, 0]"
184.988487244,,12246,,1583006489,845171928,"""Soft-Hard Sip Deadband""",[0.3163532614707947],"[0, 0, 0, 0]"
185.006383181,,12247,,1583006489,863226890,"""Soft-Hard Sip Deadband""",[0.30549511313438416],"[0, 0, 0, 0]"
185.010056496,,12248,,1583006489,867120981,"""Soft-Hard Sip Deadband""",[0.3163532614707947],"[0, 0, 0, 0]"
185.0140872,,12249,,1583006489,871140956,"""Soft-Hard Sip Deadband""",[0.30549511313438416],"[0, 0, 0, 0]"
185.064713955,,12250,,1583006489,917207956,"""Soft Sip""",[0.2946690618991852],"[0, 0, 1, 0]"
185.065596342,,12251,,1583006489,922749996,"""Soft-Hard Sip Deadband""",[0.30549511313438416],"[0, 0, 0, 0]"
185.070953608,,12252,,1583006489,923648118,"""Soft Sip""",[0.2946690618991852],"[0, 0, 1, 0]"
185.09864831,,12253,,1583006489,949204921,"""Soft Sip""",[0.28381088376045227],"[0, 0, 1, 0]"
185.103886127,,12254,,1583006489,956696987,"""Soft Sip""",[0.2946690618991852],"[0, 0, 1, 0]"
185.109338045,,12255,,1583006489,961949110,"""Soft Sip""",[0.28381088376045227],"[0, 0, 1, 0]"
185.136120081,,12256,,1583006489,987154960,"""Soft Sip""",[0.27295273542404175],"[0, 0, 1, 0]"
185.141516685,,12257,,1583006489,994201898,"""Soft Sip""",[0.28381088376045227],"[0, 0, 1, 0]"
185.147404909,,12258,,1583006489,999524116,"""Soft Sip""",[0.27295273542404175],"[0, 0, 1, 0]"
185.153951168,,12259,,1583006490,5069971,"""Soft Sip""",[0.26209455728530884],"[0, 0, 1, 0]"
185.159614086,,12260,,1583006490,12018918,"""Soft Sip""",[0.2512364089488983],"[0, 0, 1, 0]"
185.166412592,,12261,,1583006490,17659902,"""Soft Sip""",[0.2403782308101654],"[0, 0, 1, 0]"
185.17292285,,12262,,1583006490,24440050,"""Soft Sip""",[0.22955219447612762],"[0, 0, 1, 0]"
185.177991152,,12263,,1583006490,30977964,"""Soft Sip""",[0.2186940312385559],"[0, 0, 1, 0]"
185.184079409,,12264,,1583006490,36034107,"""Soft Sip""",[0.2078358680009842],"[0, 0, 1, 0]"
185.19036293,,12265,,1583006490,42174100,"""Soft Sip""",[0.19697770476341248],"[0, 0, 1, 0]"
185.194969177,,12266,,1583006490,48335075,"""Soft Sip""",[0.18611954152584076],"[0, 0, 1, 0]"
185.201199293,,12267,,1583006490,53040027,"""Soft Sip""",[0.17529350519180298],"[0, 0, 1, 0]"
185.206121922,,12268,,1583006490,59308052,"""Soft Sip""",[0.16443534195423126],"[0, 0, 1, 0]"
185.210624218,,12269,,1583006490,64105033,"""Soft Sip""",[0.15357716381549835],"[0, 0, 1, 0]"
185.218429089,,12270,,1583006490,68607091,"""Soft Sip""",[0.14271900057792664],"[0, 0, 1, 0]"
185.224375486,,12271,,1583006490,76395988,"""Soft Sip""",[0.13186083734035492],"[0, 0, 1, 0]"
185.230379581,,12272,,1583006490,82478046,"""Soft Sip""",[0.11017663776874542],"[0, 0, 1, 0]"
185.237138271,,12273,,1583006490,88355064,"""Soft Sip""",[0.0993184745311737],"[0, 0, 1, 0]"
185.242376566,,12274,,1583006490,95046997,"""Soft Sip""",[0.08846031129360199],"[0, 0, 1, 0]"
185.2483325,,12275,,1583006490,100562095,"""Soft Sip""",[0.07760214805603027],"[0, 0, 1, 0]"
185.256001234,,12276,,1583006490,106353998,"""Soft Sip""",[0.06674397736787796],"[0, 0, 1, 0]"
185.260763884,,12277,,1583006490,114010095,"""Soft Sip""",[0.05591794103384018],"[0, 0, 1, 0]"
185.267486095,,12278,,1583006490,118738889,"""Soft Sip""",[0.04505977779626846],"[0, 0, 1, 0]"
185.272619724,,12279,,1583006490,125452995,"""Soft Sip""",[0.03420161083340645],"[0, 0, 1, 0]"
185.27865386,,12280,,1583006490,130646944,"""Soft Sip""",[0.023343447595834732],"[0, 0, 1, 0]"
185.285773754,,12281,,1583006490,136491060,"""Soft Sip""",[0.012485282495617867],"[0, 0, 1, 0]"
185.286969662,,12282,,1583006490,143763065,"""Zero Band""",[0.0016592431347817183],"[0, 0, 0, 0]"
185.288044691,,12283,,1583006490,144957065,"""Zero Band""",[-0.0],"[0, 0, 0, 0]"
185.289088011,,12284,,1583006490,146205902,"""Zero Band""",[-0.0],"[0, 0, 0, 0]"
185.290047646,,12285,,1583006490,147085905,"""Zero Band""",[-0.0],"[0, 0, 0, 0]"
185.290767908,,12286,,1583006490,147926092,"""Zero Band""",[-0.0],"[0, 0, 0, 0]"
185.291605949,,12287,,1583006490,148765087,"""Zero Band""",[-0.0],"[0, 0, 0, 0]"
185.30834341,,12288,,1583006490,165163040,"""Zero Band""",[-0.0],"[0, 0, 0, 0]"
185.318776846,,12289,,1583006490,175271987,"""Zero Band""",[-0.0],"[0, 0, 0, 0]"
185.332842827,,12290,,1583006490,189234018,"""Zero Band""",[-0.0],"[0, 0, 0, 0]"
185.342513323,,12291,,1583006490,199191093,"""Zero Band""",[-0.0],"[0, 0, 0, 0]"
185.354593515,,12292,,1583006490,211275100,"""Zero Band""",[0.0016592431347817183],"[0, 0, 0, 0]"
185.367643118,,12293,,1583006490,219208002,"""Soft Sip""",[0.012485282495617867],"[0, 0, 1, 0]"
185.376151085,,12294,,1583006490,229121923,"""Soft Sip""",[0.023343447595834732],"[0, 0, 1, 0]"
185.392851114,,12295,,1583006490,245162010,"""Soft Sip""",[0.03420161083340645],"[0, 0, 1, 0]"
185.426659346,,12296,,1583006490,279175043,"""Soft Sip""",[0.04505977779626846],"[0, 0, 1, 0]"
185.447535276,,12297,,1583006490,299174070,"""Soft Sip""",[0.03420161083340645],"[0, 0, 1, 0]"
185.473674059,,12298,,1583006490,325272083,"""Soft Sip""",[0.023343447595834732],"[0, 0, 1, 0]"
185.479239941,,12299,,1583006490,331727981,"""Soft Sip""",[0.03420161083340645],"[0, 0, 1, 0]"
185.487776518,,12300,,1583006490,337367057,"""Soft Sip""",[0.023343447595834732],"[0, 0, 1, 0]"
185.510881186,,12301,,1583006490,363200902,"""Soft Sip""",[0.03420161083340645],"[0, 0, 1, 0]"
185.518245697,,12302,,1583006490,368953943,"""Soft Sip""",[0.023343447595834732],"[0, 0, 1, 0]"
185.524581432,,12303,,1583006490,376321077,"""Soft Sip""",[0.03420161083340645],"[0, 0, 1, 0]"
185.53955555,,12304,,1583006490,391292095,"""Soft Sip""",[0.04505977779626846],"[0, 0, 1, 0]"
185.555567503,,12305,,1583006490,405206918,"""Soft Sip""",[0.05591794103384018],"[0, 0, 1, 0]"
185.563852787,,12306,,1583006490,417135000,"""Soft Sip""",[0.06674397736787796],"[0, 0, 1, 0]"
185.571836472,,12307,,1583006490,423131942,"""Zero Band""",[0.07760214805603027],"[0, 0, 0, 0]"
185.577954769,,12308,,1583006490,429877996,"""Zero Band""",[0.08846031129360199],"[0, 0, 0, 0]"
185.585344553,,12309,,1583006490,436034917,"""Zero Band""",[0.0993184745311737],"[0, 0, 0, 0]"
185.590896368,,12310,,1583006490,443500995,"""Zero Band""",[0.11017663776874542],"[0, 0, 0, 0]"
185.596237659,,12311,,1583006490,448957920,"""Zero Band""",[0.12103480100631714],"[0, 0, 0, 0]"
185.602359295,,12312,,1583006490,454330921,"""Zero Band""",[0.13186083734035492],"[0, 0, 0, 0]"
185.607909203,,12313,,1583006490,460354089,"""Zero Band""",[0.14271900057792664],"[0, 0, 0, 0]"
185.614703655,,12314,,1583006490,465944051,"""Zero Band""",[0.15357716381549835],"[0, 0, 0, 0]"
185.621997833,,12315,,1583006490,472820997,"""Zero Band""",[0.16443534195423126],"[0, 0, 0, 0]"
185.627174854,,12316,,1583006490,480050086,"""Zero Band""",[0.17529350519180298],"[0, 0, 0, 0]"
185.634536743,,12317,,1583006490,485239028,"""Zero Band""",[0.18611954152584076],"[0, 0, 0, 0]"
185.64084506,,12318,,1583006490,492670059,"""Zero Band""",[0.19697770476341248],"[0, 0, 0, 0]"
185.655827522,,12319,,1583006490,505255937,"""Zero Band""",[0.18611954152584076],"[0, 0, 0, 0]"
185.663085222,,12320,,1583006490,515110969,"""Zero Band""",[0.17529350519180298],"[0, 0, 0, 0]"
185.670073986,,12321,,1583006490,521176099,"""Zero Band""",[0.16443534195423126],"[0, 0, 0, 0]"
185.684129953,,12322,,1583006490,535171031,"""Zero Band""",[0.15357716381549835],"[0, 0, 0, 0]"
185.693042994,,12323,,1583006490,545149087,"""Zero Band""",[0.14271900057792664],"[0, 0, 0, 0]"
185.698233843,,12324,,1583006490,551078081,"""Zero Band""",[0.13186083734035492],"[0, 0, 0, 0]"
185.708415508,,12325,,1583006490,561187982,"""Zero Band""",[0.12103480100631714],"[0, 0, 0, 0]"
185.723760843,,12326,,1583006490,575386047,"""Zero Band""",[0.11017663776874542],"[0, 0, 0, 0]"
185.733952045,,12327,,1583006490,587184906,"""Zero Band""",[0.0993184745311737],"[0, 0, 0, 0]"
185.743712425,,12328,,1583006490,595200061,"""Zero Band""",[0.08846031129360199],"[0, 0, 0, 0]"
185.75197196,,12329,,1583006490,601799011,"""Zero Band""",[0.07760214805603027],"[0, 0, 0, 0]"
185.757544279,,12330,,1583006490,610016107,"""Zero Band""",[0.06674397736787796],"[0, 0, 0, 0]"
185.762659311,,12331,,1583006490,615597963,"""Zero Band""",[0.05591794103384018],"[0, 0, 0, 0]"
185.76962781,,12332,,1583006490,620754957,"""Zero Band""",[0.04505977779626846],"[0, 0, 0, 0]"
185.774365425,,12333,,1583006490,627665042,"""Zero Band""",[0.03420161083340645],"[0, 0, 0, 0]"
185.781974792,,12334,,1583006490,632436990,"""Zero Band""",[0.023343447595834732],"[0, 0, 0, 0]"
185.786607981,,12335,,1583006490,639008998,"""Zero Band""",[0.012485282495617867],"[0, 0, 0, 0]"
185.787519932,,12336,,1583006490,644691944,"""Zero Band""",[0.0016592431347817183],"[0, 0, 0, 0]"
185.78829217,,12337,,1583006490,645488977,"""Zero Band""",[-0.0],"[0, 0, 0, 0]"
185.789090395,,12338,,1583006490,646306991,"""Zero Band""",[-0.0],"[0, 0, 0, 0]"
185.789850235,,12339,,1583006490,647155046,"""Zero Band""",[-0.0],"[0, 0, 0, 0]"
185.791899443,,12340,,1583006490,649091005,"""Zero Band""",[-0.0],"[0, 0, 0, 0]"
185.796246767,,12341,,1583006490,653140068,"""Zero Band""",[-0.0],"[0, 0, 0, 0]"
185.829563618,,12342,,1583006490,686183929,"""Zero Band""",[-0.0],"[0, 0, 0, 0]"
185.82964015,,12343,,1583006490,686183929,"""input stopped""",[-0.0],"[0, 0, 0, 0]"
186.19121027,,12344,,1583006491,48111915,"""Zero Band""",[-0.0],"[0, 0, 0, 0]"
186.196023226,,12345,,1583006491,53124904,"""Zero Band""",[-0.0],"[0, 0, 0, 0]"
186.198097467,,12346,,1583006491,55119037,"""Zero Band""",[-0.0016271184431388974],"[0, 0, 0, 0]"
186.204402208,,12347,,1583006491,57121038,"""Zero Band""",[-0.012453158386051655],"[0, 0, 0, 0]"
186.209272861,,12348,,1583006491,62449932,"""Zero Band""",[-0.03416948765516281],"[0, 0, 0, 0]"
186.215770721,,12349,,1583006491,67378044,"""Zero Band""",[-0.06671185791492462],"[0, 0, 0, 0]"
186.221448183,,12350,,1583006491,73745012,"""Zero Band""",[-0.08842818439006805],"[0, 0, 0, 0]"
186.225889444,,12351,,1583006491,79435110,"""Zero Band""",[-0.1210026741027832],"[0, 0, 0, 0]"
186.231052637,,12352,,1583006491,83991050,"""Zero Band""",[-0.1426868885755539],"[0, 0, 0, 0]"
186.239694834,,12353,,1583006491,89035034,"""Zero Band""",[-0.17526137828826904],"[0, 0, 0, 0]"
186.246799469,,12354,,1583006491,97538948,"""Zero Band""",[-0.20780374109745026],"[0, 0, 0, 0]"
186.253421307,,12355,,1583006491,104808092,"""Zero Band""",[-0.2512042820453644],"[0, 0, 0, 0]"
186.260157108,,12356,,1583006491,111401081,"""Zero Band""",[-0.28377875685691833],"[0, 0, 0, 0]"
186.261092186,,12357,,1583006491,118168115,"""Soft-Hard Puff Deadband""",[-0.31632113456726074],"[0, 0, 0, 0]"
186.262078285,,12358,,1583006491,119226932,"""Soft-Hard Puff Deadband""",[-0.35972166061401367],"[0, 0, 0, 0]"
186.263416052,,12359,,1583006491,120066881,"""Soft-Hard Puff Deadband""",[-0.4031543433666229],"[0, 0, 0, 0]"
186.264545679,,12360,,1583006491,121018886,"""Soft-Hard Puff Deadband""",[-0.43569669127464294],"[0, 0, 0, 0]"
186.266044617,,12361,,1583006491,122770071,"""Soft-Hard Puff Deadband""",[-0.4682711958885193],"[0, 0, 0, 0]"
186.272053719,,12362,,1583006491,123774051,"""Zero Band""",[-0.5116717219352722],"[0, 0, 0, 0]"
186.278441668,,12363,,1583006491,130076885,"""Zero Band""",[-0.5550722479820251],"[0, 0, 0, 0]"
186.285054207,,12364,,1583006491,136415958,"""Zero Band""",[-0.5876467227935791],"[0, 0, 0, 0]"
186.290472031,,12365,,1583006491,143018007,"""Zero Band""",[-0.6419054269790649],"[0, 0, 0, 0]"
186.297792435,,12366,,1583006491,148443937,"""Zero Band""",[-0.6744478344917297],"[0, 0, 0, 0]"
186.304606199,,12367,,1583006491,155762910,"""Zero Band""",[-0.7178483605384827],"[0, 0, 0, 0]"
186.309160709,,12368,,1583006491,162570953,"""Zero Band""",[-0.7612810134887695],"[0, 0, 0, 0]"
186.313481092,,12369,,1583006491,167151927,"""Zero Band""",[-0.8046815395355225],"[0, 0, 0, 0]"
186.319042921,,12370,,1583006491,171477079,"""Zero Band""",[-0.8372238874435425],"[0, 0, 0, 0]"
186.324706078,,12371,,1583006491,177011013,"""Zero Band""",[-0.8806565403938293],"[0, 0, 0, 0]"
186.332562447,,12372,,1583006491,182801008,"""Zero Band""",[-0.924057126045227],"[0, 0, 0, 0]"
186.337459803,,12373,,1583006491,190208911,"""Zero Band""",[-0.9565994739532471],"[0, 0, 0, 0]"
186.343451977,,12374,,1583006491,195447921,"""Zero Band""",[-0.989173948764801],"[0, 0, 0, 0]"
186.349413157,,12375,,1583006491,201430082,"""Zero Band""",[-1.0],"[0, 0, 0, 0]"
186.567645788,,12376,,1583006491,419250011,"""Zero Band""",[-0.96745765209198],"[0, 0, 0, 0]"
186.572592735,,12377,,1583006491,425729990,"""Zero Band""",[-0.9565994739532471],"[0, 0, 0, 0]"
186.579429865,,12378,,1583006491,430577039,"""Zero Band""",[-0.924057126045227],"[0, 0, 0, 0]"
186.586115599,,12379,,1583006491,437511920,"""Zero Band""",[-0.8914825916290283],"[0, 0, 0, 0]"
186.590946198,,12380,,1583006491,444097042,"""Zero Band""",[-0.8697984218597412],"[0, 0, 0, 0]"
186.598568916,,12381,,1583006491,448935031,"""Zero Band""",[-0.8263657689094543],"[0, 0, 0, 0]"
186.604589701,,12382,,1583006491,456545114,"""Zero Band""",[-0.8046815395355225],"[0, 0, 0, 0]"
186.609476089,,12383,,1583006491,462574005,"""Zero Band""",[-0.7721070647239685],"[0, 0, 0, 0]"
186.61537981,,12384,,1583006491,467628002,"""Zero Band""",[-0.7395646572113037],"[0, 0, 0, 0]"
186.622284412,,12385,,1583006491,473373889,"""Zero Band""",[-0.7070223093032837],"[0, 0, 0, 0]"
186.628987074,,12386,,1583006491,480048894,"""Zero Band""",[-0.6744478344917297],"[0, 0, 0, 0]"
186.635496616,,12387,,1583006491,486968040,"""Zero Band""",[-0.6310473084449768],"[0, 0, 0, 0]"
186.640619516,,12388,,1583006491,493486881,"""Zero Band""",[-0.5984727740287781],"[0, 0, 0, 0]"
186.645719528,,12389,,1583006491,498604059,"""Zero Band""",[-0.5659304261207581],"[0, 0, 0, 0]"
186.650248766,,12390,,1583006491,503710031,"""Zero Band""",[-0.5333559513092041],"[0, 0, 0, 0]"
186.65576458,,12391,,1583006491,508239030,"""Zero Band""",[-0.5008135437965393],"[0, 0, 0, 0]"
186.656581402,,12392,,1583006491,513776063,"""Soft-Hard Puff Deadband""",[-0.4682711958885193],"[0, 0, 0, 0]"
186.657560825,,12393,,1583006491,514734029,"""Soft-Hard Puff Deadband""",[-0.43569669127464294],"[0, 0, 0, 0]"
186.658360243,,12394,,1583006491,515532016,"""Soft-Hard Puff Deadband""",[-0.41401249170303345],"[0, 0, 0, 0]"
186.659591913,,12395,,1583006491,516311883,"""Soft-Hard Puff Deadband""",[-0.3814379870891571],"[0, 0, 0, 0]"
186.660498142,,12396,,1583006491,517590999,"""Soft-Hard Puff Deadband""",[-0.3488956391811371],"[0, 0, 0, 0]"
186.661399841,,12397,,1583006491,518486976,"""Soft-Hard Puff Deadband""",[-0.31632113456726074],"[0, 0, 0, 0]"
186.666858196,,12398,,1583006491,519372940,"""Zero Band""",[-0.29463693499565125],"[0, 0, 0, 0]"
186.67288065,,12399,,1583006491,524837017,"""Zero Band""",[-0.2512042820453644],"[0, 0, 0, 0]"
186.678104401,,12400,,1583006491,530858993,"""Zero Band""",[-0.21866190433502197],"[0, 0, 0, 0]"
186.684081078,,12401,,1583006491,535692930,"""Zero Band""",[-0.18608741462230682],"[0, 0, 0, 0]"
186.688595295,,12402,,1583006491,542088985,"""Zero Band""",[-0.1535450518131256],"[0, 0, 0, 0]"
186.696303129,,12403,,1583006491,546578884,"""Zero Band""",[-0.11014451086521149],"[0, 0, 0, 0]"
186.70247674,,12404,,1583006491,554271936,"""Zero Band""",[-0.07757002115249634],"[0, 0, 0, 0]"
186.70794034,,12405,,1583006491,560483932,"""Zero Band""",[-0.03416948765516281],"[0, 0, 0, 0]"
186.708874464,,12406,,1583006491,565910100,"""Zero Band""",[-0.0],"[0, 0, 0, 0]"
186.709516048,,12407,,1583006491,566715955,"""Zero Band""",[-0.0],"[0, 0, 0, 0]"
186.710273027,,12408,,1583006491,567487955,"""Zero Band""",[-0.0],"[0, 0, 0, 0]"
186.710322857,,12409,,1583006491,567487955,"""input stopped""",[-0.0],"[0, 0, 0, 0]"
186.711784363,,12410,,1583006491,568583965,"""Zero Band""",[-0.0],"[0, 0, 0, 0]"
186.717629671,,12411,,1583006491,569737911,"""Zero Band""",[0.03420161083340645],"[0, 0, 0, 0]"
186.723228693,,12412,,1583006491,575375080,"""Zero Band""",[0.11017663776874542],"[0, 0, 0, 0]"
186.729776621,,12413,,1583006491,581198930,"""Zero Band""",[0.18611954152584076],"[0, 0, 0, 0]"
186.734574318,,12414,,1583006491,587758064,"""Zero Band""",[0.26209455728530884],"[0, 0, 0, 0]"
186.735529661,,12415,,1583006491,592550039,"""Soft-Hard Sip Deadband""",[0.348927766084671],"[0, 0, 0, 0]"
186.73636508,,12416,,1583006491,593502998,"""Soft-Hard Sip Deadband""",[0.42487066984176636],"[0, 0, 0, 0]"
186.741510868,,12417,,1583006491,594341039,"""Hard Sip""",[0.5008456707000732],"[0, 0, 0, 1]"
186.748258114,,12418,,1583006491,599486112,"""Hard Sip""",[0.598504900932312],"[0, 0, 0, 1]"
186.75279212,,12419,,1583006491,606157064,"""Hard Sip""",[0.6853380799293518],"[0, 0, 0, 1]"
186.758629084,,12420,,1583006491,610761880,"""Hard Sip""",[0.7613131403923035],"[0, 0, 0, 1]"
186.765189886,,12421,,1583006491,616607904,"""Zero Band""",[0.8589723706245422],"[0, 0, 0, 0]"
186.770205259,,12422,,1583006491,623176097,"""Zero Band""",[0.9349473714828491],"[0, 0, 0, 0]"
186.774966478,,12423,,1583006491,628115892,"""Zero Band""",[1.0],"[0, 0, 0, 0]"
187.027025938,,12424,,1583006491,879245996,"""Zero Band""",[0.9349473714828491],"[0, 0, 0, 0]"
187.032288074,,12425,,1583006491,885101079,"""Zero Band""",[0.8589723706245422],"[0, 0, 0, 0]"
187.037653446,,12426,,1583006491,890285968,"""Zero Band""",[0.7938554883003235],"[0, 0, 0, 0]"
187.04326129,,12427,,1583006491,895668983,"""Zero Band""",[0.7178804874420166],"[0, 0, 0, 0]"
187.048182726,,12428,,1583006491,901269912,"""Zero Band""",[0.6527636051177979],"[0, 0, 0, 0]"
187.056618929,,12429,,1583006491,906209945,"""Zero Band""",[0.598504900932312],"[0, 0, 0, 0]"
187.062432766,,12430,,1583006491,914602041,"""Zero Band""",[0.533388078212738],"[0, 0, 0, 0]"
187.063555956,,12431,,1583006491,920562028,"""Soft-Hard Sip Deadband""",[0.4791293442249298],"[0, 0, 0, 0]"
187.064782381,,12432,,1583006491,921551942,"""Soft-Hard Sip Deadband""",[0.42487066984176636],"[0, 0, 0, 0]"
187.065435886,,12433,,1583006491,922460079,"""Soft-Hard Sip Deadband""",[0.3597537875175476],"[0, 0, 0, 0]"
187.066370487,,12434,,1583006491,923434019,"""Soft-Hard Sip Deadband""",[0.3163532614707947],"[0, 0, 0, 0]"
187.071996212,,12435,,1583006491,924350976,"""Zero Band""",[0.27295273542404175],"[0, 0, 0, 0]"
187.07650423,,12436,,1583006491,929724931,"""Zero Band""",[0.22955219447612762],"[0, 0, 0, 0]"
187.080997229,,12437,,1583006491,934379100,"""Zero Band""",[0.18611954152584076],"[0, 0, 0, 0]"
187.086979628,,12438,,1583006491,938998937,"""Zero Band""",[0.15357716381549835],"[0, 0, 0, 0]"
187.094641209,,12439,,1583006491,944960117,"""Zero Band""",[0.11017663776874542],"[0, 0, 0, 0]"
187.101440668,,12440,,1583006491,952713012,"""Zero Band""",[0.07760214805603027],"[0, 0, 0, 0]"
187.109634399,,12441,,1583006491,959541082,"""Zero Band""",[0.04505977779626846],"[0, 0, 0, 0]"
187.114649057,,12442,,1583006491,967609882,"""Zero Band""",[0.012485282495617867],"[0, 0, 0, 0]"
187.115637541,,12443,,1583006491,972614049,"""Zero Band""",[-0.0],"[0, 0, 0, 0]"
187.116509676,,12444,,1583006491,973611116,"""Zero Band""",[-0.0],"[0, 0, 0, 0]"
187.117411852,,12445,,1583006491,974415063,"""Zero Band""",[-0.0],"[0, 0, 0, 0]"
187.118343115,,12446,,1583006491,975367069,"""Zero Band""",[-0.0],"[0, 0, 0, 0]"
187.118385315,,12447,,1583006491,975367069,"""input stopped""",[-0.0],"[0, 0, 0, 0]"
187.683877945,,12448,,1583006492,540215015,"""Zero Band""",[-0.0],"[0, 0, 0, 0]"
187.686148405,,12449,,1583006492,543155908,"""Zero Band""",[-0.0],"[0, 0, 0, 0]"
187.690043449,,12450,,1583006492,547139883,"""Zero Band""",[-0.0],"[0, 0, 0, 0]"
187.695970535,,12451,,1583006492,553126096,"""Zero Band""",[0.0016592431347817183],"[0, 0, 0, 0]"
187.703351498,,12452,,1583006492,555094957,"""Zero Band""",[0.012485282495617867],"[0, 0, 0, 0]"
187.708634377,,12453,,1583006492,561415910,"""Zero Band""",[0.023343447595834732],"[0, 0, 0, 0]"
187.713453293,,12454,,1583006492,566617012,"""Zero Band""",[0.03420161083340645],"[0, 0, 0, 0]"
187.719499588,,12455,,1583006492,571561098,"""Zero Band""",[0.05591794103384018],"[0, 0, 0, 0]"
187.724182129,,12456,,1583006492,577508926,"""Zero Band""",[0.06674397736787796],"[0, 0, 0, 0]"
187.730005741,,12457,,1583006492,582179069,"""Zero Band""",[0.07760214805603027],"[0, 0, 0, 0]"
187.737735987,,12458,,1583006492,587995052,"""Zero Band""",[0.08846031129360199],"[0, 0, 0, 0]"
187.743213415,,12459,,1583006492,595853090,"""Zero Band""",[0.0993184745311737],"[0, 0, 0, 0]"
187.74776721,,12460,,1583006492,601195096,"""Zero Band""",[0.11017663776874542],"[0, 0, 0, 0]"
187.75291419,,12461,,1583006492,605746984,"""Zero Band""",[0.13186083734035492],"[0, 0, 0, 0]"
187.75750494,,12462,,1583006492,610894918,"""Zero Band""",[0.14271900057792664],"[0, 0, 0, 0]"
187.765076637,,12463,,1583006492,615490913,"""Zero Band""",[0.15357716381549835],"[0, 0, 0, 0]"
187.773063421,,12464,,1583006492,622898101,"""Zero Band""",[0.17529350519180298],"[0, 0, 0, 0]"
187.780327082,,12465,,1583006492,631170034,"""Zero Band""",[0.18611954152584076],"[0, 0, 0, 0]"
187.786969185,,12466,,1583006492,638287067,"""Zero Band""",[0.2078358680009842],"[0, 0, 0, 0]"
187.791799068,,12467,,1583006492,644942998,"""Zero Band""",[0.2186940312385559],"[0, 0, 0, 0]"
187.797587633,,12468,,1583006492,649966001,"""Zero Band""",[0.22955219447612762],"[0, 0, 0, 0]"
187.804171085,,12469,,1583006492,655572891,"""Zero Band""",[0.2512364089488983],"[0, 0, 0, 0]"
187.809325933,,12470,,1583006492,662184953,"""Zero Band""",[0.26209455728530884],"[0, 0, 0, 0]"
187.814491987,,12471,,1583006492,667306900,"""Zero Band""",[0.27295273542404175],"[0, 0, 0, 0]"
187.821302652,,12472,,1583006492,672492027,"""Zero Band""",[0.28381088376045227],"[0, 0, 0, 0]"
187.821968555,,12473,,1583006492,679161071,"""Soft-Hard Sip Deadband""",[0.30549511313438416],"[0, 0, 0, 0]"
187.822676659,,12474,,1583006492,679941892,"""Soft-Hard Sip Deadband""",[0.3163532614707947],"[0, 0, 0, 0]"
187.823482513,,12475,,1583006492,680649042,"""Soft-Hard Sip Deadband""",[0.3272114396095276],"[0, 0, 0, 0]"
187.824221373,,12476,,1583006492,681452989,"""Soft-Hard Sip Deadband""",[0.3380695879459381],"[0, 0, 0, 0]"
187.824911833,,12477,,1583006492,682198047,"""Soft-Hard Sip Deadband""",[0.348927766084671],"[0, 0, 0, 0]"
187.825596571,,12478,,1583006492,682897090,"""Soft-Hard Sip Deadband""",[0.3706119656562805],"[0, 0, 0, 0]"
187.826395273,,12479,,1583006492,683564901,"""Soft-Hard Sip Deadband""",[0.38147011399269104],"[0, 0, 0, 0]"
187.827499866,,12480,,1583006492,684362888,"""Soft-Hard Sip Deadband""",[0.39232829213142395],"[0, 0, 0, 0]"
187.828449488,,12481,,1583006492,685476064,"""Soft-Hard Sip Deadband""",[0.4031864404678345],"[0, 0, 0, 0]"
187.82923007,,12482,,1583006492,686537981,"""Soft-Hard Sip Deadband""",[0.4140446186065674],"[0, 0, 0, 0]"
187.829984665,,12483,,1583006492,687203884,"""Soft-Hard Sip Deadband""",[0.42487066984176636],"[0, 0, 0, 0]"
187.830698013,,12484,,1583006492,687905073,"""Soft-Hard Sip Deadband""",[0.4357288181781769],"[0, 0, 0, 0]"
187.831609726,,12485,,1583006492,688672065,"""Soft-Hard Sip Deadband""",[0.4465869963169098],"[0, 0, 0, 0]"
187.832533598,,12486,,1583006492,689564943,"""Soft-Hard Sip Deadband""",[0.4574451446533203],"[0, 0, 0, 0]"
187.83369112,,12487,,1583006492,690553903,"""Soft-Hard Sip Deadband""",[0.4683033227920532],"[0, 0, 0, 0]"
187.835133076,,12488,,1583006492,692073106,"""Soft-Hard Sip Deadband""",[0.4791293442249298],"[0, 0, 0, 0]"
187.835964441,,12489,,1583006492,693099975,"""Soft-Hard Sip Deadband""",[0.4899875223636627],"[0, 0, 0, 0]"
187.841659069,,12490,,1583006492,693944931,"""Zero Band""",[0.5008456707000732],"[0, 0, 0, 0]"
187.847022057,,12491,,1583006492,699639081,"""Zero Band""",[0.5117038488388062],"[0, 0, 0, 0]"
187.853816509,,12492,,1583006492,705002069,"""Zero Band""",[0.5225620269775391],"[0, 0, 0, 0]"
187.859736681,,12493,,1583006492,711791038,"""Zero Band""",[0.533388078212738],"[0, 0, 0, 0]"
187.866060495,,12494,,1583006492,717710018,"""Zero Band""",[0.5442461967468262],"[0, 0, 0, 0]"
187.871753454,,12495,,1583006492,724056005,"""Zero Band""",[0.5551043748855591],"[0, 0, 0, 0]"
187.877178192,,12496,,1583006492,729741096,"""Zero Band""",[0.565962553024292],"[0, 0, 0, 0]"
187.882886887,,12497,,1583006492,735157966,"""Zero Band""",[0.5768207311630249],"[0, 0, 0, 0]"
187.890469551,,12498,,1583006492,740899085,"""Zero Band""",[0.587678849697113],"[0, 0, 0, 0]"
187.896952391,,12499,,1583006492,748616933,"""Zero Band""",[0.598504900932312],"[0, 0, 0, 0]"
187.905091763,,12500,,1583006492,754935979,"""Zero Band""",[0.6093630790710449],"[0, 0, 0, 0]"
187.910389662,,12501,,1583006492,763097047,"""Zero Band""",[0.6202212572097778],"[0, 0, 0, 0]"
187.915776014,,12502,,1583006492,768364906,"""Zero Band""",[0.6310794353485107],"[0, 0, 0, 0]"
187.922984123,,12503,,1583006492,773746967,"""Zero Band""",[0.6419375538825989],"[0, 0, 0, 0]"
187.928509951,,12504,,1583006492,780957937,"""Zero Band""",[0.6527636051177979],"[0, 0, 0, 0]"
187.934730291,,12505,,1583006492,786487102,"""Zero Band""",[0.6636217832565308],"[0, 0, 0, 0]"
187.941297531,,12506,,1583006492,792754888,"""Zero Band""",[0.6744799613952637],"[0, 0, 0, 0]"
187.946383476,,12507,,1583006492,799314022,"""Zero Band""",[0.6853380799293518],"[0, 0, 0, 0]"
187.951696634,,12508,,1583006492,804375886,"""Zero Band""",[0.6961962580680847],"[0, 0, 0, 0]"
187.959599257,,12509,,1583006492,809678077,"""Zero Band""",[0.7070544362068176],"[0, 0, 0, 0]"
187.965047121,,12510,,1583006492,817734956,"""Zero Band""",[0.7178804874420166],"[0, 0, 0, 0]"
188.005077124,,12511,,1583006492,823124885,"""Zero Band""",[0.7287386655807495],"[0, 0, 0, 0]"
188.010301113,,12512,,1583006492,863049983,"""Zero Band""",[0.7395967841148376],"[0, 0, 0, 0]"
188.015245676,,12513,,1583006492,868299007,"""Zero Band""",[0.7504549622535706],"[0, 0, 0, 0]"
188.022387266,,12514,,1583006492,873462915,"""Zero Band""",[0.7395967841148376],"[0, 0, 0, 0]"
188.027915955,,12515,,1583006492,880409002,"""Zero Band""",[0.7287386655807495],"[0, 0, 0, 0]"
188.033226252,,12516,,1583006492,885888099,"""Zero Band""",[0.7178804874420166],"[0, 0, 0, 0]"
188.040395498,,12517,,1583006492,891205072,"""Zero Band""",[0.7070544362068176],"[0, 0, 0, 0]"
188.044738293,,12518,,1583006492,898384094,"""Zero Band""",[0.6961962580680847],"[0, 0, 0, 0]"
188.049078941,,12519,,1583006492,902741909,"""Zero Band""",[0.6853380799293518],"[0, 0, 0, 0]"
188.054702044,,12520,,1583006492,907088994,"""Zero Band""",[0.6744799613952637],"[0, 0, 0, 0]"
188.060566425,,12521,,1583006492,912672996,"""Zero Band""",[0.6527636051177979],"[0, 0, 0, 0]"
188.066356897,,12522,,1583006492,918535947,"""Zero Band""",[0.6419375538825989],"[0, 0, 0, 0]"
188.073289156,,12523,,1583006492,924329996,"""Zero Band""",[0.6310794353485107],"[0, 0, 0, 0]"
188.079835892,,12524,,1583006492,931265115,"""Zero Band""",[0.6093630790710449],"[0, 0, 0, 0]"
188.08549881,,12525,,1583006492,937843084,"""Zero Band""",[0.587678849697113],"[0, 0, 0, 0]"
188.090826988,,12526,,1583006492,943466901,"""Zero Band""",[0.565962553024292],"[0, 0, 0, 0]"
188.095674992,,12527,,1583006492,948848962,"""Zero Band""",[0.5442461967468262],"[0, 0, 0, 0]"
188.101278782,,12528,,1583006492,953653097,"""Zero Band""",[0.5008456707000732],"[0, 0, 0, 0]"
188.102220058,,12529,,1583006492,959312915,"""Soft-Hard Sip Deadband""",[0.4899875223636627],"[0, 0, 0, 0]"
188.103218794,,12530,,1583006492,960208892,"""Soft-Hard Sip Deadband""",[0.4465869963169098],"[0, 0, 0, 0]"
188.104156256,,12531,,1583006492,961196899,"""Soft-Hard Sip Deadband""",[0.42487066984176636],"[0, 0, 0, 0]"
188.105288982,,12532,,1583006492,962486982,"""Soft-Hard Sip Deadband""",[0.4140446186065674],"[0, 0, 0, 0]"
188.10610652,,12533,,1583006492,963265895,"""Soft-Hard Sip Deadband""",[0.39232829213142395],"[0, 0, 0, 0]"
188.106883287,,12534,,1583006492,964076042,"""Soft-Hard Sip Deadband""",[0.38147011399269104],"[0, 0, 0, 0]"
188.107638359,,12535,,1583006492,964799880,"""Soft-Hard Sip Deadband""",[0.3706119656562805],"[0, 0, 0, 0]"
188.108756065,,12536,,1583006492,965536117,"""Soft-Hard Sip Deadband""",[0.3597537875175476],"[0, 0, 0, 0]"
188.109323025,,12537,,1583006492,966423988,"""Soft-Hard Sip Deadband""",[0.3706119656562805],"[0, 0, 0, 0]"
188.110136986,,12538,,1583006492,967294931,"""Soft-Hard Sip Deadband""",[0.38147011399269104],"[0, 0, 0, 0]"
188.111015797,,12539,,1583006492,968105077,"""Soft-Hard Sip Deadband""",[0.39232829213142395],"[0, 0, 0, 0]"
188.111785173,,12540,,1583006492,968986034,"""Soft-Hard Sip Deadband""",[0.4031864404678345],"[0, 0, 0, 0]"
188.112611294,,12541,,1583006492,969779968,"""Soft-Hard Sip Deadband""",[0.4140446186065674],"[0, 0, 0, 0]"
188.113475561,,12542,,1583006492,970611095,"""Soft-Hard Sip Deadband""",[0.42487066984176636],"[0, 0, 0, 0]"
188.114278793,,12543,,1583006492,971470117,"""Soft-Hard Sip Deadband""",[0.4357288181781769],"[0, 0, 0, 0]"
188.115093708,,12544,,1583006492,972246885,"""Soft-Hard Sip Deadband""",[0.4574451446533203],"[0, 0, 0, 0]"
188.115825653,,12545,,1583006492,972984075,"""Soft-Hard Sip Deadband""",[0.4683033227920532],"[0, 0, 0, 0]"
188.116666079,,12546,,1583006492,973799943,"""Soft-Hard Sip Deadband""",[0.4899875223636627],"[0, 0, 0, 0]"
188.122862101,,12547,,1583006492,974637985,"""Zero Band""",[0.5117038488388062],"[0, 0, 0, 0]"
188.127327442,,12548,,1583006492,980838060,"""Zero Band""",[0.5225620269775391],"[0, 0, 0, 0]"
188.132608175,,12549,,1583006492,985310077,"""Zero Band""",[0.533388078212738],"[0, 0, 0, 0]"
188.138677835,,12550,,1583006492,990587949,"""Zero Band""",[0.5551043748855591],"[0, 0, 0, 0]"
188.143682718,,12551,,1583006492,996655941,"""Zero Band""",[0.565962553024292],"[0, 0, 0, 0]"
188.150664806,,12552,,1583006493,1688003,"""Zero Band""",[0.5768207311630249],"[0, 0, 0, 0]"
188.156655312,,12553,,1583006493,8644104,"""Zero Band""",[0.598504900932312],"[0, 0, 0, 0]"
188.162026405,,12554,,1583006493,14633893,"""Zero Band""",[0.6093630790710449],"[0, 0, 0, 0]"
188.167221785,,12555,,1583006493,19762992,"""Zero Band""",[0.6202212572097778],"[0, 0, 0, 0]"
188.172243834,,12556,,1583006493,25235891,"""Zero Band""",[0.6310794353485107],"[0, 0, 0, 0]"
188.178011179,,12557,,1583006493,30220985,"""Zero Band""",[0.6419375538825989],"[0, 0, 0, 0]"
188.185011148,,12558,,1583006493,35979032,"""Zero Band""",[0.6527636051177979],"[0, 0, 0, 0]"
188.189896345,,12559,,1583006493,43092966,"""Zero Band""",[0.6419375538825989],"[0, 0, 0, 0]"
188.19615221,,12560,,1583006493,47880887,"""Zero Band""",[0.6310794353485107],"[0, 0, 0, 0]"
188.201833725,,12561,,1583006493,54127931,"""Zero Band""",[0.6202212572097778],"[0, 0, 0, 0]"
188.207521915,,12562,,1583006493,59813976,"""Zero Band""",[0.6093630790710449],"[0, 0, 0, 0]"
188.213202477,,12563,,1583006493,65505981,"""Zero Band""",[0.598504900932312],"[0, 0, 0, 0]"
188.219780684,,12564,,1583006493,71180105,"""Zero Band""",[0.587678849697113],"[0, 0, 0, 0]"
188.225385666,,12565,,1583006493,77758073,"""Zero Band""",[0.5768207311630249],"[0, 0, 0, 0]"
188.233636141,,12566,,1583006493,83570957,"""Zero Band""",[0.565962553024292],"[0, 0, 0, 0]"
188.238996267,,12567,,1583006493,91620922,"""Zero Band""",[0.5551043748855591],"[0, 0, 0, 0]"
188.24551487,,12568,,1583006493,96865892,"""Zero Band""",[0.5442461967468262],"[0, 0, 0, 0]"
188.25155735,,12569,,1583006493,103394985,"""Zero Band""",[0.533388078212738],"[0, 0, 0, 0]"
188.256695509,,12570,,1583006493,109570026,"""Zero Band""",[0.5117038488388062],"[0, 0, 0, 0]"
188.261668444,,12571,,1583006493,114664077,"""Zero Band""",[0.5008456707000732],"[0, 0, 0, 0]"
188.262569904,,12572,,1583006493,119643926,"""Soft-Hard Sip Deadband""",[0.4899875223636627],"[0, 0, 0, 0]"
188.263412237,,12573,,1583006493,120484113,"""Soft-Hard Sip Deadband""",[0.4683033227920532],"[0, 0, 0, 0]"
188.264232397,,12574,,1583006493,121385097,"""Soft-Hard Sip Deadband""",[0.4465869963169098],"[0, 0, 0, 0]"
188.265094519,,12575,,1583006493,122212886,"""Soft-Hard Sip Deadband""",[0.42487066984176636],"[0, 0, 0, 0]"
188.265887737,,12576,,1583006493,123076915,"""Soft-Hard Sip Deadband""",[0.4031864404678345],"[0, 0, 0, 0]"
188.266682625,,12577,,1583006493,123868942,"""Soft-Hard Sip Deadband""",[0.3597537875175476],"[0, 0, 0, 0]"
188.267541409,,12578,,1583006493,124819040,"""Soft-Hard Sip Deadband""",[0.3163532614707947],"[0, 0, 0, 0]"
188.272582531,,12579,,1583006493,125514030,"""Zero Band""",[0.2946690618991852],"[0, 0, 0, 0]"
188.278265476,,12580,,1583006493,130459070,"""Zero Band""",[0.26209455728530884],"[0, 0, 0, 0]"
188.284496546,,12581,,1583006493,136275053,"""Zero Band""",[0.2403782308101654],"[0, 0, 0, 0]"
188.290316105,,12582,,1583006493,142291069,"""Zero Band""",[0.2186940312385559],"[0, 0, 0, 0]"
188.296065331,,12583,,1583006493,148293972,"""Zero Band""",[0.18611954152584076],"[0, 0, 0, 0]"
188.301646948,,12584,,1583006493,154083013,"""Zero Band""",[0.16443534195423126],"[0, 0, 0, 0]"
188.307781219,,12585,,1583006493,159617900,"""Zero Band""",[0.13186083734035492],"[0, 0, 0, 0]"
188.313570738,,12586,,1583006493,165757894,"""Zero Band""",[0.11017663776874542],"[0, 0, 0, 0]"
188.319585323,,12587,,1583006493,171463966,"""Zero Band""",[0.0993184745311737],"[0, 0, 0, 0]"
188.324689627,,12588,,1583006493,177561044,"""Zero Band""",[0.07760214805603027],"[0, 0, 0, 0]"
188.32972765,,12589,,1583006493,182687044,"""Zero Band""",[0.06674397736787796],"[0, 0, 0, 0]"
188.336340904,,12590,,1583006493,187693119,"""Zero Band""",[0.05591794103384018],"[0, 0, 0, 0]"
188.341627359,,12591,,1583006493,194361925,"""Zero Band""",[0.04505977779626846],"[0, 0, 0, 0]"
188.347549438,,12592,,1583006493,199801921,"""Zero Band""",[0.03420161083340645],"[0, 0, 0, 0]"
188.354638815,,12593,,1583006493,205589056,"""Zero Band""",[0.023343447595834732],"[0, 0, 0, 0]"
188.359681368,,12594,,1583006493,212394952,"""Zero Band""",[0.012485282495617867],"[0, 0, 0, 0]"
188.360546827,,12595,,1583006493,217792034,"""Zero Band""",[0.0016592431347817183],"[0, 0, 0, 0]"
188.361308575,,12596,,1583006493,218521118,"""Zero Band""",[-0.0],"[0, 0, 0, 0]"
188.362155437,,12597,,1583006493,219299077,"""Zero Band""",[-0.0],"[0, 0, 0, 0]"
188.36293745,,12598,,1583006493,220130920,"""Zero Band""",[-0.0],"[0, 0, 0, 0]"
188.363696337,,12599,,1583006493,220911979,"""Zero Band""",[-0.0],"[0, 0, 0, 0]"
188.364638567,,12600,,1583006493,221674919,"""Zero Band""",[-0.0],"[0, 0, 0, 0]"
188.36553216,,12601,,1583006493,222625970,"""Zero Band""",[-0.0],"[0, 0, 0, 0]"
188.365653515,,12602,,1583006493,222625970,"""input stopped""",[-0.0],"[0, 0, 0, 0]"
188.381672621,,12603,,1583006493,238233089,"""Zero Band""",[-0.0],"[0, 0, 0, 0]"
188.398890018,,12604,,1583006493,255302906,"""Zero Band""",[-0.0],"[0, 0, 0, 0]"
188.400305748,,12605,,1583006493,257144927,"""Zero Band""",[-0.0],"[0, 0, 0, 0]"
188.402141094,,12606,,1583006493,259133100,"""Zero Band""",[-0.0],"[0, 0, 0, 0]"
188.405878544,,12607,,1583006493,263096094,"""Zero Band""",[-0.0],"[0, 0, 0, 0]"
188.439245701,,12609,,1583006493,296142101,"""input stopped""",[-0.0],"[0, 0, 0, 0]"
188.721419573,,12610,,1583006493,578176021,"""Zero Band""",[-0.0],"[0, 0, 0, 0]"
188.736665249,,12611,,1583006493,593313932,"""Zero Band""",[-0.0],"[0, 0, 0, 0]"
188.773254395,,12613,,1583006493,630126953,"""input stopped""",[-0.0],"[0, 0, 0, 0]"
189.713266134,,12614,,1583006494,570178031,"""Zero Band""",[-0.0],"[0, 0, 0, 0]"
189.720418215,,12615,,1583006494,577249050,"""Zero Band""",[-0.0],"[0, 0, 0, 0]"
189.721961498,,12616,,1583006494,579107046,"""Zero Band""",[-0.0],"[0, 0, 0, 0]"
189.723963976,,12617,,1583006494,581111907,"""Zero Band""",[-0.0],"[0, 0, 0, 0]"
189.727929115,,12618,,1583006494,585133075,"""Zero Band""",[-0.0],"[0, 0, 0, 0]"
189.729955912,,12619,,1583006494,587122917,"""Zero Band""",[-0.0016271184431388974],"[0, 0, 0, 0]"
189.736786366,,12620,,1583006494,589140892,"""Soft Puff""",[-0.012453158386051655],"[0, 1, 0, 0]"
189.742485046,,12621,,1583006494,594855070,"""Soft Puff""",[-0.023311322554945946],"[0, 1, 0, 0]"
189.748110533,,12622,,1583006494,600529909,"""Soft Puff""",[-0.03416948765516281],"[0, 1, 0, 0]"
189.753749132,,12623,,1583006494,606108903,"""Soft Puff""",[-0.04502765089273453],"[0, 1, 0, 0]"
189.758453131,,12624,,1583006494,611725091,"""Soft Puff""",[-0.055885814130306244],"[0, 1, 0, 0]"
189.763958454,,12625,,1583006494,616491079,"""Soft Puff""",[-0.06671185791492462],"[0, 1, 0, 0]"
189.771602631,,12626,,1583006494,621906042,"""Soft Puff""",[-0.07757002115249634],"[0, 1, 0, 0]"
189.77691412,,12627,,1583006494,629349946,"""Soft Puff""",[-0.08842818439006805],"[0, 1, 0, 0]"
189.781448603,,12628,,1583006494,634915113,"""Soft Puff""",[-0.09928634762763977],"[0, 1, 0, 0]"
189.787007093,,12629,,1583006494,639516115,"""Soft Puff""",[-0.11014451086521149],"[0, 1, 0, 0]"
189.792127609,,12630,,1583006494,645015001,"""Soft Puff""",[-0.1210026741027832],"[0, 1, 0, 0]"
189.798133612,,12631,,1583006494,650203943,"""Soft Puff""",[-0.13182871043682098],"[0, 1, 0, 0]"
189.805976391,,12632,,1583006494,656096935,"""Soft Puff""",[-0.1426868885755539],"[0, 1, 0, 0]"
189.811424494,,12633,,1583006494,663985967,"""Soft Puff""",[-0.1535450518131256],"[0, 1, 0, 0]"
189.817297697,,12634,,1583006494,669482946,"""Soft Puff""",[-0.16440321505069733],"[0, 1, 0, 0]"
189.823319912,,12635,,1583006494,675334930,"""Soft Puff""",[-0.17526137828826904],"[0, 1, 0, 0]"
189.828262806,,12636,,1583006494,681309938,"""Soft Puff""",[-0.18608741462230682],"[0, 1, 0, 0]"
189.835701704,,12637,,1583006494,686307907,"""Soft Puff""",[-0.19694557785987854],"[0, 1, 0, 0]"
189.843852758,,12638,,1583006494,693852901,"""Soft Puff""",[-0.20780374109745026],"[0, 1, 0, 0]"
189.854143143,,12639,,1583006494,701972961,"""Soft Puff""",[-0.21866190433502197],"[0, 1, 0, 0]"
189.860307693,,12640,,1583006494,712279081,"""Soft Puff""",[-0.2295200675725937],"[0, 1, 0, 0]"
189.868056059,,12641,,1583006494,718441009,"""Soft Puff""",[-0.24034611880779266],"[0, 1, 0, 0]"
189.874212265,,12642,,1583006494,726140975,"""Soft Puff""",[-0.2512042820453644],"[0, 1, 0, 0]"
189.87919116,,12643,,1583006494,732347965,"""Soft Puff""",[-0.2620624303817749],"[0, 1, 0, 0]"
189.884637356,,12644,,1583006494,737257003,"""Soft Puff""",[-0.2729206085205078],"[0, 1, 0, 0]"
189.893733263,,12645,,1583006494,742681026,"""Soft Puff""",[-0.28377875685691833],"[0, 1, 0, 0]"
189.898940802,,12646,,1583006494,751796960,"""Soft Puff""",[-0.29463693499565125],"[0, 1, 0, 0]"
189.899896622,,12647,,1583006494,756942033,"""Soft-Hard Puff Deadband""",[-0.3054629862308502],"[0, 0, 0, 0]"
189.900855064,,12648,,1583006494,757951974,"""Soft-Hard Puff Deadband""",[-0.31632113456726074],"[0, 0, 0, 0]"
189.906265259,,12649,,1583006494,763192892,"""Soft-Hard Puff Deadband""",[-0.32717931270599365],"[0, 0, 0, 0]"
189.914061069,,12650,,1583006494,771123886,"""Soft-Hard Puff Deadband""",[-0.3380374610424042],"[0, 0, 0, 0]"
189.921189785,,12651,,1583006494,777468919,"""Soft-Hard Puff Deadband""",[-0.3488956391811371],"[0, 0, 0, 0]"
189.932533741,,12652,,1583006494,789163112,"""Soft-Hard Puff Deadband""",[-0.35972166061401367],"[0, 0, 0, 0]"
189.948376179,,12653,,1583006494,805195093,"""Soft-Hard Puff Deadband""",[-0.3705798387527466],"[0, 0, 0, 0]"
189.966259241,,12654,,1583006494,823198080,"""Soft-Hard Puff Deadband""",[-0.3814379870891571],"[0, 0, 0, 0]"
189.982682943,,12655,,1583006494,839263916,"""Soft-Hard Puff Deadband""",[-0.39229616522789],"[0, 0, 0, 0]"
189.992322922,,12656,,1583006494,849195003,"""Soft-Hard Puff Deadband""",[-0.4031543433666229],"[0, 0, 0, 0]"
189.9959023,,12657,,1583006494,853084087,"""Soft-Hard Puff Deadband""",[-0.39229616522789],"[0, 0, 0, 0]"
189.99783659,,12658,,1583006494,855087041,"""Soft-Hard Puff Deadband""",[-0.4031543433666229],"[0, 0, 0, 0]"
190.014138699,,12659,,1583006494,871165990,"""Soft-Hard Puff Deadband""",[-0.41401249170303345],"[0, 0, 0, 0]"
190.034267187,,12660,,1583006494,891218900,"""Soft-Hard Puff Deadband""",[-0.4031543433666229],"[0, 0, 0, 0]"
190.092274189,,12661,,1583006494,949191093,"""Soft-Hard Puff Deadband""",[-0.41401249170303345],"[0, 0, 0, 0]"
190.09594655,,12662,,1583006494,953087091,"""Soft-Hard Puff Deadband""",[-0.4031543433666229],"[0, 0, 0, 0]"
190.102438211,,12663,,1583006494,959157943,"""Soft-Hard Puff Deadband""",[-0.41401249170303345],"[0, 0, 0, 0]"
190.120490551,,12664,,1583006494,977195978,"""Soft-Hard Puff Deadband""",[-0.4248385429382324],"[0, 0, 0, 0]"
190.156521082,,12665,,1583006495,13200044,"""Soft-Hard Puff Deadband""",[-0.43569669127464294],"[0, 0, 0, 0]"
190.1782341,,12666,,1583006495,35154104,"""Soft-Hard Puff Deadband""",[-0.4248385429382324],"[0, 0, 0, 0]"
190.190317392,,12667,,1583006495,47235012,"""Soft-Hard Puff Deadband""",[-0.41401249170303345],"[0, 0, 0, 0]"
190.200122833,,12668,,1583006495,57145118,"""Soft-Hard Puff Deadband""",[-0.4031543433666229],"[0, 0, 0, 0]"
190.208124876,,12669,,1583006495,65156936,"""Soft-Hard Puff Deadband""",[-0.39229616522789],"[0, 0, 0, 0]"
190.214037895,,12670,,1583006495,71111917,"""Soft-Hard Puff Deadband""",[-0.3814379870891571],"[0, 0, 0, 0]"
190.224660873,,12671,,1583006495,81260919,"""Soft-Hard Puff Deadband""",[-0.3705798387527466],"[0, 0, 0, 0]"
190.230267525,,12672,,1583006495,87152004,"""Soft-Hard Puff Deadband""",[-0.35972166061401367],"[0, 0, 0, 0]"
190.238129616,,12673,,1583006495,95171928,"""Soft-Hard Puff Deadband""",[-0.3488956391811371],"[0, 0, 0, 0]"
190.246132612,,12674,,1583006495,103173017,"""Soft-Hard Puff Deadband""",[-0.3380374610424042],"[0, 0, 0, 0]"
190.252315283,,12675,,1583006495,109225988,"""Soft-Hard Puff Deadband""",[-0.32717931270599365],"[0, 0, 0, 0]"
190.258408546,,12676,,1583006495,115236043,"""Soft-Hard Puff Deadband""",[-0.31632113456726074],"[0, 0, 0, 0]"
190.264152527,,12677,,1583006495,121181964,"""Soft-Hard Puff Deadband""",[-0.3054629862308502],"[0, 0, 0, 0]"
190.272657156,,12678,,1583006495,125150918,"""Soft Puff""",[-0.29463693499565125],"[0, 1, 0, 0]"
190.27785182,,12679,,1583006495,131113052,"""Soft Puff""",[-0.28377875685691833],"[0, 1, 0, 0]"
190.286355257,,12680,,1583006495,139111995,"""Soft Puff""",[-0.2729206085205078],"[0, 1, 0, 0]"
190.294332504,,12681,,1583006495,147217035,"""Soft Puff""",[-0.2620624303817749],"[0, 1, 0, 0]"
190.301100731,,12682,,1583006495,152349948,"""Soft Puff""",[-0.2512042820453644],"[0, 1, 0, 0]"
190.308102131,,12683,,1583006495,159164905,"""Soft Puff""",[-0.24034611880779266],"[0, 1, 0, 0]"
190.313344955,,12684,,1583006495,166130065,"""Soft Puff""",[-0.2295200675725937],"[0, 1, 0, 0]"
190.31780386,,12685,,1583006495,171406030,"""Soft Puff""",[-0.21866190433502197],"[0, 1, 0, 0]"
190.322382212,,12686,,1583006495,175856113,"""Soft Puff""",[-0.20780374109745026],"[0, 1, 0, 0]"
190.327326536,,12687,,1583006495,180474042,"""Soft Puff""",[-0.19694557785987854],"[0, 1, 0, 0]"
190.333934069,,12688,,1583006495,185421943,"""Soft Puff""",[-0.18608741462230682],"[0, 1, 0, 0]"
190.340776443,,12689,,1583006495,191998004,"""Soft Puff""",[-0.17526137828826904],"[0, 1, 0, 0]"
190.345843554,,12690,,1583006495,198770046,"""Soft Puff""",[-0.16440321505069733],"[0, 1, 0, 0]"
190.351810217,,12691,,1583006495,203891038,"""Soft Puff""",[-0.1535450518131256],"[0, 1, 0, 0]"
190.357072592,,12692,,1583006495,209898948,"""Soft Puff""",[-0.1426868885755539],"[0, 1, 0, 0]"
190.364701033,,12693,,1583006495,217125892,"""Soft Puff""",[-0.13182871043682098],"[0, 1, 0, 0]"
190.37735796,,12694,,1583006495,229166984,"""Soft Puff""",[-0.1210026741027832],"[0, 1, 0, 0]"
190.394352913,,12695,,1583006495,247251033,"""Soft Puff""",[-0.13182871043682098],"[0, 1, 0, 0]"
190.400733709,,12696,,1583006495,252432107,"""Soft Puff""",[-0.1210026741027832],"[0, 1, 0, 0]"
190.407571316,,12697,,1583006495,258801937,"""Soft Puff""",[-0.13182871043682098],"[0, 1, 0, 0]"
190.418418884,,12698,,1583006495,271147012,"""Soft Puff""",[-0.1426868885755539],"[0, 1, 0, 0]"
190.43531847,,12699,,1583006495,285321950,"""Soft Puff""",[-0.1535450518131256],"[0, 1, 0, 0]"
190.446442604,,12700,,1583006495,299165010,"""Soft Puff""",[-0.16440321505069733],"[0, 1, 0, 0]"
190.464470148,,12701,,1583006495,315273046,"""Soft Puff""",[-0.17526137828826904],"[0, 1, 0, 0]"
190.490014315,,12702,,1583006495,341332912,"""Soft Puff""",[-0.18608741462230682],"[0, 1, 0, 0]"
190.532376289,,12703,,1583006495,383213043,"""Soft Puff""",[-0.17526137828826904],"[0, 1, 0, 0]"
190.574986458,,12704,,1583006495,427282094,"""Soft Puff""",[-0.18608741462230682],"[0, 1, 0, 0]"
190.581194639,,12705,,1583006495,433037042,"""Soft Puff""",[-0.17526137828826904],"[0, 1, 0, 0]"
190.589673758,,12706,,1583006495,439260959,"""Soft Puff""",[-0.18608741462230682],"[0, 1, 0, 0]"
190.599251747,,12707,,1583006495,451150894,"""Soft Puff""",[-0.19694557785987854],"[0, 1, 0, 0]"
190.678037167,,12708,,1583006495,529372930,"""Soft Puff""",[-0.20780374109745026],"[0, 1, 0, 0]"
190.682933331,,12709,,1583006495,536114931,"""Soft Puff""",[-0.19694557785987854],"[0, 1, 0, 0]"
190.687467098,,12710,,1583006495,540990114,"""Soft Puff""",[-0.20780374109745026],"[0, 1, 0, 0]"
190.712426901,,12711,,1583006495,563256025,"""Soft Puff""",[-0.21866190433502197],"[0, 1, 0, 0]"
190.726428032,,12712,,1583006495,579205036,"""Soft Puff""",[-0.2295200675725937],"[0, 1, 0, 0]"
190.76356864,,12713,,1583006495,615261077,"""Soft Puff""",[-0.21866190433502197],"[0, 1, 0, 0]"
190.823941708,,12714,,1583006495,675177097,"""Soft Puff""",[-0.2295200675725937],"[0, 1, 0, 0]"
190.82861948,,12715,,1583006495,681966066,"""Soft Puff""",[-0.21866190433502197],"[0, 1, 0, 0]"
190.834524393,,12716,,1583006495,686697959,"""Soft Puff""",[-0.2295200675725937],"[0, 1, 0, 0]"
190.842484713,,12717,,1583006495,692600965,"""Soft Puff""",[-0.21866190433502197],"[0, 1, 0, 0]"
190.848243713,,12718,,1583006495,700579881,"""Soft Puff""",[-0.2295200675725937],"[0, 1, 0, 0]"
190.929245234,,12719,,1583006495,781219005,"""Soft Puff""",[-0.21866190433502197],"[0, 1, 0, 0]"
190.979799271,,12720,,1583006495,831176042,"""Soft Puff""",[-0.20780374109745026],"[0, 1, 0, 0]"
190.984911203,,12721,,1583006495,837877035,"""Soft Puff""",[-0.21866190433502197],"[0, 1, 0, 0]"
191.043005943,,12722,,1583006495,895385980,"""Soft Puff""",[-0.20780374109745026],"[0, 1, 0, 0]"
191.064340353,,12723,,1583006495,917185068,"""Soft Puff""",[-0.19694557785987854],"[0, 1, 0, 0]"
191.09397316,,12724,,1583006495,945514917,"""Soft Puff""",[-0.18608741462230682],"[0, 1, 0, 0]"
191.104121208,,12725,,1583006495,955183982,"""Soft Puff""",[-0.19694557785987854],"[0, 1, 0, 0]"
191.110024214,,12726,,1583006495,962254047,"""Soft Puff""",[-0.18608741462230682],"[0, 1, 0, 0]"
191.114345074,,12727,,1583006495,968094110,"""Soft Puff""",[-0.19694557785987854],"[0, 1, 0, 0]"
191.138251066,,12728,,1583006495,989198923,"""Soft Puff""",[-0.20780374109745026],"[0, 1, 0, 0]"
191.143958092,,12729,,1583006495,996298074,"""Soft Puff""",[-0.19694557785987854],"[0, 1, 0, 0]"
191.149272203,,12730,,1583006496,2038002,"""Soft Puff""",[-0.20780374109745026],"[0, 1, 0, 0]"
191.156999111,,12731,,1583006496,9191036,"""Soft Puff""",[-0.19694557785987854],"[0, 1, 0, 0]"
191.162625551,,12732,,1583006496,15064954,"""Soft Puff""",[-0.20780374109745026],"[0, 1, 0, 0]"
191.170533657,,12733,,1583006496,20684003,"""Soft Puff""",[-0.19694557785987854],"[0, 1, 0, 0]"
191.180774212,,12734,,1583006496,33163070,"""Soft Puff""",[-0.18608741462230682],"[0, 1, 0, 0]"
191.20568943,,12735,,1583006496,57225942,"""Soft Puff""",[-0.17526137828826904],"[0, 1, 0, 0]"
191.256344795,,12736,,1583006496,107219934,"""Soft Puff""",[-0.18608741462230682],"[0, 1, 0, 0]"
191.316916227,,12737,,1583006496,169248104,"""Soft Puff""",[-0.19694557785987854],"[0, 1, 0, 0]"
191.323109388,,12738,,1583006496,174978971,"""Soft Puff""",[-0.18608741462230682],"[0, 1, 0, 0]"
191.327685595,,12739,,1583006496,181160926,"""Soft Puff""",[-0.19694557785987854],"[0, 1, 0, 0]"
191.359585762,,12740,,1583006496,211214065,"""Soft Puff""",[-0.20780374109745026],"[0, 1, 0, 0]"
191.367492914,,12741,,1583006496,219125986,"""Soft Puff""",[-0.21866190433502197],"[0, 1, 0, 0]"
191.382370949,,12742,,1583006496,233218908,"""Soft Puff""",[-0.2295200675725937],"[0, 1, 0, 0]"
191.396870852,,12743,,1583006496,249207019,"""Soft Puff""",[-0.24034611880779266],"[0, 1, 0, 0]"
191.419536829,,12744,,1583006496,271285057,"""Soft Puff""",[-0.2512042820453644],"[0, 1, 0, 0]"
191.482480049,,12745,,1583006496,333247900,"""Soft Puff""",[-0.2620624303817749],"[0, 1, 0, 0]"
191.487095833,,12746,,1583006496,340559959,"""Soft Puff""",[-0.2512042820453644],"[0, 1, 0, 0]"
191.491719484,,12747,,1583006496,345138072,"""Soft Puff""",[-0.2620624303817749],"[0, 1, 0, 0]"
191.518138647,,12748,,1583006496,369385957,"""Soft Puff""",[-0.2729206085205078],"[0, 1, 0, 0]"
191.604654789,,12749,,1583006496,457242012,"""Soft Puff""",[-0.28377875685691833],"[0, 1, 0, 0]"
191.683340788,,12750,,1583006496,535248041,"""Soft Puff""",[-0.2729206085205078],"[0, 1, 0, 0]"
191.689899445,,12751,,1583006496,541445970,"""Soft Puff""",[-0.28377875685691833],"[0, 1, 0, 0]"
191.695539951,,12752,,1583006496,547971010,"""Soft Puff""",[-0.2729206085205078],"[0, 1, 0, 0]"
191.719045401,,12753,,1583006496,571228027,"""Soft Puff""",[-0.2620624303817749],"[0, 1, 0, 0]"
191.734971762,,12754,,1583006496,587234973,"""Soft Puff""",[-0.2512042820453644],"[0, 1, 0, 0]"
191.747081041,,12755,,1583006496,597129106,"""Soft Puff""",[-0.24034611880779266],"[0, 1, 0, 0]"
191.762079954,,12756,,1583006496,613188028,"""Soft Puff""",[-0.2295200675725937],"[0, 1, 0, 0]"
191.784032583,,12757,,1583006496,635293006,"""Soft Puff""",[-0.21866190433502197],"[0, 1, 0, 0]"
191.789158583,,12758,,1583006496,642132997,"""Soft Puff""",[-0.2295200675725937],"[0, 1, 0, 0]"
191.793891907,,12759,,1583006496,647049903,"""Soft Puff""",[-0.21866190433502197],"[0, 1, 0, 0]"
191.800513744,,12760,,1583006496,651937961,"""Soft Puff""",[-0.2295200675725937],"[0, 1, 0, 0]"
191.805436373,,12761,,1583006496,658615112,"""Soft Puff""",[-0.21866190433502197],"[0, 1, 0, 0]"
191.840475321,,12762,,1583006496,691215038,"""Soft Puff""",[-0.2295200675725937],"[0, 1, 0, 0]"
191.863860369,,12763,,1583006496,715245008,"""Soft Puff""",[-0.24034611880779266],"[0, 1, 0, 0]"
191.871968985,,12764,,1583006496,721911907,"""Soft Puff""",[-0.2295200675725937],"[0, 1, 0, 0]"
191.877694845,,12765,,1583006496,730046987,"""Soft Puff""",[-0.24034611880779266],"[0, 1, 0, 0]"
191.889330387,,12766,,1583006496,741154909,"""Soft Puff""",[-0.2512042820453644],"[0, 1, 0, 0]"
191.895940304,,12767,,1583006496,747386932,"""Soft Puff""",[-0.24034611880779266],"[0, 1, 0, 0]"
191.902219296,,12768,,1583006496,754049062,"""Soft Puff""",[-0.2512042820453644],"[0, 1, 0, 0]"
191.916031599,,12769,,1583006496,769150018,"""Soft Puff""",[-0.2620624303817749],"[0, 1, 0, 0]"
191.920710325,,12770,,1583006496,774113893,"""Soft Puff""",[-0.2512042820453644],"[0, 1, 0, 0]"
191.93178153,,12771,,1583006496,783210039,"""Soft Puff""",[-0.2620624303817749],"[0, 1, 0, 0]"
191.960960865,,12772,,1583006496,813224077,"""Soft Puff""",[-0.2729206085205078],"[0, 1, 0, 0]"
191.96679616,,12773,,1583006496,819137096,"""Soft Puff""",[-0.2620624303817749],"[0, 1, 0, 0]"
191.974990368,,12774,,1583006496,824903964,"""Soft Puff""",[-0.2729206085205078],"[0, 1, 0, 0]"
191.992441416,,12775,,1583006496,843456983,"""Soft Puff""",[-0.28377875685691833],"[0, 1, 0, 0]"
192.008845329,,12776,,1583006496,861352920,"""Soft Puff""",[-0.29463693499565125],"[0, 1, 0, 0]"
192.020964146,,12777,,1583006496,877419948,"""Soft-Hard Puff Deadband""",[-0.3054629862308502],"[0, 0, 0, 0]"
192.027545452,,12778,,1583006496,879136085,"""Soft Puff""",[-0.29463693499565125],"[0, 1, 0, 0]"
192.029286623,,12779,,1583006496,885652065,"""Soft-Hard Puff Deadband""",[-0.3054629862308502],"[0, 0, 0, 0]"
192.035187244,,12780,,1583006496,891201972,"""Soft-Hard Puff Deadband""",[-0.31632113456726074],"[0, 0, 0, 0]"
192.038447142,,12781,,1583006496,895184040,"""Soft-Hard Puff Deadband""",[-0.3054629862308502],"[0, 0, 0, 0]"
192.040118933,,12782,,1583006496,897119998,"""Soft-Hard Puff Deadband""",[-0.31632113456726074],"[0, 0, 0, 0]"
192.055435896,,12783,,1583006496,911458015,"""Soft-Hard Puff Deadband""",[-0.32717931270599365],"[0, 0, 0, 0]"
192.068662643,,12784,,1583006496,925206899,"""Soft-Hard Puff Deadband""",[-0.3380374610424042],"[0, 0, 0, 0]"
192.090796709,,12785,,1583006496,947278976,"""Soft-Hard Puff Deadband""",[-0.3488956391811371],"[0, 0, 0, 0]"
192.110752344,,12786,,1583006496,967271089,"""Soft-Hard Puff Deadband""",[-0.35972166061401367],"[0, 0, 0, 0]"
192.134333372,,12787,,1583006496,991182088,"""Soft-Hard Puff Deadband""",[-0.3705798387527466],"[0, 0, 0, 0]"
192.136157751,,12788,,1583006496,993140935,"""Soft-Hard Puff Deadband""",[-0.35972166061401367],"[0, 0, 0, 0]"
192.142192364,,12789,,1583006496,999174118,"""Soft-Hard Puff Deadband""",[-0.3705798387527466],"[0, 0, 0, 0]"
192.160431862,,12790,,1583006497,17235994,"""Soft-Hard Puff Deadband""",[-0.3814379870891571],"[0, 0, 0, 0]"
192.161897659,,12791,,1583006497,19112110,"""Soft-Hard Puff Deadband""",[-0.3705798387527466],"[0, 0, 0, 0]"
192.168176413,,12792,,1583006497,25156021,"""Soft-Hard Puff Deadband""",[-0.3814379870891571],"[0, 0, 0, 0]"
192.206590414,,12793,,1583006497,63235044,"""Soft-Hard Puff Deadband""",[-0.3705798387527466],"[0, 0, 0, 0]"
192.232213974,,12794,,1583006497,89205980,"""Soft-Hard Puff Deadband""",[-0.35972166061401367],"[0, 0, 0, 0]"
192.254627943,,12795,,1583006497,111291885,"""Soft-Hard Puff Deadband""",[-0.3488956391811371],"[0, 0, 0, 0]"
192.274040222,,12796,,1583006497,131169080,"""Soft-Hard Puff Deadband""",[-0.3380374610424042],"[0, 0, 0, 0]"
192.308630466,,12797,,1583006497,165255069,"""Soft-Hard Puff Deadband""",[-0.32717931270599365],"[0, 0, 0, 0]"
192.328298569,,12798,,1583006497,185228109,"""Soft-Hard Puff Deadband""",[-0.31632113456726074],"[0, 0, 0, 0]"
192.348309517,,12799,,1583006497,205240011,"""Soft-Hard Puff Deadband""",[-0.3054629862308502],"[0, 0, 0, 0]"
192.364766598,,12800,,1583006497,217257976,"""Soft Puff""",[-0.29463693499565125],"[0, 1, 0, 0]"
192.385273695,,12801,,1583006497,235245943,"""Soft Puff""",[-0.28377875685691833],"[0, 1, 0, 0]"
192.400643587,,12802,,1583006497,251329898,"""Soft Puff""",[-0.2729206085205078],"[0, 1, 0, 0]"
192.409254313,,12803,,1583006497,261136054,"""Soft Puff""",[-0.2620624303817749],"[0, 1, 0, 0]"
192.425027847,,12804,,1583006497,275218009,"""Soft Puff""",[-0.2512042820453644],"[0, 1, 0, 0]"
192.433284283,,12805,,1583006497,285195112,"""Soft Puff""",[-0.24034611880779266],"[0, 1, 0, 0]"
192.469107151,,12806,,1583006497,321229934,"""Soft Puff""",[-0.2295200675725937],"[0, 1, 0, 0]"
192.475678921,,12807,,1583006497,327218055,"""Soft Puff""",[-0.24034611880779266],"[0, 1, 0, 0]"
192.481447458,,12808,,1583006497,333761930,"""Soft Puff""",[-0.2295200675725937],"[0, 1, 0, 0]"
192.492683649,,12809,,1583006497,343233108,"""Soft Puff""",[-0.21866190433502197],"[0, 1, 0, 0]"
192.512820244,,12810,,1583006497,365220069,"""Soft Puff""",[-0.20780374109745026],"[0, 1, 0, 0]"
192.565031767,,12811,,1583006497,417222023,"""Soft Puff""",[-0.19694557785987854],"[0, 1, 0, 0]"
192.59118104,,12812,,1583006497,443253993,"""Soft Puff""",[-0.18608741462230682],"[0, 1, 0, 0]"
192.608412504,,12813,,1583006497,459247112,"""Soft Puff""",[-0.17526137828826904],"[0, 1, 0, 0]"
192.625651598,,12814,,1583006497,477225065,"""Soft Puff""",[-0.16440321505069733],"[0, 1, 0, 0]"
192.640500784,,12815,,1583006497,491231918,"""Soft Puff""",[-0.1535450518131256],"[0, 1, 0, 0]"
192.654526711,,12816,,1583006497,505171060,"""Soft Puff""",[-0.1426868885755539],"[0, 1, 0, 0]"
192.699067831,,12817,,1583006497,551171064,"""Soft Puff""",[-0.13182871043682098],"[0, 1, 0, 0]"
192.704841852,,12818,,1583006497,557127952,"""Soft Puff""",[-0.1426868885755539],"[0, 1, 0, 0]"
192.7111063,,12819,,1583006497,562935113,"""Soft Puff""",[-0.13182871043682098],"[0, 1, 0, 0]"
192.71610117,,12820,,1583006497,569173097,"""Soft Puff""",[-0.1426868885755539],"[0, 1, 0, 0]"
192.734465361,,12821,,1583006497,587318897,"""Soft Puff""",[-0.1535450518131256],"[0, 1, 0, 0]"
192.752607584,,12822,,1583006497,605231046,"""Soft Puff""",[-0.16440321505069733],"[0, 1, 0, 0]"
192.770985365,,12823,,1583006497,621309995,"""Soft Puff""",[-0.17526137828826904],"[0, 1, 0, 0]"
192.785048246,,12824,,1583006497,637176990,"""Soft Puff""",[-0.18608741462230682],"[0, 1, 0, 0]"
192.791101217,,12825,,1583006497,643127918,"""Soft Puff""",[-0.17526137828826904],"[0, 1, 0, 0]"
192.798208952,,12826,,1583006497,649183988,"""Soft Puff""",[-0.18608741462230682],"[0, 1, 0, 0]"
192.804439545,,12827,,1583006497,656279087,"""Soft Puff""",[-0.19694557785987854],"[0, 1, 0, 0]"
192.809459925,,12828,,1583006497,663117885,"""Soft Puff""",[-0.20780374109745026],"[0, 1, 0, 0]"
192.829671621,,12829,,1583006497,681360006,"""Soft Puff""",[-0.21866190433502197],"[0, 1, 0, 0]"
192.852338076,,12830,,1583006497,703305959,"""Soft Puff""",[-0.2295200675725937],"[0, 1, 0, 0]"
192.86665225,,12831,,1583006497,719227075,"""Soft Puff""",[-0.24034611880779266],"[0, 1, 0, 0]"
192.885708094,,12832,,1583006497,737204074,"""Soft Puff""",[-0.2512042820453644],"[0, 1, 0, 0]"
192.93868494,,12833,,1583006497,789226055,"""Soft Puff""",[-0.2620624303817749],"[0, 1, 0, 0]"
192.945432901,,12834,,1583006497,796747922,"""Soft Puff""",[-0.2512042820453644],"[0, 1, 0, 0]"
192.952840805,,12835,,1583006497,803472042,"""Soft Puff""",[-0.2620624303817749],"[0, 1, 0, 0]"
192.958548069,,12836,,1583006497,810945987,"""Soft Puff""",[-0.2512042820453644],"[0, 1, 0, 0]"
192.963019848,,12837,,1583006497,816395044,"""Soft Puff""",[-0.2620624303817749],"[0, 1, 0, 0]"
192.968043804,,12838,,1583006497,820991992,"""Soft Puff""",[-0.2512042820453644],"[0, 1, 0, 0]"
192.973573923,,12839,,1583006497,826101064,"""Soft Puff""",[-0.2620624303817749],"[0, 1, 0, 0]"
193.004470825,,12840,,1583006497,855262041,"""Soft Puff""",[-0.2729206085205078],"[0, 1, 0, 0]"
193.031243563,,12841,,1583006497,883193016,"""Soft Puff""",[-0.28377875685691833],"[0, 1, 0, 0]"
193.055939198,,12842,,1583006497,907291889,"""Soft Puff""",[-0.29463693499565125],"[0, 1, 0, 0]"
193.06139946,,12843,,1583006497,914047956,"""Soft Puff""",[-0.28377875685691833],"[0, 1, 0, 0]"
193.065963984,,12844,,1583006497,919466018,"""Soft Puff""",[-0.29463693499565125],"[0, 1, 0, 0]"
193.120207548,,12845,,1583006497,977179050,"""Soft-Hard Puff Deadband""",[-0.3054629862308502],"[0, 0, 0, 0]"
193.131201267,,12846,,1583006497,983238935,"""Soft Puff""",[-0.29463693499565125],"[0, 1, 0, 0]"
193.132066727,,12847,,1583006497,989269971,"""Soft-Hard Puff Deadband""",[-0.3054629862308502],"[0, 0, 0, 0]"
193.138178349,,12848,,1583006497,991110086,"""Soft Puff""",[-0.29463693499565125],"[0, 1, 0, 0]"
193.138959408,,12849,,1583006497,996248960,"""Soft-Hard Puff Deadband""",[-0.3054629862308502],"[0, 0, 0, 0]"
193.143815041,,12850,,1583006497,997081995,"""Soft Puff""",[-0.29463693499565125],"[0, 1, 0, 0]"
193.144761562,,12851,,1583006498,1890897,"""Soft-Hard Puff Deadband""",[-0.3054629862308502],"[0, 0, 0, 0]"
193.18668294,,12852,,1583006498,43224096,"""Soft-Hard Puff Deadband""",[-0.31632113456726074],"[0, 0, 0, 0]"
193.188548565,,12853,,1583006498,45166969,"""Soft-Hard Puff Deadband""",[-0.3054629862308502],"[0, 0, 0, 0]"
193.190666676,,12854,,1583006498,47173976,"""Soft-Hard Puff Deadband""",[-0.31632113456726074],"[0, 0, 0, 0]"
193.19823885,,12855,,1583006498,55174112,"""Soft-Hard Puff Deadband""",[-0.3054629862308502],"[0, 0, 0, 0]"
193.204611778,,12856,,1583006498,61168909,"""Soft-Hard Puff Deadband""",[-0.31632113456726074],"[0, 0, 0, 0]"
193.205873728,,12857,,1583006498,63110113,"""Soft-Hard Puff Deadband""",[-0.3054629862308502],"[0, 0, 0, 0]"
193.250614405,,12858,,1583006498,107269048,"""Soft-Hard Puff Deadband""",[-0.31632113456726074],"[0, 0, 0, 0]"
193.252013206,,12859,,1583006498,109158992,"""Soft-Hard Puff Deadband""",[-0.3054629862308502],"[0, 0, 0, 0]"
193.266094685,,12860,,1583006498,123191118,"""Soft-Hard Puff Deadband""",[-0.31632113456726074],"[0, 0, 0, 0]"
193.267863274,,12861,,1583006498,125089883,"""Soft-Hard Puff Deadband""",[-0.3054629862308502],"[0, 0, 0, 0]"
193.27655077,,12862,,1583006498,133193969,"""Soft-Hard Puff Deadband""",[-0.31632113456726074],"[0, 0, 0, 0]"
193.320553541,,12863,,1583006498,177242040,"""Soft-Hard Puff Deadband""",[-0.3054629862308502],"[0, 0, 0, 0]"
193.324435472,,12864,,1583006498,181242942,"""Soft-Hard Puff Deadband""",[-0.31632113456726074],"[0, 0, 0, 0]"
193.32587719,,12865,,1583006498,183146953,"""Soft-Hard Puff Deadband""",[-0.3054629862308502],"[0, 0, 0, 0]"
193.328203201,,12866,,1583006498,185106992,"""Soft-Hard Puff Deadband""",[-0.31632113456726074],"[0, 0, 0, 0]"
193.362508774,,12867,,1583006498,219288110,"""Soft-Hard Puff Deadband""",[-0.32717931270599365],"[0, 0, 0, 0]"
193.394386292,,12868,,1583006498,251245975,"""Soft-Hard Puff Deadband""",[-0.3380374610424042],"[0, 0, 0, 0]"
193.528183937,,12869,,1583006498,385152101,"""Soft-Hard Puff Deadband""",[-0.32717931270599365],"[0, 0, 0, 0]"
193.531991243,,12870,,1583006498,389116048,"""Soft-Hard Puff Deadband""",[-0.3380374610424042],"[0, 0, 0, 0]"
193.546398401,,12871,,1583006498,403202056,"""Soft-Hard Puff Deadband""",[-0.3488956391811371],"[0, 0, 0, 0]"
193.56033659,,12872,,1583006498,417251110,"""Soft-Hard Puff Deadband""",[-0.35972166061401367],"[0, 0, 0, 0]"
193.5661273,,12873,,1583006498,423185110,"""Soft-Hard Puff Deadband""",[-0.3705798387527466],"[0, 0, 0, 0]"
193.576162577,,12874,,1583006498,433231115,"""Soft-Hard Puff Deadband""",[-0.3814379870891571],"[0, 0, 0, 0]"
193.588919878,,12875,,1583006498,445266008,"""Soft-Hard Puff Deadband""",[-0.39229616522789],"[0, 0, 0, 0]"
193.612462521,,12876,,1583006498,469229936,"""Soft-Hard Puff Deadband""",[-0.4031543433666229],"[0, 0, 0, 0]"
193.620194435,,12877,,1583006498,477159976,"""Soft-Hard Puff Deadband""",[-0.41401249170303345],"[0, 0, 0, 0]"
193.622068644,,12878,,1583006498,479190111,"""Soft-Hard Puff Deadband""",[-0.4031543433666229],"[0, 0, 0, 0]"
193.646477461,,12879,,1583006498,503268957,"""Soft-Hard Puff Deadband""",[-0.39229616522789],"[0, 0, 0, 0]"
193.664511919,,12880,,1583006498,521258115,"""Soft-Hard Puff Deadband""",[-0.3814379870891571],"[0, 0, 0, 0]"
193.676193237,,12881,,1583006498,533236980,"""Soft-Hard Puff Deadband""",[-0.3705798387527466],"[0, 0, 0, 0]"
193.684266567,,12882,,1583006498,541210889,"""Soft-Hard Puff Deadband""",[-0.35972166061401367],"[0, 0, 0, 0]"
193.698393583,,12883,,1583006498,555310010,"""Soft-Hard Puff Deadband""",[-0.3488956391811371],"[0, 0, 0, 0]"
193.708357573,,12884,,1583006498,565258979,"""Soft-Hard Puff Deadband""",[-0.3380374610424042],"[0, 0, 0, 0]"
193.714099169,,12885,,1583006498,571180105,"""Soft-Hard Puff Deadband""",[-0.3488956391811371],"[0, 0, 0, 0]"
193.716045856,,12886,,1583006498,573177099,"""Soft-Hard Puff Deadband""",[-0.3380374610424042],"[0, 0, 0, 0]"
193.742436409,,12887,,1583006498,599322080,"""Soft-Hard Puff Deadband""",[-0.3488956391811371],"[0, 0, 0, 0]"
193.804516554,,12888,,1583006498,661256074,"""Soft-Hard Puff Deadband""",[-0.35972166061401367],"[0, 0, 0, 0]"
193.808287382,,12889,,1583006498,665214061,"""Soft-Hard Puff Deadband""",[-0.3488956391811371],"[0, 0, 0, 0]"
193.822143078,,12890,,1583006498,679171085,"""Soft-Hard Puff Deadband""",[-0.35972166061401367],"[0, 0, 0, 0]"
193.860591888,,12891,,1583006498,717272043,"""Soft-Hard Puff Deadband""",[-0.3488956391811371],"[0, 0, 0, 0]"
193.866134167,,12892,,1583006498,723174095,"""Soft-Hard Puff Deadband""",[-0.3380374610424042],"[0, 0, 0, 0]"
193.874319553,,12893,,1583006498,731251955,"""Soft-Hard Puff Deadband""",[-0.32717931270599365],"[0, 0, 0, 0]"
193.880248785,,12894,,1583006498,737194061,"""Soft-Hard Puff Deadband""",[-0.31632113456726074],"[0, 0, 0, 0]"
193.886262894,,12895,,1583006498,743192911,"""Soft-Hard Puff Deadband""",[-0.3054629862308502],"[0, 0, 0, 0]"
193.898600817,,12896,,1583006498,751264095,"""Soft Puff""",[-0.29463693499565125],"[0, 1, 0, 0]"
193.904898643,,12897,,1583006498,757121086,"""Soft Puff""",[-0.28377875685691833],"[0, 1, 0, 0]"
193.929430485,,12898,,1583006498,781218051,"""Soft Puff""",[-0.29463693499565125],"[0, 1, 0, 0]"
193.930332661,,12899,,1583006498,787502050,"""Soft-Hard Puff Deadband""",[-0.3054629862308502],"[0, 0, 0, 0]"
193.933946848,,12900,,1583006498,791147947,"""Soft-Hard Puff Deadband""",[-0.31632113456726074],"[0, 0, 0, 0]"
193.942287445,,12901,,1583006498,799216032,"""Soft-Hard Puff Deadband""",[-0.32717931270599365],"[0, 0, 0, 0]"
193.950538635,,12902,,1583006498,807256937,"""Soft-Hard Puff Deadband""",[-0.3380374610424042],"[0, 0, 0, 0]"
193.958782196,,12903,,1583006498,815254926,"""Soft-Hard Puff Deadband""",[-0.3488956391811371],"[0, 0, 0, 0]"
193.972535849,,12904,,1583006498,829248905,"""Soft-Hard Puff Deadband""",[-0.35972166061401367],"[0, 0, 0, 0]"
194.002235413,,12905,,1583006498,859205961,"""Soft-Hard Puff Deadband""",[-0.3488956391811371],"[0, 0, 0, 0]"
194.012462854,,12906,,1583006498,869239091,"""Soft-Hard Puff Deadband""",[-0.3380374610424042],"[0, 0, 0, 0]"
194.018091917,,12907,,1583006498,875197887,"""Soft-Hard Puff Deadband""",[-0.32717931270599365],"[0, 0, 0, 0]"
194.024473429,,12908,,1583006498,881315946,"""Soft-Hard Puff Deadband""",[-0.31632113456726074],"[0, 0, 0, 0]"
194.028138638,,12909,,1583006498,885144948,"""Soft-Hard Puff Deadband""",[-0.3054629862308502],"[0, 0, 0, 0]"
194.034493685,,12910,,1583006498,887178897,"""Soft Puff""",[-0.29463693499565125],"[0, 1, 0, 0]"
194.040694714,,12911,,1583006498,892582893,"""Soft Puff""",[-0.28377875685691833],"[0, 1, 0, 0]"
194.046918154,,12912,,1583006498,898736953,"""Soft Puff""",[-0.2729206085205078],"[0, 1, 0, 0]"
194.053548574,,12913,,1583006498,905006885,"""Soft Puff""",[-0.2620624303817749],"[0, 1, 0, 0]"
194.058850765,,12914,,1583006498,911667108,"""Soft Puff""",[-0.2512042820453644],"[0, 1, 0, 0]"
194.064394236,,12915,,1583006498,916846990,"""Soft Puff""",[-0.24034611880779266],"[0, 1, 0, 0]"
194.070450068,,12916,,1583006498,922524929,"""Soft Puff""",[-0.2295200675725937],"[0, 1, 0, 0]"
194.075764656,,12917,,1583006498,928421974,"""Soft Puff""",[-0.21866190433502197],"[0, 1, 0, 0]"
194.080456495,,12918,,1583006498,933738946,"""Soft Puff""",[-0.20780374109745026],"[0, 1, 0, 0]"
194.08600235,,12919,,1583006498,938560009,"""Soft Puff""",[-0.18608741462230682],"[0, 1, 0, 0]"
194.092218637,,12920,,1583006498,943985939,"""Soft Puff""",[-0.17526137828826904],"[0, 1, 0, 0]"
194.097739697,,12921,,1583006498,950195074,"""Soft Puff""",[-0.16440321505069733],"[0, 1, 0, 0]"
194.103230476,,12922,,1583006498,955717086,"""Soft Puff""",[-0.1426868885755539],"[0, 1, 0, 0]"
194.108959436,,12923,,1583006498,961330890,"""Soft Puff""",[-0.13182871043682098],"[0, 1, 0, 0]"
194.114079952,,12924,,1583006498,966943979,"""Soft Puff""",[-0.1210026741027832],"[0, 1, 0, 0]"
194.120115519,,12925,,1583006498,971816062,"""Soft Puff""",[-0.11014451086521149],"[0, 1, 0, 0]"
194.126919985,,12926,,1583006498,977948904,"""Soft Puff""",[-0.08842818439006805],"[0, 1, 0, 0]"
194.132372379,,12927,,1583006498,984922885,"""Soft Puff""",[-0.07757002115249634],"[0, 1, 0, 0]"
194.139339685,,12928,,1583006498,990346908,"""Soft Puff""",[-0.06671185791492462],"[0, 1, 0, 0]"
194.144165039,,12929,,1583006498,997509956,"""Soft Puff""",[-0.04502765089273453],"[0, 1, 0, 0]"
194.149151325,,12930,,1583006499,2146005,"""Soft Puff""",[-0.03416948765516281],"[0, 1, 0, 0]"
194.15585041,,12931,,1583006499,7143020,"""Soft Puff""",[-0.023311322554945946],"[0, 1, 0, 0]"
194.162283182,,12932,,1583006499,13825893,"""Soft Puff""",[-0.012453158386051655],"[0, 1, 0, 0]"
194.163009405,,12933,,1583006499,20157098,"""Zero Band""",[-0.0016271184431388974],"[0, 0, 0, 0]"
194.163752556,,12934,,1583006499,20997047,"""Zero Band""",[-0.0],"[0, 0, 0, 0]"
194.164461851,,12935,,1583006499,21749019,"""Zero Band""",[-0.0],"[0, 0, 0, 0]"
194.165179491,,12936,,1583006499,22454023,"""Zero Band""",[-0.0],"[0, 0, 0, 0]"
194.166102171,,12937,,1583006499,23171901,"""Zero Band""",[-0.0],"[0, 0, 0, 0]"
194.167082787,,12938,,1583006499,24204015,"""Zero Band""",[-0.0],"[0, 0, 0, 0]"
194.168060541,,12939,,1583006499,25079011,"""Zero Band""",[-0.0],"[0, 0, 0, 0]"
194.168208361,,12940,,1583006499,25079011,"""input stopped""",[-0.0],"[0, 0, 0, 0]"
194.391517162,,12941,,1583006499,248188972,"""Zero Band""",[-0.0],"[0, 0, 0, 0]"
194.398162127,,12942,,1583006499,255173921,"""Zero Band""",[-0.0],"[0, 0, 0, 0]"
194.399915457,,12943,,1583006499,257122039,"""Zero Band""",[-0.0],"[0, 0, 0, 0]"
194.406165361,,12944,,1583006499,263154983,"""Zero Band""",[-0.0],"[0, 0, 0, 0]"
194.408347368,,12945,,1583006499,265115022,"""Zero Band""",[-0.0016271184431388974],"[0, 0, 0, 0]"
194.414099216,,12946,,1583006499,267110109,"""Zero Band""",[-0.012453158386051655],"[0, 0, 0, 0]"
194.418854952,,12947,,1583006499,272149085,"""Zero Band""",[-0.023311322554945946],"[0, 0, 0, 0]"
194.427395344,,12948,,1583006499,276968955,"""Zero Band""",[-0.03416948765516281],"[0, 0, 0, 0]"
194.431816101,,12949,,1583006499,285373926,"""Zero Band""",[-0.04502765089273453],"[0, 0, 0, 0]"
194.436249018,,12950,,1583006499,289906978,"""Zero Band""",[-0.055885814130306244],"[0, 0, 0, 0]"
194.442098856,,12951,,1583006499,294240951,"""Zero Band""",[-0.06671185791492462],"[0, 0, 0, 0]"
194.447462082,,12952,,1583006499,300080060,"""Zero Band""",[-0.07757002115249634],"[0, 0, 0, 0]"
194.452859402,,12953,,1583006499,305449008,"""Zero Band""",[-0.08842818439006805],"[0, 0, 0, 0]"
194.458590031,,12954,,1583006499,310956001,"""Zero Band""",[-0.09928634762763977],"[0, 0, 0, 0]"
194.463413477,,12955,,1583006499,316618919,"""Zero Band""",[-0.11014451086521149],"[0, 0, 0, 0]"
194.468108177,,12956,,1583006499,321408033,"""Zero Band""",[-0.1210026741027832],"[0, 0, 0, 0]"
194.473396063,,12957,,1583006499,326100111,"""Zero Band""",[-0.13182871043682098],"[0, 0, 0, 0]"
194.481053114,,12958,,1583006499,331501960,"""Zero Band""",[-0.1426868885755539],"[0, 0, 0, 0]"
194.487424612,,12959,,1583006499,339027881,"""Zero Band""",[-0.1535450518131256],"[0, 0, 0, 0]"
194.493500948,,12960,,1583006499,345541954,"""Zero Band""",[-0.16440321505069733],"[0, 0, 0, 0]"
194.498757362,,12961,,1583006499,351461887,"""Zero Band""",[-0.17526137828826904],"[0, 0, 0, 0]"
194.50540781,,12962,,1583006499,356734991,"""Zero Band""",[-0.18608741462230682],"[0, 0, 0, 0]"
194.511790514,,12963,,1583006499,363215923,"""Zero Band""",[-0.19694557785987854],"[0, 0, 0, 0]"
194.517431021,,12964,,1583006499,369810104,"""Zero Band""",[-0.20780374109745026],"[0, 0, 0, 0]"
194.522826195,,12965,,1583006499,375546932,"""Zero Band""",[-0.21866190433502197],"[0, 0, 0, 0]"
194.529230356,,12966,,1583006499,380810976,"""Zero Band""",[-0.2295200675725937],"[0, 0, 0, 0]"
194.534246206,,12967,,1583006499,387348890,"""Zero Band""",[-0.24034611880779266],"[0, 0, 0, 0]"
194.541460276,,12968,,1583006499,392222881,"""Zero Band""",[-0.2295200675725937],"[0, 0, 0, 0]"
194.547693491,,12969,,1583006499,399451017,"""Zero Band""",[-0.24034611880779266],"[0, 0, 0, 0]"
194.554291248,,12970,,1583006499,405751943,"""Zero Band""",[-0.2295200675725937],"[0, 0, 0, 0]"
194.562523842,,12971,,1583006499,412266969,"""Zero Band""",[-0.21866190433502197],"[0, 0, 0, 0]"
194.567983627,,12972,,1583006499,420666933,"""Zero Band""",[-0.20780374109745026],"[0, 0, 0, 0]"
194.574058533,,12973,,1583006499,425995111,"""Zero Band""",[-0.19694557785987854],"[0, 0, 0, 0]"
194.580074072,,12974,,1583006499,432037115,"""Zero Band""",[-0.18608741462230682],"[0, 0, 0, 0]"
194.584768772,,12975,,1583006499,438052892,"""Zero Band""",[-0.17526137828826904],"[0, 0, 0, 0]"
194.590586662,,12976,,1583006499,442852973,"""Zero Band""",[-0.16440321505069733],"[0, 0, 0, 0]"
194.596924782,,12977,,1583006499,448573112,"""Zero Band""",[-0.1535450518131256],"[0, 0, 0, 0]"
194.603619337,,12978,,1583006499,454900026,"""Zero Band""",[-0.1426868885755539],"[0, 0, 0, 0]"
194.609153271,,12979,,1583006499,461563110,"""Zero Band""",[-0.13182871043682098],"[0, 0, 0, 0]"
194.615490913,,12980,,1583006499,467257022,"""Zero Band""",[-0.1210026741027832],"[0, 0, 0, 0]"
194.619903326,,12981,,1583006499,473387956,"""Zero Band""",[-0.11014451086521149],"[0, 0, 0, 0]"
194.625674725,,12982,,1583006499,477880954,"""Zero Band""",[-0.09928634762763977],"[0, 0, 0, 0]"
194.631958246,,12983,,1583006499,483666896,"""Zero Band""",[-0.08842818439006805],"[0, 0, 0, 0]"
194.638631821,,12984,,1583006499,489934921,"""Zero Band""",[-0.07757002115249634],"[0, 0, 0, 0]"
194.645650387,,12985,,1583006499,496603965,"""Zero Band""",[-0.055885814130306244],"[0, 0, 0, 0]"
194.651015282,,12986,,1583006499,503856897,"""Zero Band""",[-0.04502765089273453],"[0, 0, 0, 0]"
194.657228231,,12987,,1583006499,509032011,"""Zero Band""",[-0.03416948765516281],"[0, 0, 0, 0]"
194.663112402,,12988,,1583006499,515217065,"""Zero Band""",[-0.023311322554945946],"[0, 0, 0, 0]"
194.670178413,,12989,,1583006499,521080017,"""Zero Band""",[-0.012453158386051655],"[0, 0, 0, 0]"
194.671380997,,12990,,1583006499,527719974,"""Zero Band""",[-0.0016271184431388974],"[0, 0, 0, 0]"
194.672169924,,12991,,1583006499,529376983,"""Zero Band""",[-0.0],"[0, 0, 0, 0]"
194.67285037,,12992,,1583006499,530117034,"""Zero Band""",[-0.0],"[0, 0, 0, 0]"
194.673541784,,12993,,1583006499,530817985,"""Zero Band""",[-0.0],"[0, 0, 0, 0]"
194.674286604,,12994,,1583006499,531605005,"""Zero Band""",[-0.0],"[0, 0, 0, 0]"
194.675040722,,12995,,1583006499,532268047,"""Zero Band""",[-0.0],"[0, 0, 0, 0]"
194.675789833,,12996,,1583006499,533013105,"""Zero Band""",[-0.0],"[0, 0, 0, 0]"
194.675929546,,12997,,1583006499,533013105,"""input stopped""",[-0.0],"[0, 0, 0, 0]"
194.957518101,,12998,,1583006499,814282894,"""Zero Band""",[-0.0],"[0, 0, 0, 0]"
194.959915638,,12999,,1583006499,817105054,"""Zero Band""",[0.0016592431347817183],"[0, 0, 0, 0]"
194.967302084,,13000,,1583006499,819132089,"""Zero Band""",[0.04505977779626846],"[0, 0, 0, 0]"
194.974181175,,13001,,1583006499,825366020,"""Zero Band""",[0.07760214805603027],"[0, 0, 0, 0]"
194.980419397,,13002,,1583006499,832081079,"""Zero Band""",[0.12103480100631714],"[0, 0, 0, 0]"
194.986122131,,13003,,1583006499,838519096,"""Zero Band""",[0.16443534195423126],"[0, 0, 0, 0]"
194.994467974,,13004,,1583006499,844095945,"""Zero Band""",[0.2186940312385559],"[0, 0, 0, 0]"
194.999788761,,13005,,1583006499,852503061,"""Zero Band""",[0.27295273542404175],"[0, 0, 0, 0]"
195.000659466,,13006,,1583006499,857779979,"""Soft-Hard Sip Deadband""",[0.3380695879459381],"[0, 0, 0, 0]"
195.00150919,,13007,,1583006499,858633041,"""Soft-Hard Sip Deadband""",[0.4140446186065674],"[0, 0, 0, 0]"
195.002466679,,13008,,1583006499,859668970,"""Soft-Hard Sip Deadband""",[0.4683033227920532],"[0, 0, 0, 0]"
195.008310795,,13009,,1583006499,860467910,"""Hard Sip""",[0.533388078212738],"[0, 0, 0, 1]"
195.013253212,,13010,,1583006499,866292953,"""Hard Sip""",[0.6202212572097778],"[0, 0, 0, 1]"
195.019967794,,13011,,1583006499,871232032,"""Hard Sip""",[0.6961962580680847],"[0, 0, 0, 1]"
195.024671555,,13012,,1583006499,877856016,"""Hard Sip""",[0.7721391916275024],"[0, 0, 0, 1]"
195.030405521,,13013,,1583006499,882677078,"""Hard Sip""",[0.8589723706245422],"[0, 0, 0, 1]"
195.035817623,,13014,,1583006499,888432979,"""Hard Sip""",[0.9457734227180481],"[0, 0, 0, 1]"
195.041086674,,13015,,1583006499,893846035,"""Zero Band""",[1.0],"[0, 0, 0, 0]"
195.370285273,,13016,,1583006500,223193883,"""Zero Band""",[0.956631600856781],"[0, 0, 0, 0]"
195.376815557,,13017,,1583006500,228359937,"""Zero Band""",[0.8481141924858093],"[0, 0, 0, 0]"
195.382379293,,13018,,1583006500,234810113,"""Zero Band""",[0.7721391916275024],"[0, 0, 0, 0]"
195.388653517,,13019,,1583006500,240489006,"""Zero Band""",[0.6853380799293518],"[0, 0, 0, 0]"
195.394000053,,13020,,1583006500,246650934,"""Zero Band""",[0.6093630790710449],"[0, 0, 0, 0]"
195.40059638,,13021,,1583006500,251966953,"""Zero Band""",[0.533388078212738],"[0, 0, 0, 0]"
195.401322365,,13022,,1583006500,258399963,"""Soft-Hard Sip Deadband""",[0.4683033227920532],"[0, 0, 0, 0]"
195.402150869,,13023,,1583006500,259433984,"""Soft-Hard Sip Deadband""",[0.4031864404678345],"[0, 0, 0, 0]"
195.402901649,,13024,,1583006500,260138034,"""Soft-Hard Sip Deadband""",[0.348927766084671],"[0, 0, 0, 0]"
195.403741598,,13025,,1583006500,260879993,"""Soft-Hard Sip Deadband""",[0.30549511313438416],"[0, 0, 0, 0]"
195.408953667,,13026,,1583006500,261739015,"""Zero Band""",[0.2512364089488983],"[0, 0, 0, 0]"
195.415236712,,13027,,1583006500,266942024,"""Zero Band""",[0.2078358680009842],"[0, 0, 0, 0]"
195.419756651,,13028,,1583006500,273251056,"""Zero Band""",[0.16443534195423126],"[0, 0, 0, 0]"
195.425028324,,13029,,1583006500,277744054,"""Zero Band""",[0.12103480100631714],"[0, 0, 0, 0]"
195.429528475,,13030,,1583006500,282773971,"""Zero Band""",[0.0993184745311737],"[0, 0, 0, 0]"
195.436414003,,13031,,1583006500,287600040,"""Zero Band""",[0.06674397736787796],"[0, 0, 0, 0]"
195.442854881,,13032,,1583006500,294414997,"""Zero Band""",[0.03420161083340645],"[0, 0, 0, 0]"
195.443833113,,13033,,1583006500,300929069,"""Zero Band""",[-0.0],"[0, 0, 0, 0]"
195.44466424,,13034,,1583006500,301806926,"""Zero Band""",[-0.0],"[0, 0, 0, 0]"
195.445420504,,13035,,1583006500,302630901,"""Zero Band""",[-0.0],"[0, 0, 0, 0]"
195.446204424,,13036,,1583006500,303389072,"""Zero Band""",[-0.0],"[0, 0, 0, 0]"
195.446311474,,13037,,1583006500,303389072,"""input stopped""",[-0.0],"[0, 0, 0, 0]"
196.057070255,,13038,,1583006500,914125919,"""Zero Band""",[-0.0],"[0, 0, 0, 0]"
196.062112331,,13039,,1583006500,919135093,"""Zero Band""",[-0.0],"[0, 0, 0, 0]"
196.066033363,,13040,,1583006500,923125028,"""Zero Band""",[-0.0],"[0, 0, 0, 0]"
196.069988251,,13041,,1583006500,927129030,"""Zero Band""",[-0.0],"[0, 0, 0, 0]"
196.074104071,,13042,,1583006500,931183099,"""Zero Band""",[-0.0],"[0, 0, 0, 0]"
196.075956106,,13043,,1583006500,933135032,"""Zero Band""",[0.0016592431347817183],"[0, 0, 0, 0]"
196.086502552,,13044,,1583006500,939157962,"""Zero Band""",[0.012485282495617867],"[0, 0, 0, 0]"
196.092168093,,13045,,1583006500,944571971,"""Zero Band""",[0.023343447595834732],"[0, 0, 0, 0]"
196.098489285,,13046,,1583006500,950217008,"""Zero Band""",[0.03420161083340645],"[0, 0, 0, 0]"
196.103079319,,13047,,1583006500,956473112,"""Zero Band""",[0.04505977779626846],"[0, 0, 0, 0]"
196.1080091,,13048,,1583006500,961155891,"""Zero Band""",[0.05591794103384018],"[0, 0, 0, 0]"
196.114454031,,13049,,1583006500,965966939,"""Zero Band""",[0.06674397736787796],"[0, 0, 0, 0]"
196.119682074,,13050,,1583006500,972557067,"""Zero Band""",[0.07760214805603027],"[0, 0, 0, 0]"
196.125844955,,13051,,1583006500,977664947,"""Zero Band""",[0.08846031129360199],"[0, 0, 0, 0]"
196.131093264,,13052,,1583006500,983830928,"""Zero Band""",[0.0993184745311737],"[0, 0, 0, 0]"
196.135813475,,13053,,1583006500,989105939,"""Zero Band""",[0.11017663776874542],"[0, 0, 0, 0]"
196.141751289,,13054,,1583006500,993927955,"""Zero Band""",[0.12103480100631714],"[0, 0, 0, 0]"
196.146910906,,13055,,1583006500,999902963,"""Zero Band""",[0.13186083734035492],"[0, 0, 0, 0]"
196.153342485,,13056,,1583006501,4957914,"""Zero Band""",[0.14271900057792664],"[0, 0, 0, 0]"
196.159239769,,13057,,1583006501,11327981,"""Zero Band""",[0.15357716381549835],"[0, 0, 0, 0]"
196.164066553,,13058,,1583006501,17220973,"""Zero Band""",[0.16443534195423126],"[0, 0, 0, 0]"
196.17036128,,13059,,1583006501,22077083,"""Zero Band""",[0.17529350519180298],"[0, 0, 0, 0]"
196.17542243,,13060,,1583006501,28434038,"""Zero Band""",[0.18611954152584076],"[0, 0, 0, 0]"
196.181745052,,13061,,1583006501,33236980,"""Zero Band""",[0.19697770476341248],"[0, 0, 0, 0]"
196.188303232,,13062,,1583006501,39957046,"""Zero Band""",[0.2078358680009842],"[0, 0, 0, 0]"
196.194505215,,13063,,1583006501,46314954,"""Zero Band""",[0.2186940312385559],"[0, 0, 0, 0]"
196.201294184,,13064,,1583006501,52490949,"""Zero Band""",[0.22955219447612762],"[0, 0, 0, 0]"
196.206234932,,13065,,1583006501,59274911,"""Zero Band""",[0.2403782308101654],"[0, 0, 0, 0]"
196.212901115,,13066,,1583006501,64203023,"""Zero Band""",[0.2512364089488983],"[0, 0, 0, 0]"
196.218644857,,13067,,1583006501,70892095,"""Zero Band""",[0.26209455728530884],"[0, 0, 0, 0]"
196.223928452,,13068,,1583006501,76634883,"""Zero Band""",[0.27295273542404175],"[0, 0, 0, 0]"
196.229302883,,13069,,1583006501,81924915,"""Zero Band""",[0.2946690618991852],"[0, 0, 0, 0]"
196.229914427,,13070,,1583006501,87085008,"""Soft-Hard Sip Deadband""",[0.30549511313438416],"[0, 0, 0, 0]"
196.230705023,,13071,,1583006501,87901115,"""Soft-Hard Sip Deadband""",[0.3163532614707947],"[0, 0, 0, 0]"
196.231917381,,13072,,1583006501,88850975,"""Soft-Hard Sip Deadband""",[0.3380695879459381],"[0, 0, 0, 0]"
196.232866049,,13073,,1583006501,89785099,"""Soft-Hard Sip Deadband""",[0.348927766084671],"[0, 0, 0, 0]"
196.23387599,,13074,,1583006501,90842962,"""Soft-Hard Sip Deadband""",[0.3597537875175476],"[0, 0, 0, 0]"
196.234657764,,13075,,1583006501,91876029,"""Soft-Hard Sip Deadband""",[0.38147011399269104],"[0, 0, 0, 0]"
196.235421419,,13076,,1583006501,92639923,"""Soft-Hard Sip Deadband""",[0.4031864404678345],"[0, 0, 0, 0]"
196.2361269,,13077,,1583006501,93394994,"""Soft-Hard Sip Deadband""",[0.4140446186065674],"[0, 0, 0, 0]"
196.236822367,,13078,,1583006501,94104051,"""Soft-Hard Sip Deadband""",[0.42487066984176636],"[0, 0, 0, 0]"
196.237530231,,13079,,1583006501,94794034,"""Soft-Hard Sip Deadband""",[0.4357288181781769],"[0, 0, 0, 0]"
196.238215446,,13080,,1583006501,95516920,"""Soft-Hard Sip Deadband""",[0.4465869963169098],"[0, 0, 0, 0]"
196.238948107,,13081,,1583006501,96204042,"""Soft-Hard Sip Deadband""",[0.4574451446533203],"[0, 0, 0, 0]"
196.239892244,,13082,,1583006501,97007036,"""Soft-Hard Sip Deadband""",[0.4683033227920532],"[0, 0, 0, 0]"
196.240639925,,13083,,1583006501,97771883,"""Soft-Hard Sip Deadband""",[0.4574451446533203],"[0, 0, 0, 0]"
196.241385937,,13084,,1583006501,98638057,"""Soft-Hard Sip Deadband""",[0.4465869963169098],"[0, 0, 0, 0]"
196.242099524,,13085,,1583006501,99422931,"""Soft-Hard Sip Deadband""",[0.4357288181781769],"[0, 0, 0, 0]"
196.246110916,,13086,,1583006501,103210926,"""Soft-Hard Sip Deadband""",[0.4465869963169098],"[0, 0, 0, 0]"
196.252166986,,13087,,1583006501,109196901,"""Soft-Hard Sip Deadband""",[0.4574451446533203],"[0, 0, 0, 0]"
196.258297205,,13088,,1583006501,115223884,"""Soft-Hard Sip Deadband""",[0.4683033227920532],"[0, 0, 0, 0]"
196.264584064,,13089,,1583006501,121212959,"""Soft-Hard Sip Deadband""",[0.4791293442249298],"[0, 0, 0, 0]"
196.268168211,,13090,,1583006501,125166893,"""Soft-Hard Sip Deadband""",[0.4899875223636627],"[0, 0, 0, 0]"
196.279626608,,13091,,1583006501,131175041,"""Zero Band""",[0.5008456707000732],"[0, 0, 0, 0]"
196.285256147,,13092,,1583006501,137705087,"""Zero Band""",[0.5117038488388062],"[0, 0, 0, 0]"
196.29045248,,13093,,1583006501,143326997,"""Zero Band""",[0.5225620269775391],"[0, 0, 0, 0]"
196.296925306,,13094,,1583006501,149787902,"""Zero Band""",[0.533388078212738],"[0, 0, 0, 0]"
196.316696882,,13095,,1583006501,169174909,"""Zero Band""",[0.5225620269775391],"[0, 0, 0, 0]"
196.321959972,,13096,,1583006501,175159931,"""Zero Band""",[0.5117038488388062],"[0, 0, 0, 0]"
196.331151485,,13097,,1583006501,183204889,"""Zero Band""",[0.5008456707000732],"[0, 0, 0, 0]"
196.337914944,,13098,,1583006501,191132068,"""Zero Band""",[0.5117038488388062],"[0, 0, 0, 0]"
196.344961166,,13099,,1583006501,195947885,"""Zero Band""",[0.5225620269775391],"[0, 0, 0, 0]"
196.351053476,,13100,,1583006501,202984094,"""Zero Band""",[0.533388078212738],"[0, 0, 0, 0]"
196.356895208,,13101,,1583006501,209135055,"""Zero Band""",[0.5442461967468262],"[0, 0, 0, 0]"
196.363906622,,13102,,1583006501,214937925,"""Zero Band""",[0.565962553024292],"[0, 0, 0, 0]"
196.368325949,,13103,,1583006501,222007989,"""Zero Band""",[0.5768207311630249],"[0, 0, 0, 0]"
196.374536991,,13104,,1583006501,226326942,"""Zero Band""",[0.598504900932312],"[0, 0, 0, 0]"
196.381305218,,13105,,1583006501,232407093,"""Zero Band""",[0.6310794353485107],"[0, 0, 0, 0]"
196.387943506,,13106,,1583006501,239460945,"""Zero Band""",[0.6527636051177979],"[0, 0, 0, 0]"
196.3939569,,13107,,1583006501,245940923,"""Zero Band""",[0.6744799613952637],"[0, 0, 0, 0]"
196.39938736,,13108,,1583006501,251950025,"""Zero Band""",[0.7070544362068176],"[0, 0, 0, 0]"
196.404702425,,13109,,1583006501,257467031,"""Zero Band""",[0.7287386655807495],"[0, 0, 0, 0]"
196.410824299,,13110,,1583006501,262713909,"""Zero Band""",[0.7613131403923035],"[0, 0, 0, 0]"
196.416808844,,13111,,1583006501,268838882,"""Zero Band""",[0.7829973101615906],"[0, 0, 0, 0]"
196.422822714,,13112,,1583006501,274790048,"""Zero Band""",[0.8047136664390564],"[0, 0, 0, 0]"
196.42884922,,13113,,1583006501,280826091,"""Zero Band""",[0.8263978958129883],"[0, 0, 0, 0]"
196.434108019,,13114,,1583006501,286825895,"""Zero Band""",[0.8589723706245422],"[0, 0, 0, 0]"
196.441074848,,13115,,1583006501,292087078,"""Zero Band""",[0.8806886672973633],"[0, 0, 0, 0]"
196.446403027,,13116,,1583006501,299165964,"""Zero Band""",[0.9023728966712952],"[0, 0, 0, 0]"
196.452088833,,13117,,1583006501,304383039,"""Zero Band""",[0.9132310748100281],"[0, 0, 0, 0]"
196.458870411,,13118,,1583006501,309884071,"""Zero Band""",[0.9349473714828491],"[0, 0, 0, 0]"
196.464929104,,13119,,1583006501,316863059,"""Zero Band""",[0.9457734227180481],"[0, 0, 0, 0]"
196.471181154,,13120,,1583006501,322912931,"""Zero Band""",[0.956631600856781],"[0, 0, 0, 0]"
196.478736401,,13121,,1583006501,329204082,"""Zero Band""",[0.9674897789955139],"[0, 0, 0, 0]"
196.484036446,,13122,,1583006501,336934089,"""Zero Band""",[0.978347897529602],"[0, 0, 0, 0]"
196.48996067,,13123,,1583006501,341897010,"""Zero Band""",[0.989206075668335],"[0, 0, 0, 0]"
196.496411324,,13124,,1583006501,347960948,"""Zero Band""",[1.0],"[0, 0, 0, 0]"
196.501698971,,13125,,1583006501,354412078,"""Zero Band""",[0.989206075668335],"[0, 0, 0, 0]"
196.506863594,,13126,,1583006501,359663009,"""Zero Band""",[0.978347897529602],"[0, 0, 0, 0]"
196.512459517,,13127,,1583006501,364839076,"""Zero Band""",[0.9674897789955139],"[0, 0, 0, 0]"
196.517103195,,13128,,1583006501,370459079,"""Zero Band""",[0.9457734227180481],"[0, 0, 0, 0]"
196.522942066,,13129,,1583006501,375078916,"""Zero Band""",[0.9349473714828491],"[0, 0, 0, 0]"
196.529170275,,13130,,1583006501,380928039,"""Zero Band""",[0.924089252948761],"[0, 0, 0, 0]"
196.535087347,,13131,,1583006501,387140035,"""Zero Band""",[0.9023728966712952],"[0, 0, 0, 0]"
196.53976965,,13132,,1583006501,392967939,"""Zero Band""",[0.8915147185325623],"[0, 0, 0, 0]"
196.546303034,,13133,,1583006501,397918939,"""Zero Band""",[0.8698305487632751],"[0, 0, 0, 0]"
196.550778627,,13134,,1583006501,404289007,"""Zero Band""",[0.8372560143470764],"[0, 0, 0, 0]"
196.556653976,,13135,,1583006501,408761978,"""Zero Band""",[0.8155718445777893],"[0, 0, 0, 0]"
196.563532352,,13136,,1583006501,414673089,"""Zero Band""",[0.7938554883003235],"[0, 0, 0, 0]"
196.568628073,,13137,,1583006501,421556949,"""Zero Band""",[0.7829973101615906],"[0, 0, 0, 0]"
196.574827671,,13138,,1583006501,426657915,"""Zero Band""",[0.7721391916275024],"[0, 0, 0, 0]"
196.580150366,,13139,,1583006501,432805061,"""Zero Band""",[0.7829973101615906],"[0, 0, 0, 0]"
196.585001945,,13140,,1583006501,438126087,"""Zero Band""",[0.7938554883003235],"[0, 0, 0, 0]"
196.59168911,,13141,,1583006501,442996025,"""Zero Band""",[0.8047136664390564],"[0, 0, 0, 0]"
196.598962069,,13142,,1583006501,449668884,"""Zero Band""",[0.8263978958129883],"[0, 0, 0, 0]"
196.604983568,,13143,,1583006501,456943035,"""Zero Band""",[0.8372560143470764],"[0, 0, 0, 0]"
196.609757662,,13144,,1583006501,462961912,"""Zero Band""",[0.8589723706245422],"[0, 0, 0, 0]"
196.615599871,,13145,,1583006501,467751979,"""Zero Band""",[0.8806886672973633],"[0, 0, 0, 0]"
196.621713877,,13146,,1583006501,473577022,"""Zero Band""",[0.9132310748100281],"[0, 0, 0, 0]"
196.626779556,,13147,,1583006501,479720115,"""Zero Band""",[0.9457734227180481],"[0, 0, 0, 0]"
196.633985519,,13148,,1583006501,484756946,"""Zero Band""",[0.989206075668335],"[0, 0, 0, 0]"
196.639385462,,13149,,1583006501,491976022,"""Zero Band""",[1.0],"[0, 0, 0, 0]"
196.645379066,,13150,,1583006501,497543096,"""Zero Band""",[0.978347897529602],"[0, 0, 0, 0]"
196.650990725,,13151,,1583006501,503351926,"""Zero Band""",[0.9457734227180481],"[0, 0, 0, 0]"
196.656810045,,13152,,1583006501,508963108,"""Zero Band""",[0.9132310748100281],"[0, 0, 0, 0]"
196.662861824,,13153,,1583006501,514789104,"""Zero Band""",[0.8806886672973633],"[0, 0, 0, 0]"
196.668800831,,13154,,1583006501,520741939,"""Zero Band""",[0.8589723706245422],"[0, 0, 0, 0]"
196.675126076,,13155,,1583006501,526798009,"""Zero Band""",[0.8372560143470764],"[0, 0, 0, 0]"
196.681283474,,13156,,1583006501,533119916,"""Zero Band""",[0.8155718445777893],"[0, 0, 0, 0]"
196.68631196,,13157,,1583006501,539259910,"""Zero Band""",[0.7938554883003235],"[0, 0, 0, 0]"
196.692398787,,13158,,1583006501,544333934,"""Zero Band""",[0.7829973101615906],"[0, 0, 0, 0]"
196.698208094,,13159,,1583006501,550378084,"""Zero Band""",[0.7613131403923035],"[0, 0, 0, 0]"
196.704101801,,13160,,1583006501,556063890,"""Zero Band""",[0.7504549622535706],"[0, 0, 0, 0]"
196.709136486,,13161,,1583006501,562118053,"""Zero Band""",[0.7287386655807495],"[0, 0, 0, 0]"
196.716451883,,13162,,1583006501,567158937,"""Zero Band""",[0.7070544362068176],"[0, 0, 0, 0]"
196.721466303,,13163,,1583006501,574418067,"""Zero Band""",[0.6636217832565308],"[0, 0, 0, 0]"
196.727812529,,13164,,1583006501,579437971,"""Zero Band""",[0.6419375538825989],"[0, 0, 0, 0]"
196.733108282,,13165,,1583006501,585851907,"""Zero Band""",[0.6093630790710449],"[0, 0, 0, 0]"
196.7392416,,13166,,1583006501,591114997,"""Zero Band""",[0.587678849697113],"[0, 0, 0, 0]"
196.746121407,,13167,,1583006501,597487926,"""Zero Band""",[0.565962553024292],"[0, 0, 0, 0]"
196.75165844,,13168,,1583006501,604010105,"""Zero Band""",[0.5225620269775391],"[0, 0, 0, 0]"
196.75808239,,13169,,1583006501,609662055,"""Zero Band""",[0.5008456707000732],"[0, 0, 0, 0]"
196.758963823,,13170,,1583006501,616065025,"""Soft-Hard Sip Deadband""",[0.4683033227920532],"[0, 0, 0, 0]"
196.759927273,,13171,,1583006501,616946935,"""Soft-Hard Sip Deadband""",[0.4357288181781769],"[0, 0, 0, 0]"
196.760812998,,13172,,1583006501,617897987,"""Soft-Hard Sip Deadband""",[0.4031864404678345],"[0, 0, 0, 0]"
196.761707306,,13173,,1583006501,618787050,"""Soft-Hard Sip Deadband""",[0.38147011399269104],"[0, 0, 0, 0]"
196.762620926,,13174,,1583006501,619668006,"""Soft-Hard Sip Deadband""",[0.3380695879459381],"[0, 0, 0, 0]"
196.763433456,,13175,,1583006501,620584011,"""Soft-Hard Sip Deadband""",[0.3163532614707947],"[0, 0, 0, 0]"
196.768763542,,13176,,1583006501,621340990,"""Zero Band""",[0.28381088376045227],"[0, 0, 0, 0]"
196.774545908,,13177,,1583006501,626739978,"""Zero Band""",[0.26209455728530884],"[0, 0, 0, 0]"
196.780429125,,13178,,1583006501,632560014,"""Zero Band""",[0.22955219447612762],"[0, 0, 0, 0]"
196.784929276,,13179,,1583006501,638413906,"""Zero Band""",[0.2078358680009842],"[0, 0, 0, 0]"
196.793514729,,13180,,1583006501,642904043,"""Zero Band""",[0.18611954152584076],"[0, 0, 0, 0]"
196.798720837,,13181,,1583006501,651223897,"""Zero Band""",[0.16443534195423126],"[0, 0, 0, 0]"
196.803522825,,13182,,1583006501,656698942,"""Zero Band""",[0.14271900057792664],"[0, 0, 0, 0]"
196.809105873,,13183,,1583006501,661498069,"""Zero Band""",[0.12103480100631714],"[0, 0, 0, 0]"
196.814114809,,13184,,1583006501,667062997,"""Zero Band""",[0.11017663776874542],"[0, 0, 0, 0]"
196.820353031,,13185,,1583006501,672125101,"""Zero Band""",[0.0993184745311737],"[0, 0, 0, 0]"
196.827674866,,13186,,1583006501,678364038,"""Zero Band""",[0.07760214805603027],"[0, 0, 0, 0]"
196.833179235,,13187,,1583006501,685655117,"""Zero Band""",[0.06674397736787796],"[0, 0, 0, 0]"
196.840233088,,13188,,1583006501,691158056,"""Zero Band""",[0.05591794103384018],"[0, 0, 0, 0]"
196.845733881,,13189,,1583006501,698193073,"""Zero Band""",[0.04505977779626846],"[0, 0, 0, 0]"
196.852265596,,13190,,1583006501,703587055,"""Zero Band""",[0.03420161083340645],"[0, 0, 0, 0]"
196.858658314,,13191,,1583006501,710205078,"""Zero Band""",[0.023343447595834732],"[0, 0, 0, 0]"
196.864033461,,13192,,1583006501,716629981,"""Zero Band""",[0.012485282495617867],"[0, 0, 0, 0]"
196.864980221,,13193,,1583006501,722043991,"""Zero Band""",[0.0016592431347817183],"[0, 0, 0, 0]"
196.865870714,,13194,,1583006501,722969055,"""Zero Band""",[-0.0],"[0, 0, 0, 0]"
196.866747856,,13195,,1583006501,723844051,"""Zero Band""",[-0.0],"[0, 0, 0, 0]"
196.867812634,,13196,,1583006501,724741935,"""Zero Band""",[-0.0],"[0, 0, 0, 0]"
196.868896246,,13197,,1583006501,726043939,"""Zero Band""",[-0.0],"[0, 0, 0, 0]"
196.868988037,,13198,,1583006501,726043939,"""input stopped""",[-0.0],"[0, 0, 0, 0]"
196.870042801,,13199,,1583006501,727005958,"""Zero Band""",[-0.0],"[0, 0, 0, 0]"
196.870911598,,13200,,1583006501,727878093,"""Zero Band""",[-0.0],"[0, 0, 0, 0]"
196.871932507,,13201,,1583006501,728877067,"""Zero Band""",[-0.0],"[0, 0, 0, 0]"
196.872898817,,13202,,1583006501,729895114,"""Zero Band""",[-0.0],"[0, 0, 0, 0]"
196.873814583,,13203,,1583006501,730879068,"""Zero Band""",[-0.0],"[0, 0, 0, 0]"
196.874551535,,13204,,1583006501,731782913,"""Zero Band""",[-0.0016271184431388974],"[0, 0, 0, 0]"
196.879222155,,13205,,1583006501,732528924,"""Soft Puff""",[-0.012453158386051655],"[0, 1, 0, 0]"
196.885429859,,13206,,1583006501,737205028,"""Soft Puff""",[-0.023311322554945946],"[0, 1, 0, 0]"
196.892102957,,13207,,1583006501,743415117,"""Soft Puff""",[-0.03416948765516281],"[0, 1, 0, 0]"
196.897693872,,13208,,1583006501,750082015,"""Soft Puff""",[-0.04502765089273453],"[0, 1, 0, 0]"
196.902778387,,13209,,1583006501,755667924,"""Soft Puff""",[-0.055885814130306244],"[0, 1, 0, 0]"
196.909419775,,13210,,1583006501,760745048,"""Soft Puff""",[-0.06671185791492462],"[0, 1, 0, 0]"
196.914440155,,13211,,1583006501,767406940,"""Soft Puff""",[-0.07757002115249634],"[0, 1, 0, 0]"
196.920993567,,13212,,1583006501,772177934,"""Soft Puff""",[-0.08842818439006805],"[0, 1, 0, 0]"
196.926417112,,13213,,1583006501,779005050,"""Soft Puff""",[-0.09928634762763977],"[0, 1, 0, 0]"
196.93216157,,13214,,1583006501,784394979,"""Soft Puff""",[-0.11014451086521149],"[0, 1, 0, 0]"
196.937632561,,13215,,1583006501,790155887,"""Soft Puff""",[-0.1210026741027832],"[0, 1, 0, 0]"
196.945109367,,13216,,1583006501,795610904,"""Soft Puff""",[-0.13182871043682098],"[0, 1, 0, 0]"
196.951107502,,13217,,1583006501,803088903,"""Soft Puff""",[-0.1426868885755539],"[0, 1, 0, 0]"
196.956670046,,13218,,1583006501,809078931,"""Soft Puff""",[-0.1535450518131256],"[0, 1, 0, 0]"
196.961050034,,13219,,1583006501,814646959,"""Soft Puff""",[-0.16440321505069733],"[0, 1, 0, 0]"
196.965805769,,13220,,1583006501,819020032,"""Soft Puff""",[-0.17526137828826904],"[0, 1, 0, 0]"
196.971131802,,13221,,1583006501,823772907,"""Soft Puff""",[-0.18608741462230682],"[0, 1, 0, 0]"
196.976143837,,13222,,1583006501,829107999,"""Soft Puff""",[-0.19694557785987854],"[0, 1, 0, 0]"
196.982896328,,13223,,1583006501,834348917,"""Soft Puff""",[-0.20780374109745026],"[0, 1, 0, 0]"
196.988372326,,13224,,1583006501,840886116,"""Soft Puff""",[-0.21866190433502197],"[0, 1, 0, 0]"
196.994134426,,13225,,1583006501,846344947,"""Soft Puff""",[-0.2295200675725937],"[0, 1, 0, 0]"
196.998802662,,13226,,1583006501,852026939,"""Soft Puff""",[-0.24034611880779266],"[0, 1, 0, 0]"
197.004857302,,13227,,1583006501,856812000,"""Soft Puff""",[-0.2512042820453644],"[0, 1, 0, 0]"
197.011096716,,13228,,1583006501,862827062,"""Soft Puff""",[-0.2620624303817749],"[0, 1, 0, 0]"
197.016590357,,13229,,1583006501,868978977,"""Soft Puff""",[-0.2729206085205078],"[0, 1, 0, 0]"
197.021075487,,13230,,1583006501,874572992,"""Soft Puff""",[-0.28377875685691833],"[0, 1, 0, 0]"
197.027246952,,13231,,1583006501,879050016,"""Soft Puff""",[-0.29463693499565125],"[0, 1, 0, 0]"
197.028198481,,13232,,1583006501,885221958,"""Soft-Hard Puff Deadband""",[-0.3054629862308502],"[0, 0, 0, 0]"
197.029035091,,13233,,1583006501,886171102,"""Soft-Hard Puff Deadband""",[-0.31632113456726074],"[0, 0, 0, 0]"
197.030053377,,13234,,1583006501,887012958,"""Soft-Hard Puff Deadband""",[-0.32717931270599365],"[0, 0, 0, 0]"
197.030675173,,13235,,1583006501,887840032,"""Soft-Hard Puff Deadband""",[-0.3380374610424042],"[0, 0, 0, 0]"
197.031496048,,13236,,1583006501,888649940,"""Soft-Hard Puff Deadband""",[-0.3488956391811371],"[0, 0, 0, 0]"
197.032297134,,13237,,1583006501,889461040,"""Soft-Hard Puff Deadband""",[-0.35972166061401367],"[0, 0, 0, 0]"
197.033075809,,13238,,1583006501,890269994,"""Soft-Hard Puff Deadband""",[-0.3705798387527466],"[0, 0, 0, 0]"
197.033916473,,13239,,1583006501,891189098,"""Soft-Hard Puff Deadband""",[-0.35972166061401367],"[0, 0, 0, 0]"
197.034696817,,13240,,1583006501,891892910,"""Soft-Hard Puff Deadband""",[-0.3705798387527466],"[0, 0, 0, 0]"
197.035618544,,13241,,1583006501,892667055,"""Soft-Hard Puff Deadband""",[-0.3814379870891571],"[0, 0, 0, 0]"
197.036453247,,13242,,1583006501,893585920,"""Soft-Hard Puff Deadband""",[-0.39229616522789],"[0, 0, 0, 0]"
197.037260056,,13243,,1583006501,894432067,"""Soft-Hard Puff Deadband""",[-0.4031543433666229],"[0, 0, 0, 0]"
197.03817296,,13244,,1583006501,895236015,"""Soft-Hard Puff Deadband""",[-0.41401249170303345],"[0, 0, 0, 0]"
197.039083719,,13245,,1583006501,896229028,"""Soft-Hard Puff Deadband""",[-0.4031543433666229],"[0, 0, 0, 0]"
197.046927452,,13246,,1583006501,903301000,"""Soft-Hard Puff Deadband""",[-0.39229616522789],"[0, 0, 0, 0]"
197.056839943,,13247,,1583006501,913206100,"""Soft-Hard Puff Deadband""",[-0.3814379870891571],"[0, 0, 0, 0]"
197.062449694,,13248,,1583006501,919277906,"""Soft-Hard Puff Deadband""",[-0.3705798387527466],"[0, 0, 0, 0]"
197.070087194,,13249,,1583006501,927210092,"""Soft-Hard Puff Deadband""",[-0.35972166061401367],"[0, 0, 0, 0]"
197.078172922,,13250,,1583006501,935214996,"""Soft-Hard Puff Deadband""",[-0.3488956391811371],"[0, 0, 0, 0]"
197.082087278,,13251,,1583006501,939199924,"""Soft-Hard Puff Deadband""",[-0.3380374610424042],"[0, 0, 0, 0]"
197.088014126,,13252,,1583006501,945133924,"""Soft-Hard Puff Deadband""",[-0.32717931270599365],"[0, 0, 0, 0]"
197.100494385,,13253,,1583006501,957238912,"""Soft-Hard Puff Deadband""",[-0.3380374610424042],"[0, 0, 0, 0]"
197.106205225,,13254,,1583006501,963212013,"""Soft-Hard Puff Deadband""",[-0.3488956391811371],"[0, 0, 0, 0]"
197.111999273,,13255,,1583006501,969166040,"""Soft-Hard Puff Deadband""",[-0.35972166061401367],"[0, 0, 0, 0]"
197.114017487,,13256,,1583006501,971196889,"""Soft-Hard Puff Deadband""",[-0.3705798387527466],"[0, 0, 0, 0]"
197.118071795,,13257,,1583006501,975193023,"""Soft-Hard Puff Deadband""",[-0.3814379870891571],"[0, 0, 0, 0]"
197.130531311,,13258,,1583006501,987270116,"""Soft-Hard Puff Deadband""",[-0.39229616522789],"[0, 0, 0, 0]"
197.140605211,,13259,,1583006501,997219085,"""Soft-Hard Puff Deadband""",[-0.4031543433666229],"[0, 0, 0, 0]"
197.150337219,,13260,,1583006502,7220029,"""Soft-Hard Puff Deadband""",[-0.41401249170303345],"[0, 0, 0, 0]"
197.15824604,,13261,,1583006502,15216112,"""Soft-Hard Puff Deadband""",[-0.4248385429382324],"[0, 0, 0, 0]"
197.166225433,,13262,,1583006502,23260116,"""Soft-Hard Puff Deadband""",[-0.43569669127464294],"[0, 0, 0, 0]"
197.174610376,,13263,,1583006502,31210899,"""Soft-Hard Puff Deadband""",[-0.44655486941337585],"[0, 0, 0, 0]"
197.178186417,,13264,,1583006502,35216093,"""Soft-Hard Puff Deadband""",[-0.4574130177497864],"[0, 0, 0, 0]"
197.186254025,,13265,,1583006502,43255090,"""Soft-Hard Puff Deadband""",[-0.4682711958885193],"[0, 0, 0, 0]"
197.198443413,,13266,,1583006502,55330038,"""Soft-Hard Puff Deadband""",[-0.4790972173213959],"[0, 0, 0, 0]"
197.208137512,,13267,,1583006502,65198898,"""Soft-Hard Puff Deadband""",[-0.4899553954601288],"[0, 0, 0, 0]"
197.243648529,,13268,,1583006502,95238924,"""Zero Band""",[-0.5008135437965393],"[0, 0, 0, 0]"
197.264758825,,13269,,1583006502,117265939,"""Zero Band""",[-0.5116717219352722],"[0, 0, 0, 0]"
197.283298969,,13270,,1583006502,135313034,"""Zero Band""",[-0.5225299000740051],"[0, 0, 0, 0]"
197.288005114,,13271,,1583006502,141386032,"""Zero Band""",[-0.5333559513092041],"[0, 0, 0, 0]"
197.298605204,,13272,,1583006502,151175022,"""Zero Band""",[-0.5442140698432922],"[0, 0, 0, 0]"
197.311961651,,13273,,1583006502,163330078,"""Zero Band""",[-0.5550722479820251],"[0, 0, 0, 0]"
197.321801424,,13274,,1583006502,173130989,"""Zero Band""",[-0.5659304261207581],"[0, 0, 0, 0]"
197.343672752,,13275,,1583006502,193314075,"""Zero Band""",[-0.576788604259491],"[0, 0, 0, 0]"
197.350344658,,13276,,1583006502,203146934,"""Zero Band""",[-0.5876467227935791],"[0, 0, 0, 0]"
197.360468864,,13277,,1583006502,213253021,"""Zero Band""",[-0.5984727740287781],"[0, 0, 0, 0]"
197.366002083,,13278,,1583006502,218523025,"""Zero Band""",[-0.5876467227935791],"[0, 0, 0, 0]"
197.372823238,,13279,,1583006502,224076032,"""Zero Band""",[-0.5984727740287781],"[0, 0, 0, 0]"
197.395274639,,13280,,1583006502,247225046,"""Zero Band""",[-0.609330952167511],"[0, 0, 0, 0]"
197.402431726,,13281,,1583006502,253248929,"""Zero Band""",[-0.5984727740287781],"[0, 0, 0, 0]"
197.412690878,,13282,,1583006502,265187978,"""Zero Band""",[-0.5876467227935791],"[0, 0, 0, 0]"
197.419941902,,13283,,1583006502,273161888,"""Zero Band""",[-0.576788604259491],"[0, 0, 0, 0]"
197.424585581,,13284,,1583006502,277967929,"""Zero Band""",[-0.5659304261207581],"[0, 0, 0, 0]"
197.432083845,,13285,,1583006502,283659934,"""Zero Band""",[-0.5550722479820251],"[0, 0, 0, 0]"
197.437074184,,13286,,1583006502,290153026,"""Zero Band""",[-0.5442140698432922],"[0, 0, 0, 0]"
197.443552017,,13287,,1583006502,295124053,"""Zero Band""",[-0.5333559513092041],"[0, 0, 0, 0]"
197.448322058,,13288,,1583006502,301639080,"""Zero Band""",[-0.5225299000740051],"[0, 0, 0, 0]"
197.453531504,,13289,,1583006502,306413888,"""Zero Band""",[-0.5008135437965393],"[0, 0, 0, 0]"
197.454524517,,13290,,1583006502,311503887,"""Soft-Hard Puff Deadband""",[-0.4899553954601288],"[0, 0, 0, 0]"
197.455515146,,13291,,1583006502,312587022,"""Soft-Hard Puff Deadband""",[-0.4790972173213959],"[0, 0, 0, 0]"
197.456504107,,13292,,1583006502,313592910,"""Soft-Hard Puff Deadband""",[-0.4682711958885193],"[0, 0, 0, 0]"
197.45742631,,13293,,1583006502,314491033,"""Soft-Hard Puff Deadband""",[-0.4574130177497864],"[0, 0, 0, 0]"
197.458466768,,13294,,1583006502,315413951,"""Soft-Hard Puff Deadband""",[-0.44655486941337585],"[0, 0, 0, 0]"
197.459336758,,13295,,1583006502,316489934,"""Soft-Hard Puff Deadband""",[-0.43569669127464294],"[0, 0, 0, 0]"
197.460282087,,13296,,1583006502,317392110,"""Soft-Hard Puff Deadband""",[-0.41401249170303345],"[0, 0, 0, 0]"
197.461969137,,13297,,1583006502,319147109,"""Soft-Hard Puff Deadband""",[-0.4031543433666229],"[0, 0, 0, 0]"
197.466117382,,13298,,1583006502,323220014,"""Soft-Hard Puff Deadband""",[-0.39229616522789],"[0, 0, 0, 0]"
197.467987776,,13299,,1583006502,325150966,"""Soft-Hard Puff Deadband""",[-0.3705798387527466],"[0, 0, 0, 0]"
197.47411561,,13300,,1583006502,331197023,"""Soft-Hard Puff Deadband""",[-0.35972166061401367],"[0, 0, 0, 0]"
197.47617507,,13301,,1583006502,333153963,"""Soft-Hard Puff Deadband""",[-0.3488956391811371],"[0, 0, 0, 0]"
197.479928017,,13302,,1583006502,337126016,"""Soft-Hard Puff Deadband""",[-0.3380374610424042],"[0, 0, 0, 0]"
197.522322178,,13303,,1583006502,379220962,"""Soft-Hard Puff Deadband""",[-0.32717931270599365],"[0, 0, 0, 0]"
197.536165476,,13304,,1583006502,393196105,"""Soft-Hard Puff Deadband""",[-0.31632113456726074],"[0, 0, 0, 0]"
197.544399023,,13305,,1583006502,401225090,"""Soft-Hard Puff Deadband""",[-0.3054629862308502],"[0, 0, 0, 0]"
197.556539059,,13306,,1583006502,409162998,"""Soft Puff""",[-0.29463693499565125],"[0, 1, 0, 0]"
197.561910868,,13307,,1583006502,414582014,"""Soft Puff""",[-0.28377875685691833],"[0, 1, 0, 0]"
197.56857276,,13308,,1583006502,419917106,"""Soft Puff""",[-0.2729206085205078],"[0, 1, 0, 0]"
197.575855017,,13309,,1583006502,426456928,"""Soft Puff""",[-0.2620624303817749],"[0, 1, 0, 0]"
197.580558777,,13310,,1583006502,433934926,"""Soft Puff""",[-0.2512042820453644],"[0, 1, 0, 0]"
197.589001417,,13311,,1583006502,438664913,"""Soft Puff""",[-0.24034611880779266],"[0, 1, 0, 0]"
197.594971418,,13312,,1583006502,447179079,"""Soft Puff""",[-0.2295200675725937],"[0, 1, 0, 0]"
197.600918293,,13313,,1583006502,453048944,"""Soft Puff""",[-0.21866190433502197],"[0, 1, 0, 0]"
197.606702805,,13314,,1583006502,458987951,"""Soft Puff""",[-0.20780374109745026],"[0, 1, 0, 0]"
197.613359928,,13315,,1583006502,464683055,"""Soft Puff""",[-0.19694557785987854],"[0, 1, 0, 0]"
197.619529009,,13316,,1583006502,471438884,"""Soft Puff""",[-0.18608741462230682],"[0, 1, 0, 0]"
197.625749111,,13317,,1583006502,477500915,"""Soft Puff""",[-0.17526137828826904],"[0, 1, 0, 0]"
197.631437778,,13318,,1583006502,484034061,"""Soft Puff""",[-0.16440321505069733],"[0, 1, 0, 0]"
197.637003899,,13319,,1583006502,489451885,"""Soft Puff""",[-0.1535450518131256],"[0, 1, 0, 0]"
197.642492294,,13320,,1583006502,494985103,"""Soft Puff""",[-0.1426868885755539],"[0, 1, 0, 0]"
197.649882078,,13321,,1583006502,500713109,"""Soft Puff""",[-0.13182871043682098],"[0, 1, 0, 0]"
197.655588865,,13322,,1583006502,507896900,"""Soft Puff""",[-0.1210026741027832],"[0, 1, 0, 0]"
197.661628485,,13323,,1583006502,513540983,"""Soft Puff""",[-0.11014451086521149],"[0, 1, 0, 0]"
197.66642499,,13324,,1583006502,519613981,"""Soft Puff""",[-0.09928634762763977],"[0, 1, 0, 0]"
197.672966957,,13325,,1583006502,524403095,"""Soft Puff""",[-0.08842818439006805],"[0, 1, 0, 0]"
197.681757212,,13326,,1583006502,531158924,"""Soft Puff""",[-0.07757002115249634],"[0, 1, 0, 0]"
197.687811375,,13327,,1583006502,539736986,"""Soft Puff""",[-0.055885814130306244],"[0, 1, 0, 0]"
197.693916559,,13328,,1583006502,545793056,"""Soft Puff""",[-0.04502765089273453],"[0, 1, 0, 0]"
197.701673746,,13329,,1583006502,551892995,"""Soft Puff""",[-0.03416948765516281],"[0, 1, 0, 0]"
197.707738638,,13330,,1583006502,559834003,"""Soft Puff""",[-0.023311322554945946],"[0, 1, 0, 0]"
197.713735342,,13331,,1583006502,565772056,"""Soft Puff""",[-0.012453158386051655],"[0, 1, 0, 0]"
197.714919329,,13332,,1583006502,571702957,"""Zero Band""",[-0.0016271184431388974],"[0, 0, 0, 0]"
197.71587038,,13333,,1583006502,572890996,"""Zero Band""",[-0.0],"[0, 0, 0, 0]"
197.716608286,,13334,,1583006502,573822975,"""Zero Band""",[-0.0],"[0, 0, 0, 0]"
197.717316389,,13335,,1583006502,574577093,"""Zero Band""",[-0.0],"[0, 0, 0, 0]"
197.718063593,,13336,,1583006502,575284957,"""Zero Band""",[-0.0],"[0, 0, 0, 0]"
197.718811512,,13337,,1583006502,576138973,"""Zero Band""",[-0.0],"[0, 0, 0, 0]"
197.718908548,,13338,,1583006502,576138973,"""input stopped""",[-0.0],"[0, 0, 0, 0]"
197.965391397,,13339,,1583006502,822207927,"""Zero Band""",[-0.0],"[0, 0, 0, 0]"
197.967915297,,13340,,1583006502,825104951,"""Zero Band""",[-0.0],"[0, 0, 0, 0]"
197.972032785,,13341,,1583006502,829133987,"""Zero Band""",[-0.0],"[0, 0, 0, 0]"
197.976018429,,13342,,1583006502,833147048,"""Zero Band""",[-0.0],"[0, 0, 0, 0]"
197.978048563,,13343,,1583006502,835145950,"""Zero Band""",[-0.0],"[0, 0, 0, 0]"
197.984108448,,13344,,1583006502,841145038,"""Zero Band""",[-0.0016271184431388974],"[0, 0, 0, 0]"
197.990489483,,13345,,1583006502,843108892,"""Soft Puff""",[-0.012453158386051655],"[0, 1, 0, 0]"
197.996931076,,13346,,1583006502,848505020,"""Soft Puff""",[-0.023311322554945946],"[0, 1, 0, 0]"
198.001917601,,13347,,1583006502,854975938,"""Soft Puff""",[-0.03416948765516281],"[0, 1, 0, 0]"
198.007348299,,13348,,1583006502,859913110,"""Soft Puff""",[-0.04502765089273453],"[0, 1, 0, 0]"
198.014266253,,13349,,1583006502,865503072,"""Soft Puff""",[-0.055885814130306244],"[0, 1, 0, 0]"
198.019604445,,13350,,1583006502,872251033,"""Soft Puff""",[-0.06671185791492462],"[0, 1, 0, 0]"
198.024442434,,13351,,1583006502,877584934,"""Soft Puff""",[-0.07757002115249634],"[0, 1, 0, 0]"
198.030050516,,13352,,1583006502,882563114,"""Soft Puff""",[-0.08842818439006805],"[0, 1, 0, 0]"
198.035495281,,13353,,1583006502,888034105,"""Soft Puff""",[-0.09928634762763977],"[0, 1, 0, 0]"
198.041730642,,13354,,1583006502,893476963,"""Soft Puff""",[-0.11014451086521149],"[0, 1, 0, 0]"
198.046022177,,13355,,1583006502,899720907,"""Soft Puff""",[-0.1210026741027832],"[0, 1, 0, 0]"
198.053654432,,13356,,1583006502,904102087,"""Soft Puff""",[-0.13182871043682098],"[0, 1, 0, 0]"
198.060141087,,13357,,1583006502,911835908,"""Soft Puff""",[-0.1426868885755539],"[0, 1, 0, 0]"
198.06563139,,13358,,1583006502,918112039,"""Soft Puff""",[-0.1535450518131256],"[0, 1, 0, 0]"
198.07237649,,13359,,1583006502,923612117,"""Soft Puff""",[-0.16440321505069733],"[0, 1, 0, 0]"
198.077981949,,13360,,1583006502,930430889,"""Soft Puff""",[-0.17526137828826904],"[0, 1, 0, 0]"
198.083476305,,13361,,1583006502,935693025,"""Soft Puff""",[-0.18608741462230682],"[0, 1, 0, 0]"
198.090129852,,13362,,1583006502,941581010,"""Soft Puff""",[-0.19694557785987854],"[0, 1, 0, 0]"
198.09513092,,13363,,1583006502,948148012,"""Soft Puff""",[-0.20780374109745026],"[0, 1, 0, 0]"
198.102030754,,13364,,1583006502,953120946,"""Soft Puff""",[-0.21866190433502197],"[0, 1, 0, 0]"
198.108340263,,13365,,1583006502,960086107,"""Soft Puff""",[-0.2295200675725937],"[0, 1, 0, 0]"
198.114519835,,13366,,1583006502,966111898,"""Soft Puff""",[-0.24034611880779266],"[0, 1, 0, 0]"
198.121349573,,13367,,1583006502,972680091,"""Soft Puff""",[-0.2512042820453644],"[0, 1, 0, 0]"
198.126219273,,13368,,1583006502,979027032,"""Soft Puff""",[-0.2620624303817749],"[0, 1, 0, 0]"
198.131877899,,13369,,1583006502,984302043,"""Soft Puff""",[-0.2729206085205078],"[0, 1, 0, 0]"
198.137144566,,13370,,1583006502,989960908,"""Soft Puff""",[-0.28377875685691833],"[0, 1, 0, 0]"
198.141835213,,13371,,1583006502,995121002,"""Soft Puff""",[-0.29463693499565125],"[0, 1, 0, 0]"
198.142992735,,13372,,1583006502,999872922,"""Soft-Hard Puff Deadband""",[-0.3054629862308502],"[0, 0, 0, 0]"
198.148318291,,13373,,1583006503,5203962,"""Soft-Hard Puff Deadband""",[-0.31632113456726074],"[0, 0, 0, 0]"
198.160862446,,13374,,1583006503,17270088,"""Soft-Hard Puff Deadband""",[-0.32717931270599365],"[0, 0, 0, 0]"
198.168071508,,13375,,1583006503,25182962,"""Soft-Hard Puff Deadband""",[-0.3380374610424042],"[0, 0, 0, 0]"
198.180370331,,13376,,1583006503,37239074,"""Soft-Hard Puff Deadband""",[-0.3488956391811371],"[0, 0, 0, 0]"
198.188155651,,13377,,1583006503,45213937,"""Soft-Hard Puff Deadband""",[-0.35972166061401367],"[0, 0, 0, 0]"
198.200558186,,13378,,1583006503,57234048,"""Soft-Hard Puff Deadband""",[-0.3705798387527466],"[0, 0, 0, 0]"
198.212299109,,13379,,1583006503,69180011,"""Soft-Hard Puff Deadband""",[-0.3814379870891571],"[0, 0, 0, 0]"
198.226800203,,13380,,1583006503,83364963,"""Soft-Hard Puff Deadband""",[-0.39229616522789],"[0, 0, 0, 0]"
198.232344866,,13381,,1583006503,89164018,"""Soft-Hard Puff Deadband""",[-0.4031543433666229],"[0, 0, 0, 0]"
198.240347147,,13382,,1583006503,97172975,"""Soft-Hard Puff Deadband""",[-0.41401249170303345],"[0, 0, 0, 0]"
198.246036768,,13383,,1583006503,103210926,"""Soft-Hard Puff Deadband""",[-0.4248385429382324],"[0, 0, 0, 0]"
198.256283283,,13384,,1583006503,113198041,"""Soft-Hard Puff Deadband""",[-0.43569669127464294],"[0, 0, 0, 0]"
198.26232028,,13385,,1583006503,119230031,"""Soft-Hard Puff Deadband""",[-0.44655486941337585],"[0, 0, 0, 0]"
198.263889074,,13386,,1583006503,121134042,"""Soft-Hard Puff Deadband""",[-0.4574130177497864],"[0, 0, 0, 0]"
198.278520346,,13387,,1583006503,135299921,"""Soft-Hard Puff Deadband""",[-0.4682711958885193],"[0, 0, 0, 0]"
198.296169281,,13388,,1583006503,153215885,"""Soft-Hard Puff Deadband""",[-0.4790972173213959],"[0, 0, 0, 0]"
198.306333303,,13389,,1583006503,163201093,"""Soft-Hard Puff Deadband""",[-0.4899553954601288],"[0, 0, 0, 0]"
198.320551157,,13390,,1583006503,173202037,"""Zero Band""",[-0.5008135437965393],"[0, 0, 0, 0]"
198.331614256,,13391,,1583006503,183248043,"""Zero Band""",[-0.5116717219352722],"[0, 0, 0, 0]"
198.344758034,,13392,,1583006503,197187900,"""Zero Band""",[-0.5225299000740051],"[0, 0, 0, 0]"
198.363085508,,13393,,1583006503,215251922,"""Zero Band""",[-0.5333559513092041],"[0, 0, 0, 0]"
198.383361816,,13394,,1583006503,233203887,"""Zero Band""",[-0.5442140698432922],"[0, 0, 0, 0]"
198.398485184,,13395,,1583006503,249224901,"""Zero Band""",[-0.5550722479820251],"[0, 0, 0, 0]"
198.405422211,,13396,,1583006503,257172107,"""Zero Band""",[-0.5659304261207581],"[0, 0, 0, 0]"
198.416152239,,13397,,1583006503,267189979,"""Zero Band""",[-0.576788604259491],"[0, 0, 0, 0]"
198.430773258,,13398,,1583006503,283248901,"""Zero Band""",[-0.5876467227935791],"[0, 0, 0, 0]"
198.440819025,,13399,,1583006503,293246984,"""Zero Band""",[-0.5984727740287781],"[0, 0, 0, 0]"
198.454813242,,13400,,1583006503,307322025,"""Zero Band""",[-0.609330952167511],"[0, 0, 0, 0]"
198.472915649,,13401,,1583006503,325202941,"""Zero Band""",[-0.6201891303062439],"[0, 0, 0, 0]"
198.487977982,,13402,,1583006503,339371919,"""Zero Band""",[-0.6310473084449768],"[0, 0, 0, 0]"
198.493856668,,13403,,1583006503,347153902,"""Zero Band""",[-0.6201891303062439],"[0, 0, 0, 0]"
198.498395681,,13404,,1583006503,351932048,"""Zero Band""",[-0.6310473084449768],"[0, 0, 0, 0]"
198.513367414,,13405,,1583006503,365494966,"""Zero Band""",[-0.6201891303062439],"[0, 0, 0, 0]"
198.51886344,,13406,,1583006503,371440887,"""Zero Band""",[-0.6310473084449768],"[0, 0, 0, 0]"
198.524560928,,13407,,1583006503,376944065,"""Zero Band""",[-0.6201891303062439],"[0, 0, 0, 0]"
198.532259703,,13408,,1583006503,385158061,"""Zero Band""",[-0.609330952167511],"[0, 0, 0, 0]"
198.539932251,,13409,,1583006503,391154050,"""Zero Band""",[-0.5984727740287781],"[0, 0, 0, 0]"
198.545970917,,13410,,1583006503,398013114,"""Zero Band""",[-0.5876467227935791],"[0, 0, 0, 0]"
198.551902771,,13411,,1583006503,404093980,"""Zero Band""",[-0.576788604259491],"[0, 0, 0, 0]"
198.557543278,,13412,,1583006503,409992933,"""Zero Band""",[-0.5659304261207581],"[0, 0, 0, 0]"
198.564680576,,13413,,1583006503,415746927,"""Zero Band""",[-0.5550722479820251],"[0, 0, 0, 0]"
198.569727659,,13414,,1583006503,422743082,"""Zero Band""",[-0.5442140698432922],"[0, 0, 0, 0]"
198.576716423,,13415,,1583006503,427849054,"""Zero Band""",[-0.5333559513092041],"[0, 0, 0, 0]"
198.583006859,,13416,,1583006503,434751987,"""Zero Band""",[-0.5225299000740051],"[0, 0, 0, 0]"
198.588457823,,13417,,1583006503,441050052,"""Zero Band""",[-0.5116717219352722],"[0, 0, 0, 0]"
198.59431386,,13418,,1583006503,446543931,"""Zero Band""",[-0.5008135437965393],"[0, 0, 0, 0]"
198.595104694,,13419,,1583006503,452292919,"""Soft-Hard Puff Deadband""",[-0.4899553954601288],"[0, 0, 0, 0]"
198.595803976,,13420,,1583006503,453105926,"""Soft-Hard Puff Deadband""",[-0.4790972173213959],"[0, 0, 0, 0]"
198.596491337,,13421,,1583006503,453782081,"""Soft-Hard Puff Deadband""",[-0.4682711958885193],"[0, 0, 0, 0]"
198.597206593,,13422,,1583006503,454535961,"""Soft-Hard Puff Deadband""",[-0.4574130177497864],"[0, 0, 0, 0]"
198.598069906,,13423,,1583006503,455285072,"""Soft-Hard Puff Deadband""",[-0.43569669127464294],"[0, 0, 0, 0]"
198.59877491,,13424,,1583006503,455996036,"""Soft-Hard Puff Deadband""",[-0.4248385429382324],"[0, 0, 0, 0]"
198.599557638,,13425,,1583006503,456821918,"""Soft-Hard Puff Deadband""",[-0.41401249170303345],"[0, 0, 0, 0]"
198.600313902,,13426,,1583006503,457581043,"""Soft-Hard Puff Deadband""",[-0.39229616522789],"[0, 0, 0, 0]"
198.601910353,,13427,,1583006503,459135055,"""Soft-Hard Puff Deadband""",[-0.3814379870891571],"[0, 0, 0, 0]"
198.608543396,,13428,,1583006503,465198040,"""Soft-Hard Puff Deadband""",[-0.3705798387527466],"[0, 0, 0, 0]"
198.610183954,,13429,,1583006503,467170953,"""Soft-Hard Puff Deadband""",[-0.35972166061401367],"[0, 0, 0, 0]"
198.614092112,,13430,,1583006503,471162080,"""Soft-Hard Puff Deadband""",[-0.3488956391811371],"[0, 0, 0, 0]"
198.6159091,,13431,,1583006503,473125934,"""Soft-Hard Puff Deadband""",[-0.3380374610424042],"[0, 0, 0, 0]"
198.617868423,,13432,,1583006503,475102901,"""Soft-Hard Puff Deadband""",[-0.32717931270599365],"[0, 0, 0, 0]"
198.619895458,,13433,,1583006503,477121114,"""Soft-Hard Puff Deadband""",[-0.31632113456726074],"[0, 0, 0, 0]"
198.624101162,,13434,,1583006503,481138944,"""Soft-Hard Puff Deadband""",[-0.3054629862308502],"[0, 0, 0, 0]"
198.63041091,,13435,,1583006503,483253002,"""Soft Puff""",[-0.29463693499565125],"[0, 1, 0, 0]"
198.635865927,,13436,,1583006503,488460063,"""Soft Puff""",[-0.28377875685691833],"[0, 1, 0, 0]"
198.641013145,,13437,,1583006503,493916034,"""Soft Puff""",[-0.2729206085205078],"[0, 1, 0, 0]"
198.646817923,,13438,,1583006503,499171972,"""Soft Puff""",[-0.2620624303817749],"[0, 1, 0, 0]"
198.651731253,,13439,,1583006503,504815101,"""Soft Puff""",[-0.2512042820453644],"[0, 1, 0, 0]"
198.657371283,,13440,,1583006503,509793996,"""Soft Puff""",[-0.2295200675725937],"[0, 1, 0, 0]"
198.663004637,,13441,,1583006503,515444040,"""Soft Puff""",[-0.21866190433502197],"[0, 1, 0, 0]"
198.668586731,,13442,,1583006503,520984888,"""Soft Puff""",[-0.20780374109745026],"[0, 1, 0, 0]"
198.674718618,,13443,,1583006503,526591062,"""Soft Puff""",[-0.19694557785987854],"[0, 1, 0, 0]"
198.68145895,,13444,,1583006503,532862901,"""Soft Puff""",[-0.18608741462230682],"[0, 1, 0, 0]"
198.686085939,,13445,,1583006503,539557933,"""Soft Puff""",[-0.17526137828826904],"[0, 1, 0, 0]"
198.692458391,,13446,,1583006503,544060945,"""Soft Puff""",[-0.16440321505069733],"[0, 1, 0, 0]"
198.698536873,,13447,,1583006503,550435066,"""Soft Puff""",[-0.1535450518131256],"[0, 1, 0, 0]"
198.704464674,,13448,,1583006503,556613922,"""Soft Puff""",[-0.1426868885755539],"[0, 1, 0, 0]"
198.710602522,,13449,,1583006503,562587022,"""Soft Puff""",[-0.13182871043682098],"[0, 1, 0, 0]"
198.716016293,,13450,,1583006503,568582057,"""Soft Puff""",[-0.1210026741027832],"[0, 1, 0, 0]"
198.720624447,,13451,,1583006503,574084043,"""Soft Puff""",[-0.11014451086521149],"[0, 1, 0, 0]"
198.727570534,,13452,,1583006503,578685998,"""Soft Puff""",[-0.1210026741027832],"[0, 1, 0, 0]"
198.733638525,,13453,,1583006503,585640907,"""Soft Puff""",[-0.11014451086521149],"[0, 1, 0, 0]"
198.741550922,,13454,,1583006503,593166112,"""Soft Puff""",[-0.1210026741027832],"[0, 1, 0, 0]"
198.747069359,,13455,,1583006503,599586963,"""Soft Puff""",[-0.11014451086521149],"[0, 1, 0, 0]"
198.752886534,,13456,,1583006503,605154991,"""Soft Puff""",[-0.1210026741027832],"[0, 1, 0, 0]"
198.759330511,,13457,,1583006503,611150026,"""Soft Puff""",[-0.11014451086521149],"[0, 1, 0, 0]"
198.766222,,13458,,1583006503,617615938,"""Soft Puff""",[-0.1210026741027832],"[0, 1, 0, 0]"
198.804451466,,13459,,1583006503,655483961,"""Soft Puff""",[-0.13182871043682098],"[0, 1, 0, 0]"
198.814284086,,13460,,1583006503,665182113,"""Soft Puff""",[-0.1426868885755539],"[0, 1, 0, 0]"
198.821734428,,13461,,1583006503,675183057,"""Soft Puff""",[-0.1535450518131256],"[0, 1, 0, 0]"
198.836590052,,13462,,1583006503,689235925,"""Soft Puff""",[-0.16440321505069733],"[0, 1, 0, 0]"
198.853399277,,13463,,1583006503,705221891,"""Soft Puff""",[-0.17526137828826904],"[0, 1, 0, 0]"
198.868974447,,13464,,1583006503,721241950,"""Soft Puff""",[-0.18608741462230682],"[0, 1, 0, 0]"
198.874796391,,13465,,1583006503,726980924,"""Soft Puff""",[-0.17526137828826904],"[0, 1, 0, 0]"
198.88120532,,13466,,1583006503,732800006,"""Soft Puff""",[-0.18608741462230682],"[0, 1, 0, 0]"
198.994264126,,13467,,1583006503,845293998,"""Soft Puff""",[-0.19694557785987854],"[0, 1, 0, 0]"
199.029701948,,13468,,1583006503,881253957,"""Soft Puff""",[-0.20780374109745026],"[0, 1, 0, 0]"
199.07283783,,13469,,1583006503,925342082,"""Soft Puff""",[-0.21866190433502197],"[0, 1, 0, 0]"
199.12285161,,13470,,1583006503,975275993,"""Soft Puff""",[-0.2295200675725937],"[0, 1, 0, 0]"
199.243788004,,13471,,1583006504,95232009,"""Soft Puff""",[-0.24034611880779266],"[0, 1, 0, 0]"
199.261510849,,13472,,1583006504,113217115,"""Soft Puff""",[-0.2512042820453644],"[0, 1, 0, 0]"
199.271511078,,13473,,1583006504,123176097,"""Soft Puff""",[-0.2620624303817749],"[0, 1, 0, 0]"
199.29547596,,13474,,1583006504,147300004,"""Soft Puff""",[-0.2729206085205078],"[0, 1, 0, 0]"
199.347317219,,13475,,1583006504,199191093,"""Soft Puff""",[-0.28377875685691833],"[0, 1, 0, 0]"
199.356752157,,13476,,1583006504,209151029,"""Soft Puff""",[-0.29463693499565125],"[0, 1, 0, 0]"
199.38413167,,13477,,1583006504,241184949,"""Soft-Hard Puff Deadband""",[-0.3054629862308502],"[0, 0, 0, 0]"
199.39091301,,13478,,1583006504,243135929,"""Soft Puff""",[-0.29463693499565125],"[0, 1, 0, 0]"
199.392276525,,13479,,1583006504,249176979,"""Soft-Hard Puff Deadband""",[-0.3054629862308502],"[0, 0, 0, 0]"
199.399300098,,13480,,1583006504,251154899,"""Soft Puff""",[-0.29463693499565125],"[0, 1, 0, 0]"
199.400182962,,13481,,1583006504,257373094,"""Soft-Hard Puff Deadband""",[-0.3054629862308502],"[0, 0, 0, 0]"
199.405354977,,13482,,1583006504,258225917,"""Soft Puff""",[-0.29463693499565125],"[0, 1, 0, 0]"
199.40627861,,13483,,1583006504,263377904,"""Soft-Hard Puff Deadband""",[-0.3054629862308502],"[0, 0, 0, 0]"
199.433853865,,13484,,1583006504,285340070,"""Soft Puff""",[-0.29463693499565125],"[0, 1, 0, 0]"
199.434653521,,13485,,1583006504,291909933,"""Soft-Hard Puff Deadband""",[-0.3054629862308502],"[0, 0, 0, 0]"
199.445197821,,13486,,1583006504,297236919,"""Soft Puff""",[-0.29463693499565125],"[0, 1, 0, 0]"
199.446092844,,13487,,1583006504,303301095,"""Soft-Hard Puff Deadband""",[-0.3054629862308502],"[0, 0, 0, 0]"
199.451862335,,13488,,1583006504,305130004,"""Soft Puff""",[-0.29463693499565125],"[0, 1, 0, 0]"
199.460245371,,13489,,1583006504,317184925,"""Soft-Hard Puff Deadband""",[-0.3054629862308502],"[0, 0, 0, 0]"
199.465601683,,13490,,1583006504,319106101,"""Soft Puff""",[-0.29463693499565125],"[0, 1, 0, 0]"
199.466408968,,13491,,1583006504,323662996,"""Soft-Hard Puff Deadband""",[-0.3054629862308502],"[0, 0, 0, 0]"
199.489025116,,13492,,1583006504,345422983,"""Soft-Hard Puff Deadband""",[-0.31632113456726074],"[0, 0, 0, 0]"
199.500211,,13493,,1583006504,357204914,"""Soft-Hard Puff Deadband""",[-0.32717931270599365],"[0, 0, 0, 0]"
199.504077673,,13494,,1583006504,361150979,"""Soft-Hard Puff Deadband""",[-0.31632113456726074],"[0, 0, 0, 0]"
199.506164789,,13495,,1583006504,363135099,"""Soft-Hard Puff Deadband""",[-0.32717931270599365],"[0, 0, 0, 0]"
199.522716284,,13496,,1583006504,379291057,"""Soft-Hard Puff Deadband""",[-0.3380374610424042],"[0, 0, 0, 0]"
199.574604034,,13497,,1583006504,431246995,"""Soft-Hard Puff Deadband""",[-0.32717931270599365],"[0, 0, 0, 0]"
199.618470907,,13498,,1583006504,475191116,"""Soft-Hard Puff Deadband""",[-0.3380374610424042],"[0, 0, 0, 0]"
199.620021105,,13499,,1583006504,477113008,"""Soft-Hard Puff Deadband""",[-0.32717931270599365],"[0, 0, 0, 0]"
199.621909618,,13500,,1583006504,479171991,"""Soft-Hard Puff Deadband""",[-0.3380374610424042],"[0, 0, 0, 0]"
199.66438055,,13501,,1583006504,521271944,"""Soft-Hard Puff Deadband""",[-0.3488956391811371],"[0, 0, 0, 0]"
199.670248032,,13502,,1583006504,527184963,"""Soft-Hard Puff Deadband""",[-0.3380374610424042],"[0, 0, 0, 0]"
199.676262856,,13503,,1583006504,533204078,"""Soft-Hard Puff Deadband""",[-0.3488956391811371],"[0, 0, 0, 0]"
199.698444128,,13504,,1583006504,555291891,"""Soft-Hard Puff Deadband""",[-0.35972166061401367],"[0, 0, 0, 0]"
199.7305758,,13505,,1583006504,587249040,"""Soft-Hard Puff Deadband""",[-0.3705798387527466],"[0, 0, 0, 0]"
199.740105391,,13506,,1583006504,597137928,"""Soft-Hard Puff Deadband""",[-0.35972166061401367],"[0, 0, 0, 0]"
199.741951942,,13507,,1583006504,599128007,"""Soft-Hard Puff Deadband""",[-0.3705798387527466],"[0, 0, 0, 0]"
199.764470339,,13508,,1583006504,621314048,"""Soft-Hard Puff Deadband""",[-0.3814379870891571],"[0, 0, 0, 0]"
199.834634066,,13509,,1583006504,691266059,"""Soft-Hard Puff Deadband""",[-0.3705798387527466],"[0, 0, 0, 0]"
199.852292538,,13510,,1583006504,709201097,"""Soft-Hard Puff Deadband""",[-0.35972166061401367],"[0, 0, 0, 0]"
199.868436337,,13511,,1583006504,725219964,"""Soft-Hard Puff Deadband""",[-0.3488956391811371],"[0, 0, 0, 0]"
199.878771782,,13512,,1583006504,735271930,"""Soft-Hard Puff Deadband""",[-0.3380374610424042],"[0, 0, 0, 0]"
199.886283636,,13513,,1583006504,743182897,"""Soft-Hard Puff Deadband""",[-0.32717931270599365],"[0, 0, 0, 0]"
199.894158602,,13514,,1583006504,751197099,"""Soft-Hard Puff Deadband""",[-0.31632113456726074],"[0, 0, 0, 0]"
199.902364969,,13515,,1583006504,759284973,"""Soft-Hard Puff Deadband""",[-0.3054629862308502],"[0, 0, 0, 0]"
199.91552043,,13516,,1583006504,767267942,"""Soft Puff""",[-0.29463693499565125],"[0, 1, 0, 0]"
199.92119503,,13517,,1583006504,773612022,"""Soft Puff""",[-0.28377875685691833],"[0, 1, 0, 0]"
199.928126097,,13518,,1583006504,779211044,"""Soft Puff""",[-0.2729206085205078],"[0, 1, 0, 0]"
199.933511734,,13519,,1583006504,786165952,"""Soft Puff""",[-0.2620624303817749],"[0, 1, 0, 0]"
199.940402269,,13520,,1583006504,793159008,"""Soft Puff""",[-0.2512042820453644],"[0, 1, 0, 0]"
199.947896004,,13521,,1583006504,798481941,"""Soft Puff""",[-0.24034611880779266],"[0, 1, 0, 0]"
199.95498848,,13522,,1583006504,805928945,"""Soft Puff""",[-0.2295200675725937],"[0, 1, 0, 0]"
199.961169958,,13523,,1583006504,813191890,"""Soft Puff""",[-0.21866190433502197],"[0, 1, 0, 0]"
199.96811676,,13524,,1583006504,821208000,"""Soft Puff""",[-0.20780374109745026],"[0, 1, 0, 0]"
199.983165979,,13525,,1583006504,833230018,"""Soft Puff""",[-0.19694557785987854],"[0, 1, 0, 0]"
199.997442484,,13526,,1583006504,849186897,"""Soft Puff""",[-0.18608741462230682],"[0, 1, 0, 0]"
200.021594286,,13527,,1583006504,873239040,"""Soft Puff""",[-0.17526137828826904],"[0, 1, 0, 0]"
200.033534288,,13528,,1583006504,885220050,"""Soft Puff""",[-0.16440321505069733],"[0, 1, 0, 0]"
200.049400568,,13529,,1583006504,899303913,"""Soft Puff""",[-0.1535450518131256],"[0, 1, 0, 0]"
200.106772184,,13530,,1583006504,959292888,"""Soft Puff""",[-0.16440321505069733],"[0, 1, 0, 0]"
200.130914688,,13531,,1583006504,983309984,"""Soft Puff""",[-0.17526137828826904],"[0, 1, 0, 0]"
200.159371614,,13532,,1583006505,11241912,"""Soft Puff""",[-0.18608741462230682],"[0, 1, 0, 0]"
200.211339951,,13533,,1583006505,61229944,"""Soft Puff""",[-0.17526137828826904],"[0, 1, 0, 0]"
200.235081196,,13534,,1583006505,87259054,"""Soft Puff""",[-0.16440321505069733],"[0, 1, 0, 0]"
200.271351337,,13535,,1583006505,123287916,"""Soft Puff""",[-0.17526137828826904],"[0, 1, 0, 0]"
200.276548624,,13536,,1583006505,129405021,"""Soft Puff""",[-0.16440321505069733],"[0, 1, 0, 0]"
200.281248331,,13537,,1583006505,134601116,"""Soft Puff""",[-0.17526137828826904],"[0, 1, 0, 0]"
200.341497421,,13538,,1583006505,193242073,"""Soft Puff""",[-0.16440321505069733],"[0, 1, 0, 0]"
200.3474195,,13539,,1583006505,199539899,"""Soft Puff""",[-0.17526137828826904],"[0, 1, 0, 0]"
200.354726553,,13540,,1583006505,205450057,"""Soft Puff""",[-0.16440321505069733],"[0, 1, 0, 0]"
200.38066721,,13541,,1583006505,231231927,"""Soft Puff""",[-0.17526137828826904],"[0, 1, 0, 0]"
200.427168131,,13542,,1583006505,279349088,"""Soft Puff""",[-0.18608741462230682],"[0, 1, 0, 0]"
200.450707674,,13543,,1583006505,303298950,"""Soft Puff""",[-0.17526137828826904],"[0, 1, 0, 0]"
200.583672762,,13544,,1583006505,435271024,"""Soft Puff""",[-0.18608741462230682],"[0, 1, 0, 0]"
200.589730978,,13545,,1583006505,441759109,"""Soft Puff""",[-0.17526137828826904],"[0, 1, 0, 0]"
200.595856428,,13546,,1583006505,447784900,"""Soft Puff""",[-0.18608741462230682],"[0, 1, 0, 0]"
200.602231979,,13547,,1583006505,453972101,"""Soft Puff""",[-0.17526137828826904],"[0, 1, 0, 0]"
200.607054234,,13548,,1583006505,460311889,"""Soft Puff""",[-0.18608741462230682],"[0, 1, 0, 0]"
200.612883568,,13549,,1583006505,465056896,"""Soft Puff""",[-0.17526137828826904],"[0, 1, 0, 0]"
200.622794151,,13550,,1583006505,475178956,"""Soft Puff""",[-0.18608741462230682],"[0, 1, 0, 0]"
200.628717899,,13551,,1583006505,480858087,"""Soft Puff""",[-0.17526137828826904],"[0, 1, 0, 0]"
200.645583391,,13552,,1583006505,495285987,"""Soft Puff""",[-0.18608741462230682],"[0, 1, 0, 0]"
200.670084715,,13553,,1583006505,521420955,"""Soft Puff""",[-0.19694557785987854],"[0, 1, 0, 0]"
200.675350428,,13554,,1583006505,528125047,"""Soft Puff""",[-0.18608741462230682],"[0, 1, 0, 0]"
200.681992292,,13555,,1583006505,533413887,"""Soft Puff""",[-0.19694557785987854],"[0, 1, 0, 0]"
200.695523977,,13556,,1583006505,547257900,"""Soft Puff""",[-0.18608741462230682],"[0, 1, 0, 0]"
200.701595068,,13557,,1583006505,553612947,"""Soft Puff""",[-0.19694557785987854],"[0, 1, 0, 0]"
200.707219124,,13558,,1583006505,559659957,"""Soft Puff""",[-0.18608741462230682],"[0, 1, 0, 0]"
200.713354111,,13559,,1583006505,565356016,"""Soft Puff""",[-0.19694557785987854],"[0, 1, 0, 0]"
200.720678091,,13560,,1583006505,573175907,"""Soft Puff""",[-0.18608741462230682],"[0, 1, 0, 0]"
200.725030184,,13561,,1583006505,578762054,"""Soft Puff""",[-0.19694557785987854],"[0, 1, 0, 0]"
200.771585464,,13562,,1583006505,623332023,"""Soft Puff""",[-0.20780374109745026],"[0, 1, 0, 0]"
200.777662039,,13563,,1583006505,629662036,"""Soft Puff""",[-0.19694557785987854],"[0, 1, 0, 0]"
200.783134937,,13564,,1583006505,635783910,"""Soft Puff""",[-0.20780374109745026],"[0, 1, 0, 0]"
200.831412792,,13565,,1583006505,683247089,"""Soft Puff""",[-0.21866190433502197],"[0, 1, 0, 0]"
200.885427475,,13566,,1583006505,723830938,"""Soft Puff""",[-0.21866190433502197],"[0, 1, 0, 0]"
200.888481379,,13567,,1583006505,738867044,"""Soft Puff""",[-0.20780374109745026],"[0, 1, 0, 0]"
200.950705767,,13568,,1583006505,801266908,"""Soft Puff""",[-0.21866190433502197],"[0, 1, 0, 0]"
200.955436945,,13569,,1583006505,808758020,"""Soft Puff""",[-0.20780374109745026],"[0, 1, 0, 0]"
200.960031509,,13570,,1583006505,813477039,"""Soft Puff""",[-0.21866190433502197],"[0, 1, 0, 0]"
200.966808796,,13571,,1583006505,818104028,"""Soft Puff""",[-0.20780374109745026],"[0, 1, 0, 0]"
200.972635269,,13572,,1583006505,824889898,"""Soft Puff""",[-0.21866190433502197],"[0, 1, 0, 0]"
200.978489637,,13573,,1583006505,830683946,"""Soft Puff""",[-0.20780374109745026],"[0, 1, 0, 0]"
200.999216318,,13574,,1583006505,851250886,"""Soft Puff""",[-0.19694557785987854],"[0, 1, 0, 0]"
201.00591445,,13575,,1583006505,857255935,"""Soft Puff""",[-0.20780374109745026],"[0, 1, 0, 0]"
201.012461424,,13576,,1583006505,863964080,"""Soft Puff""",[-0.19694557785987854],"[0, 1, 0, 0]"
201.040571928,,13577,,1583006505,891277074,"""Soft Puff""",[-0.18608741462230682],"[0, 1, 0, 0]"
201.047114611,,13578,,1583006505,898751020,"""Soft Puff""",[-0.19694557785987854],"[0, 1, 0, 0]"
201.052831888,,13579,,1583006505,905153989,"""Soft Puff""",[-0.18608741462230682],"[0, 1, 0, 0]"
201.074853659,,13580,,1583006505,927308082,"""Soft Puff""",[-0.19694557785987854],"[0, 1, 0, 0]"
201.080998182,,13581,,1583006505,932921886,"""Soft Puff""",[-0.18608741462230682],"[0, 1, 0, 0]"
201.085651398,,13582,,1583006505,939063072,"""Soft Puff""",[-0.19694557785987854],"[0, 1, 0, 0]"
201.090893269,,13583,,1583006505,943681955,"""Soft Puff""",[-0.18608741462230682],"[0, 1, 0, 0]"
201.097924709,,13584,,1583006505,948868036,"""Soft Puff""",[-0.19694557785987854],"[0, 1, 0, 0]"
201.103628635,,13585,,1583006505,956013917,"""Soft Puff""",[-0.18608741462230682],"[0, 1, 0, 0]"
201.110320807,,13586,,1583006505,961700916,"""Soft Puff""",[-0.19694557785987854],"[0, 1, 0, 0]"
201.117253065,,13587,,1583006505,969387054,"""Soft Puff""",[-0.20780374109745026],"[0, 1, 0, 0]"
201.163334131,,13588,,1583006506,13220071,"""Soft Puff""",[-0.21866190433502197],"[0, 1, 0, 0]"
201.168976545,,13589,,1583006506,21429061,"""Soft Puff""",[-0.20780374109745026],"[0, 1, 0, 0]"
201.174370527,,13590,,1583006506,27040004,"""Soft Puff""",[-0.21866190433502197],"[0, 1, 0, 0]"
201.181395769,,13591,,1583006506,33163070,"""Soft Puff""",[-0.2295200675725937],"[0, 1, 0, 0]"
201.374577045,,13592,,1583006506,227233886,"""Soft Puff""",[-0.24034611880779266],"[0, 1, 0, 0]"
201.37989974,,13593,,1583006506,232635974,"""Soft Puff""",[-0.2295200675725937],"[0, 1, 0, 0]"
201.386253119,,13594,,1583006506,237900972,"""Soft Puff""",[-0.24034611880779266],"[0, 1, 0, 0]"
201.415185452,,13595,,1583006506,265233993,"""Soft Puff""",[-0.2512042820453644],"[0, 1, 0, 0]"
201.43073082,,13596,,1583006506,281516075,"""Soft Puff""",[-0.2620624303817749],"[0, 1, 0, 0]"
201.446445942,,13597,,1583006506,297269105,"""Soft Puff""",[-0.2729206085205078],"[0, 1, 0, 0]"
201.458981037,,13598,,1583006506,311209917,"""Soft Puff""",[-0.28377875685691833],"[0, 1, 0, 0]"
201.463591576,,13599,,1583006506,317044973,"""Soft Puff""",[-0.2729206085205078],"[0, 1, 0, 0]"
201.469722748,,13600,,1583006506,321747064,"""Soft Puff""",[-0.28377875685691833],"[0, 1, 0, 0]"
201.480833292,,13601,,1583006506,333192110,"""Soft Puff""",[-0.29463693499565125],"[0, 1, 0, 0]"
201.486308098,,13602,,1583006506,338903903,"""Soft Puff""",[-0.28377875685691833],"[0, 1, 0, 0]"
201.49258852,,13603,,1583006506,344413042,"""Soft Puff""",[-0.29463693499565125],"[0, 1, 0, 0]"
201.512498856,,13604,,1583006506,369256973,"""Soft-Hard Puff Deadband""",[-0.3054629862308502],"[0, 0, 0, 0]"
201.53824234,,13605,,1583006506,395212888,"""Soft-Hard Puff Deadband""",[-0.31632113456726074],"[0, 0, 0, 0]"
201.540038347,,13606,,1583006506,397142887,"""Soft-Hard Puff Deadband""",[-0.3054629862308502],"[0, 0, 0, 0]"
201.544484377,,13607,,1583006506,401189088,"""Soft-Hard Puff Deadband""",[-0.31632113456726074],"[0, 0, 0, 0]"
201.564495087,,13608,,1583006506,421264886,"""Soft-Hard Puff Deadband""",[-0.32717931270599365],"[0, 0, 0, 0]"
201.570274591,,13609,,1583006506,427196025,"""Soft-Hard Puff Deadband""",[-0.31632113456726074],"[0, 0, 0, 0]"
201.572030783,,13610,,1583006506,429148912,"""Soft-Hard Puff Deadband""",[-0.32717931270599365],"[0, 0, 0, 0]"
201.600568533,,13611,,1583006506,457259893,"""Soft-Hard Puff Deadband""",[-0.3380374610424042],"[0, 0, 0, 0]"
201.632235527,,13612,,1583006506,489213943,"""Soft-Hard Puff Deadband""",[-0.3488956391811371],"[0, 0, 0, 0]"
201.652434111,,13613,,1583006506,509206056,"""Soft-Hard Puff Deadband""",[-0.35972166061401367],"[0, 0, 0, 0]"
201.670516014,,13614,,1583006506,527266979,"""Soft-Hard Puff Deadband""",[-0.3705798387527466],"[0, 0, 0, 0]"
201.708288193,,13615,,1583006506,565232992,"""Soft-Hard Puff Deadband""",[-0.3814379870891571],"[0, 0, 0, 0]"
201.760483503,,13616,,1583006506,617219924,"""Soft-Hard Puff Deadband""",[-0.39229616522789],"[0, 0, 0, 0]"
201.768293381,,13617,,1583006506,625242948,"""Soft-Hard Puff Deadband""",[-0.3814379870891571],"[0, 0, 0, 0]"
201.769937992,,13618,,1583006506,627159118,"""Soft-Hard Puff Deadband""",[-0.39229616522789],"[0, 0, 0, 0]"
201.771962881,,13619,,1583006506,629127025,"""Soft-Hard Puff Deadband""",[-0.3814379870891571],"[0, 0, 0, 0]"
201.78015995,,13620,,1583006506,637201070,"""Soft-Hard Puff Deadband""",[-0.39229616522789],"[0, 0, 0, 0]"
201.834815264,,13621,,1583006506,691284894,"""Soft-Hard Puff Deadband""",[-0.3814379870891571],"[0, 0, 0, 0]"
201.856612444,,13622,,1583006506,713262081,"""Soft-Hard Puff Deadband""",[-0.3705798387527466],"[0, 0, 0, 0]"
201.858177423,,13623,,1583006506,715178012,"""Soft-Hard Puff Deadband""",[-0.3814379870891571],"[0, 0, 0, 0]"
201.860289097,,13624,,1583006506,717179059,"""Soft-Hard Puff Deadband""",[-0.3705798387527466],"[0, 0, 0, 0]"
201.874634981,,13625,,1583006506,731262922,"""Soft-Hard Puff Deadband""",[-0.35972166061401367],"[0, 0, 0, 0]"
201.886807203,,13626,,1583006506,743305921,"""Soft-Hard Puff Deadband""",[-0.3488956391811371],"[0, 0, 0, 0]"
201.906541824,,13627,,1583006506,763211011,"""Soft-Hard Puff Deadband""",[-0.3380374610424042],"[0, 0, 0, 0]"
201.912090302,,13628,,1583006506,769180059,"""Soft-Hard Puff Deadband""",[-0.32717931270599365],"[0, 0, 0, 0]"
201.926282883,,13629,,1583006506,783282995,"""Soft-Hard Puff Deadband""",[-0.31632113456726074],"[0, 0, 0, 0]"
201.932370663,,13630,,1583006506,789216995,"""Soft-Hard Puff Deadband""",[-0.3054629862308502],"[0, 0, 0, 0]"
201.947334051,,13631,,1583006506,799230098,"""Soft Puff""",[-0.29463693499565125],"[0, 1, 0, 0]"
201.953936815,,13632,,1583006506,807178020,"""Soft Puff""",[-0.28377875685691833],"[0, 1, 0, 0]"
201.963799953,,13633,,1583006506,815205097,"""Soft Puff""",[-0.2729206085205078],"[0, 1, 0, 0]"
201.973089218,,13634,,1583006506,825177907,"""Soft Puff""",[-0.2620624303817749],"[0, 1, 0, 0]"
201.983714104,,13635,,1583006506,835257053,"""Soft Puff""",[-0.2512042820453644],"[0, 1, 0, 0]"
201.998557091,,13636,,1583006506,849201917,"""Soft Puff""",[-0.24034611880779266],"[0, 1, 0, 0]"
202.006625414,,13637,,1583006506,859168052,"""Soft Puff""",[-0.2295200675725937],"[0, 1, 0, 0]"
202.019310951,,13638,,1583006506,871220111,"""Soft Puff""",[-0.21866190433502197],"[0, 1, 0, 0]"
202.043945312,,13639,,1583006506,895281076,"""Soft Puff""",[-0.20780374109745026],"[0, 1, 0, 0]"
202.066483498,,13640,,1583006506,919276952,"""Soft Puff""",[-0.19694557785987854],"[0, 1, 0, 0]"
202.089985847,,13641,,1583006506,941288948,"""Soft Puff""",[-0.18608741462230682],"[0, 1, 0, 0]"
202.111556768,,13642,,1583006506,963407993,"""Soft Puff""",[-0.17526137828826904],"[0, 1, 0, 0]"
202.117272615,,13643,,1583006506,969568014,"""Soft Puff""",[-0.18608741462230682],"[0, 1, 0, 0]"
202.123315334,,13644,,1583006506,975325107,"""Soft Puff""",[-0.17526137828826904],"[0, 1, 0, 0]"
202.241687298,,13645,,1583006507,93350887,"""Soft Puff""",[-0.18608741462230682],"[0, 1, 0, 0]"
202.247683525,,13646,,1583006507,99781990,"""Soft Puff""",[-0.17526137828826904],"[0, 1, 0, 0]"
202.268520832,,13647,,1583006507,119381904,"""Soft Puff""",[-0.18608741462230682],"[0, 1, 0, 0]"
202.27679038,,13648,,1583006507,127208948,"""Soft Puff""",[-0.17526137828826904],"[0, 1, 0, 0]"
202.283675909,,13649,,1583006507,134869098,"""Soft Puff""",[-0.18608741462230682],"[0, 1, 0, 0]"
202.288458109,,13650,,1583006507,141740083,"""Soft Puff""",[-0.17526137828826904],"[0, 1, 0, 0]"
202.293142796,,13651,,1583006507,146507978,"""Soft Puff""",[-0.18608741462230682],"[0, 1, 0, 0]"
202.334600925,,13652,,1583006507,187230110,"""Soft Puff""",[-0.19694557785987854],"[0, 1, 0, 0]"
202.3660779,,13653,,1583006507,215223073,"""Soft Puff""",[-0.20780374109745026],"[0, 1, 0, 0]"
202.372838497,,13654,,1583006507,224162101,"""Soft Puff""",[-0.19694557785987854],"[0, 1, 0, 0]"
202.377735376,,13655,,1583006507,230884075,"""Soft Puff""",[-0.20780374109745026],"[0, 1, 0, 0]"
202.383453131,,13656,,1583006507,235812902,"""Soft Puff""",[-0.19694557785987854],"[0, 1, 0, 0]"
202.389793396,,13657,,1583006507,241425991,"""Soft Puff""",[-0.20780374109745026],"[0, 1, 0, 0]"
202.495071173,,13658,,1583006507,347263097,"""Soft Puff""",[-0.21866190433502197],"[0, 1, 0, 0]"
202.500831842,,13659,,1583006507,353164911,"""Soft Puff""",[-0.20780374109745026],"[0, 1, 0, 0]"
202.512774944,,13660,,1583006507,365181922,"""Soft Puff""",[-0.21866190433502197],"[0, 1, 0, 0]"
202.518042326,,13661,,1583006507,371157884,"""Soft Puff""",[-0.20780374109745026],"[0, 1, 0, 0]"
202.523891449,,13662,,1583006507,376110076,"""Soft Puff""",[-0.21866190433502197],"[0, 1, 0, 0]"
202.529468298,,13663,,1583006507,381937026,"""Soft Puff""",[-0.20780374109745026],"[0, 1, 0, 0]"
202.534191847,,13664,,1583006507,387490034,"""Soft Puff""",[-0.21866190433502197],"[0, 1, 0, 0]"
202.539570332,,13665,,1583006507,392282962,"""Soft Puff""",[-0.20780374109745026],"[0, 1, 0, 0]"
202.54404974,,13666,,1583006507,397634029,"""Soft Puff""",[-0.21866190433502197],"[0, 1, 0, 0]"
202.549551725,,13667,,1583006507,402036905,"""Soft Puff""",[-0.20780374109745026],"[0, 1, 0, 0]"
202.580893755,,13668,,1583006507,433262109,"""Soft Puff""",[-0.19694557785987854],"[0, 1, 0, 0]"
202.622757912,,13669,,1583006507,475222110,"""Soft Puff""",[-0.20780374109745026],"[0, 1, 0, 0]"
202.630046368,,13670,,1583006507,481149911,"""Soft Puff""",[-0.19694557785987854],"[0, 1, 0, 0]"
202.636327028,,13671,,1583006507,488120079,"""Soft Puff""",[-0.20780374109745026],"[0, 1, 0, 0]"
202.642151117,,13672,,1583006507,495184898,"""Soft Puff""",[-0.19694557785987854],"[0, 1, 0, 0]"
202.648735762,,13673,,1583006507,500212907,"""Soft Puff""",[-0.20780374109745026],"[0, 1, 0, 0]"
202.655530691,,13674,,1583006507,506788015,"""Soft Puff""",[-0.19694557785987854],"[0, 1, 0, 0]"
202.662969351,,13675,,1583006507,513571977,"""Soft Puff""",[-0.20780374109745026],"[0, 1, 0, 0]"
202.667640924,,13676,,1583006507,521040916,"""Soft Puff""",[-0.19694557785987854],"[0, 1, 0, 0]"
202.672106028,,13677,,1583006507,525615930,"""Soft Puff""",[-0.20780374109745026],"[0, 1, 0, 0]"
202.677008867,,13678,,1583006507,530164957,"""Soft Puff""",[-0.19694557785987854],"[0, 1, 0, 0]"
202.690182924,,13679,,1583006507,541296958,"""Soft Puff""",[-0.18608741462230682],"[0, 1, 0, 0]"
202.718116999,,13680,,1583006507,569189071,"""Soft Puff""",[-0.17526137828826904],"[0, 1, 0, 0]"
202.723800898,,13681,,1583006507,576289892,"""Soft Puff""",[-0.18608741462230682],"[0, 1, 0, 0]"
202.728890657,,13682,,1583006507,581918001,"""Soft Puff""",[-0.17526137828826904],"[0, 1, 0, 0]"
202.776417971,,13683,,1583006507,629242897,"""Soft Puff""",[-0.18608741462230682],"[0, 1, 0, 0]"
202.783968687,,13684,,1583006507,634474039,"""Soft Puff""",[-0.17526137828826904],"[0, 1, 0, 0]"
202.789030552,,13685,,1583006507,642132043,"""Soft Puff""",[-0.18608741462230682],"[0, 1, 0, 0]"
202.793587685,,13686,,1583006507,647088050,"""Soft Puff""",[-0.17526137828826904],"[0, 1, 0, 0]"
202.800212383,,13687,,1583006507,651678085,"""Soft Puff""",[-0.18608741462230682],"[0, 1, 0, 0]"
202.805543423,,13688,,1583006507,658236026,"""Soft Puff""",[-0.17526137828826904],"[0, 1, 0, 0]"
202.828724146,,13689,,1583006507,681248903,"""Soft Puff""",[-0.16440321505069733],"[0, 1, 0, 0]"
202.855821133,,13690,,1583006507,707278966,"""Soft Puff""",[-0.17526137828826904],"[0, 1, 0, 0]"
202.861765146,,13691,,1583006507,713881015,"""Soft Puff""",[-0.16440321505069733],"[0, 1, 0, 0]"
202.867861509,,13692,,1583006507,719858884,"""Soft Puff""",[-0.17526137828826904],"[0, 1, 0, 0]"
202.874790907,,13693,,1583006507,725934028,"""Soft Puff""",[-0.16440321505069733],"[0, 1, 0, 0]"
202.931435347,,13694,,1583006507,783253908,"""Soft Puff""",[-0.17526137828826904],"[0, 1, 0, 0]"
202.936711073,,13695,,1583006507,789506912,"""Soft Puff""",[-0.16440321505069733],"[0, 1, 0, 0]"
202.942653656,,13696,,1583006507,794773101,"""Soft Puff""",[-0.17526137828826904],"[0, 1, 0, 0]"
202.968974113,,13697,,1583006507,821223020,"""Zero Band""",[-0.18608741462230682],"[0, 0, 0, 0]"
203.036772728,,13698,,1583006507,887383937,"""Zero Band""",[-0.19694557785987854],"[0, 0, 0, 0]"
203.042036533,,13699,,1583006507,894850969,"""Zero Band""",[-0.18608741462230682],"[0, 0, 0, 0]"
203.046947718,,13700,,1583006507,900110006,"""Zero Band""",[-0.19694557785987854],"[0, 0, 0, 0]"
203.113168001,,13701,,1583006507,965183019,"""Zero Band""",[-0.20780374109745026],"[0, 0, 0, 0]"
203.124409914,,13702,,1583006507,977205991,"""Zero Band""",[-0.21866190433502197],"[0, 0, 0, 0]"
203.130121946,,13703,,1583006507,982323884,"""Zero Band""",[-0.20780374109745026],"[0, 0, 0, 0]"
203.136778355,,13704,,1583006507,988178968,"""Zero Band""",[-0.21866190433502197],"[0, 0, 0, 0]"
203.186443806,,13705,,1583006508,39287090,"""Zero Band""",[-0.2295200675725937],"[0, 0, 0, 0]"
203.194014311,,13706,,1583006508,47174930,"""Zero Band""",[-0.24034611880779266],"[0, 0, 0, 0]"
203.210830927,,13707,,1583006508,61229944,"""Zero Band""",[-0.2512042820453644],"[0, 0, 0, 0]"
203.234780073,,13708,,1583006508,87279081,"""Zero Band""",[-0.24034611880779266],"[0, 0, 0, 0]"
203.242291451,,13709,,1583006508,95259904,"""Zero Band""",[-0.2295200675725937],"[0, 0, 0, 0]"
203.250331163,,13710,,1583006508,100354909,"""Zero Band""",[-0.21866190433502197],"[0, 0, 0, 0]"
203.25544858,,13711,,1583006508,108426094,"""Zero Band""",[-0.20780374109745026],"[0, 0, 0, 0]"
203.260564089,,13712,,1583006508,113610982,"""Zero Band""",[-0.19694557785987854],"[0, 0, 0, 0]"
203.267479181,,13713,,1583006508,118666887,"""Zero Band""",[-0.18608741462230682],"[0, 0, 0, 0]"
203.272889614,,13714,,1583006508,125519990,"""Zero Band""",[-0.17526137828826904],"[0, 0, 0, 0]"
203.27882719,,13715,,1583006508,130966901,"""Zero Band""",[-0.16440321505069733],"[0, 0, 0, 0]"
203.285899401,,13716,,1583006508,136811971,"""Zero Band""",[-0.1426868885755539],"[0, 0, 0, 0]"
203.29081893,,13717,,1583006508,143949985,"""Zero Band""",[-0.1210026741027832],"[0, 0, 0, 0]"
203.295605183,,13718,,1583006508,148926973,"""Zero Band""",[-0.11014451086521149],"[0, 0, 0, 0]"
203.300599098,,13719,,1583006508,153603076,"""Zero Band""",[-0.09928634762763977],"[0, 0, 0, 0]"
203.306023359,,13720,,1583006508,158494949,"""Zero Band""",[-0.08842818439006805],"[0, 0, 0, 0]"
203.312953949,,13721,,1583006508,164027929,"""Zero Band""",[-0.06671185791492462],"[0, 0, 0, 0]"
203.318929434,,13722,,1583006508,170953989,"""Zero Band""",[-0.055885814130306244],"[0, 0, 0, 0]"
203.324610949,,13723,,1583006508,177040100,"""Zero Band""",[-0.04502765089273453],"[0, 0, 0, 0]"
203.330405951,,13724,,1583006508,182596921,"""Zero Band""",[-0.03416948765516281],"[0, 0, 0, 0]"
203.33505559,,13725,,1583006508,188481092,"""Zero Band""",[-0.012453158386051655],"[0, 0, 0, 0]"
203.336182594,,13726,,1583006508,193058967,"""Zero Band""",[-0.0016271184431388974],"[0, 0, 0, 0]"
203.337181807,,13727,,1583006508,194154024,"""Zero Band""",[-0.0],"[0, 0, 0, 0]"
203.337832928,,13728,,1583006508,195005893,"""Zero Band""",[-0.0],"[0, 0, 0, 0]"
203.338549137,,13729,,1583006508,195820093,"""Zero Band""",[-0.0],"[0, 0, 0, 0]"
203.339246273,,13730,,1583006508,196527957,"""Zero Band""",[-0.0],"[0, 0, 0, 0]"
203.340003967,,13731,,1583006508,197246074,"""Zero Band""",[-0.0],"[0, 0, 0, 0]"
203.340811968,,13732,,1583006508,198072910,"""Zero Band""",[-0.0],"[0, 0, 0, 0]"
203.340950251,,13733,,1583006508,198072910,"""input stopped""",[-0.0],"[0, 0, 0, 0]"
203.513679981,,13734,,1583006508,370172977,"""Zero Band""",[-0.0],"[0, 0, 0, 0]"
203.516095161,,13735,,1583006508,373147010,"""Zero Band""",[-0.0],"[0, 0, 0, 0]"
203.51800561,,13736,,1583006508,375180959,"""Zero Band""",[0.0016592431347817183],"[0, 0, 0, 0]"
203.52624321,,13737,,1583006508,379154920,"""Zero Band""",[0.05591794103384018],"[0, 0, 0, 0]"
203.532207966,,13738,,1583006508,384315013,"""Zero Band""",[0.08846031129360199],"[0, 0, 0, 0]"
203.538490057,,13739,,1583006508,390291929,"""Zero Band""",[0.13186083734035492],"[0, 0, 0, 0]"
203.54327035,,13740,,1583006508,396564006,"""Zero Band""",[0.19697770476341248],"[0, 0, 0, 0]"
203.550346136,,13741,,1583006508,401245117,"""Zero Band""",[0.2512364089488983],"[0, 0, 0, 0]"
203.551324368,,13742,,1583006508,408401012,"""Soft-Hard Sip Deadband""",[0.30549511313438416],"[0, 0, 0, 0]"
203.55248332,,13743,,1583006508,409303903,"""Soft-Hard Sip Deadband""",[0.38147011399269104],"[0, 0, 0, 0]"
203.553287268,,13744,,1583006508,410356044,"""Soft-Hard Sip Deadband""",[0.4465869963169098],"[0, 0, 0, 0]"
203.559537411,,13745,,1583006508,411254882,"""Hard Sip""",[0.5225620269775391],"[0, 0, 0, 1]"
203.566319942,,13746,,1583006508,417524099,"""Hard Sip""",[0.6093630790710449],"[0, 0, 0, 1]"
203.570935249,,13747,,1583006508,424294948,"""Hard Sip""",[0.6853380799293518],"[0, 0, 0, 1]"
203.575465202,,13748,,1583006508,428927898,"""Hard Sip""",[0.7613131403923035],"[0, 0, 0, 1]"
203.582006454,,13749,,1583006508,433535099,"""Zero Band""",[0.8589723706245422],"[0, 0, 0, 0]"
203.589982033,,13750,,1583006508,440099000,"""Zero Band""",[0.9349473714828491],"[0, 0, 0, 0]"
203.59594655,,13751,,1583006508,447972059,"""Zero Band""",[1.0],"[0, 0, 0, 0]"
203.894423008,,13752,,1583006508,747210025,"""Zero Band""",[0.978347897529602],"[0, 0, 0, 0]"
203.899731159,,13753,,1583006508,752526998,"""Zero Band""",[0.9132310748100281],"[0, 0, 0, 0]"
203.905325174,,13754,,1583006508,757798910,"""Zero Band""",[0.8372560143470764],"[0, 0, 0, 0]"
203.91207242,,13755,,1583006508,763312101,"""Zero Band""",[0.7613131403923035],"[0, 0, 0, 0]"
203.917990446,,13756,,1583006508,770061016,"""Zero Band""",[0.6961962580680847],"[0, 0, 0, 0]"
203.924284697,,13757,,1583006508,776036024,"""Zero Band""",[0.6310794353485107],"[0, 0, 0, 0]"
203.930224657,,13758,,1583006508,782301902,"""Zero Band""",[0.565962553024292],"[0, 0, 0, 0]"
203.936211109,,13759,,1583006508,788209915,"""Zero Band""",[0.5117038488388062],"[0, 0, 0, 0]"
203.937196732,,13760,,1583006508,794229984,"""Soft-Hard Sip Deadband""",[0.4683033227920532],"[0, 0, 0, 0]"
203.938059807,,13761,,1583006508,795325040,"""Soft-Hard Sip Deadband""",[0.4031864404678345],"[0, 0, 0, 0]"
203.938815117,,13762,,1583006508,796039104,"""Soft-Hard Sip Deadband""",[0.3597537875175476],"[0, 0, 0, 0]"
203.939647675,,13763,,1583006508,796819925,"""Soft-Hard Sip Deadband""",[0.3163532614707947],"[0, 0, 0, 0]"
203.945035219,,13764,,1583006508,797576904,"""Soft Sip""",[0.27295273542404175],"[0, 0, 1, 0]"
203.949586391,,13765,,1583006508,803014993,"""Soft Sip""",[0.22955219447612762],"[0, 0, 1, 0]"
203.954673052,,13766,,1583006508,807571887,"""Soft Sip""",[0.19697770476341248],"[0, 0, 1, 0]"
203.961901426,,13767,,1583006508,812653064,"""Soft Sip""",[0.15357716381549835],"[0, 0, 1, 0]"
203.967361689,,13768,,1583006508,819909095,"""Soft Sip""",[0.12103480100631714],"[0, 0, 1, 0]"
203.97410202,,13769,,1583006508,825432062,"""Soft Sip""",[0.0993184745311737],"[0, 0, 1, 0]"
203.979339838,,13770,,1583006508,832073926,"""Soft Sip""",[0.06674397736787796],"[0, 0, 1, 0]"
203.984853506,,13771,,1583006508,837440013,"""Soft Sip""",[0.03420161083340645],"[0, 0, 1, 0]"
203.992076874,,13772,,1583006508,842838048,"""Soft Sip""",[0.012485282495617867],"[0, 0, 1, 0]"
203.992905617,,13773,,1583006508,849996089,"""Zero Band""",[-0.0],"[0, 0, 0, 0]"
203.993678331,,13774,,1583006508,850897073,"""Zero Band""",[-0.0],"[0, 0, 0, 0]"
203.994438648,,13775,,1583006508,851656913,"""Zero Band""",[-0.0],"[0, 0, 0, 0]"
203.995208025,,13776,,1583006508,852415084,"""Zero Band""",[-0.0],"[0, 0, 0, 0]"
203.995255709,,13777,,1583006508,852415084,"""input stopped""",[-0.0],"[0, 0, 0, 0]"
204.687622786,,13778,,1583006509,544157981,"""Zero Band""",[-0.0],"[0, 0, 0, 0]"
204.69205761,,13779,,1583006509,549187898,"""Zero Band""",[-0.0],"[0, 0, 0, 0]"
204.693936586,,13780,,1583006509,551155090,"""Zero Band""",[-0.0],"[0, 0, 0, 0]"
204.698337317,,13781,,1583006509,555197000,"""Zero Band""",[-0.0],"[0, 0, 0, 0]"
204.699943304,,13782,,1583006509,557152032,"""Zero Band""",[0.0016592431347817183],"[0, 0, 0, 0]"
204.706330538,,13783,,1583006509,559154033,"""Soft Sip""",[0.012485282495617867],"[0, 0, 1, 0]"
204.711835861,,13784,,1583006509,565210103,"""Soft Sip""",[0.03420161083340645],"[0, 0, 1, 0]"
204.719437599,,13785,,1583006509,571187973,"""Soft Sip""",[0.04505977779626846],"[0, 0, 1, 0]"
204.725803614,,13786,,1583006509,577483892,"""Soft Sip""",[0.05591794103384018],"[0, 0, 1, 0]"
204.731579781,,13787,,1583006509,583782911,"""Soft Sip""",[0.06674397736787796],"[0, 0, 1, 0]"
204.738442183,,13788,,1583006509,589750051,"""Soft Sip""",[0.07760214805603027],"[0, 0, 1, 0]"
204.744053841,,13789,,1583006509,596424102,"""Soft Sip""",[0.08846031129360199],"[0, 0, 1, 0]"
204.748753071,,13790,,1583006509,602041006,"""Soft Sip""",[0.0993184745311737],"[0, 0, 1, 0]"
204.753856182,,13791,,1583006509,606731891,"""Soft Sip""",[0.11017663776874542],"[0, 0, 1, 0]"
204.761005402,,13792,,1583006509,611942052,"""Soft Sip""",[0.12103480100631714],"[0, 0, 1, 0]"
204.768263102,,13793,,1583006509,619020938,"""Soft Sip""",[0.13186083734035492],"[0, 0, 1, 0]"
204.774075508,,13794,,1583006509,626236915,"""Soft Sip""",[0.14271900057792664],"[0, 0, 1, 0]"
204.778911352,,13795,,1583006509,632158041,"""Soft Sip""",[0.15357716381549835],"[0, 0, 1, 0]"
204.78415513,,13796,,1583006509,637022972,"""Soft Sip""",[0.16443534195423126],"[0, 0, 1, 0]"
204.789785147,,13797,,1583006509,642164945,"""Soft Sip""",[0.17529350519180298],"[0, 0, 1, 0]"
204.795374632,,13798,,1583006509,647766113,"""Soft Sip""",[0.18611954152584076],"[0, 0, 1, 0]"
204.801702976,,13799,,1583006509,653357028,"""Soft Sip""",[0.19697770476341248],"[0, 0, 1, 0]"
204.80811429,,13800,,1583006509,659868001,"""Soft Sip""",[0.2078358680009842],"[0, 0, 1, 0]"
204.815570354,,13801,,1583006509,666107892,"""Soft Sip""",[0.2186940312385559],"[0, 0, 1, 0]"
204.820615768,,13802,,1583006509,673566102,"""Soft Sip""",[0.22955219447612762],"[0, 0, 1, 0]"
204.825651646,,13803,,1583006509,678484916,"""Soft Sip""",[0.2403782308101654],"[0, 0, 1, 0]"
204.831254482,,13804,,1583006509,683644056,"""Soft Sip""",[0.2512364089488983],"[0, 0, 1, 0]"
204.83808279,,13805,,1583006509,689445972,"""Soft Sip""",[0.26209455728530884],"[0, 0, 1, 0]"
204.843454838,,13806,,1583006509,696063995,"""Soft Sip""",[0.2512364089488983],"[0, 0, 1, 0]"
204.849303961,,13807,,1583006509,701426029,"""Soft Sip""",[0.2403782308101654],"[0, 0, 1, 0]"
204.854868174,,13808,,1583006509,707412958,"""Soft Sip""",[0.22955219447612762],"[0, 0, 1, 0]"
204.861487865,,13809,,1583006509,712830066,"""Soft Sip""",[0.2186940312385559],"[0, 0, 1, 0]"
204.869365931,,13810,,1583006509,719584941,"""Soft Sip""",[0.2078358680009842],"[0, 0, 1, 0]"
204.875193834,,13811,,1583006509,727430105,"""Soft Sip""",[0.19697770476341248],"[0, 0, 1, 0]"
204.880178213,,13812,,1583006509,733171939,"""Soft Sip""",[0.18611954152584076],"[0, 0, 1, 0]"
204.885703564,,13813,,1583006509,738010883,"""Soft Sip""",[0.17529350519180298],"[0, 0, 1, 0]"
204.890332222,,13814,,1583006509,743720054,"""Soft Sip""",[0.16443534195423126],"[0, 0, 1, 0]"
204.896534204,,13815,,1583006509,748429059,"""Soft Sip""",[0.15357716381549835],"[0, 0, 1, 0]"
204.902413607,,13816,,1583006509,754519939,"""Soft Sip""",[0.14271900057792664],"[0, 0, 1, 0]"
204.90787077,,13817,,1583006509,760488033,"""Soft Sip""",[0.13186083734035492],"[0, 0, 1, 0]"
204.91313839,,13818,,1583006509,765952110,"""Soft Sip""",[0.12103480100631714],"[0, 0, 1, 0]"
204.920461893,,13819,,1583006509,771214962,"""Soft Sip""",[0.11017663776874542],"[0, 0, 1, 0]"
204.927399158,,13820,,1583006509,779196023,"""Soft Sip""",[0.0993184745311737],"[0, 0, 1, 0]"
204.938003778,,13821,,1583006509,789350032,"""Soft Sip""",[0.08846031129360199],"[0, 0, 1, 0]"
204.946470499,,13822,,1583006509,797178983,"""Soft Sip""",[0.07760214805603027],"[0, 0, 1, 0]"
204.95373559,,13823,,1583006509,805361032,"""Soft Sip""",[0.06674397736787796],"[0, 0, 1, 0]"
204.958688021,,13824,,1583006509,811825990,"""Soft Sip""",[0.05591794103384018],"[0, 0, 1, 0]"
204.967716217,,13825,,1583006509,819226026,"""Soft Sip""",[0.04505977779626846],"[0, 0, 1, 0]"
204.97951293,,13826,,1583006509,831181049,"""Soft Sip""",[0.03420161083340645],"[0, 0, 1, 0]"
204.988100052,,13827,,1583006509,841171026,"""Soft Sip""",[0.04505977779626846],"[0, 0, 1, 0]"
205.003574133,,13828,,1583006509,853246927,"""Soft Sip""",[0.05591794103384018],"[0, 0, 1, 0]"
205.008811951,,13829,,1583006509,861649036,"""Soft Sip""",[0.06674397736787796],"[0, 0, 1, 0]"
205.014959335,,13830,,1583006509,867212057,"""Soft Sip""",[0.07760214805603027],"[0, 0, 1, 0]"
205.020780087,,13831,,1583006509,873053073,"""Soft Sip""",[0.08846031129360199],"[0, 0, 1, 0]"
205.026565313,,13832,,1583006509,878839015,"""Soft Sip""",[0.0993184745311737],"[0, 0, 1, 0]"
205.03348279,,13833,,1583006509,885189056,"""Soft Sip""",[0.11017663776874542],"[0, 0, 1, 0]"
205.039987087,,13834,,1583006509,891551017,"""Soft Sip""",[0.12103480100631714],"[0, 0, 1, 0]"
205.045553923,,13835,,1583006509,898024082,"""Soft Sip""",[0.13186083734035492],"[0, 0, 1, 0]"
205.051823139,,13836,,1583006509,903598070,"""Soft Sip""",[0.14271900057792664],"[0, 0, 1, 0]"
205.057505608,,13837,,1583006509,909914016,"""Soft Sip""",[0.15357716381549835],"[0, 0, 1, 0]"
205.062953711,,13838,,1583006509,915577888,"""Soft Sip""",[0.16443534195423126],"[0, 0, 1, 0]"
205.06849122,,13839,,1583006509,921051025,"""Soft Sip""",[0.17529350519180298],"[0, 0, 1, 0]"
205.074791193,,13840,,1583006509,927174091,"""Soft Sip""",[0.18611954152584076],"[0, 0, 1, 0]"
205.084473372,,13841,,1583006509,937187910,"""Soft Sip""",[0.19697770476341248],"[0, 0, 1, 0]"
205.090144873,,13842,,1583006509,943195104,"""Soft Sip""",[0.18611954152584076],"[0, 0, 1, 0]"
205.09560895,,13843,,1583006509,948163986,"""Soft Sip""",[0.19697770476341248],"[0, 0, 1, 0]"
205.102185488,,13844,,1583006509,953671932,"""Soft Sip""",[0.18611954152584076],"[0, 0, 1, 0]"
205.110177279,,13845,,1583006509,963211059,"""Soft Sip""",[0.17529350519180298],"[0, 0, 1, 0]"
205.117398262,,13846,,1583006509,969171047,"""Soft Sip""",[0.16443534195423126],"[0, 0, 1, 0]"
205.126905441,,13847,,1583006509,979243993,"""Soft Sip""",[0.15357716381549835],"[0, 0, 1, 0]"
205.155524492,,13848,,1583006510,7312059,"""Soft Sip""",[0.14271900057792664],"[0, 0, 1, 0]"
205.16084981,,13849,,1583006510,13602018,"""Soft Sip""",[0.15357716381549835],"[0, 0, 1, 0]"
205.20056963,,13850,,1583006510,53262948,"""Soft Sip""",[0.16443534195423126],"[0, 0, 1, 0]"
205.216114044,,13851,,1583006510,67301034,"""Soft Sip""",[0.17529350519180298],"[0, 0, 1, 0]"
205.222211599,,13852,,1583006510,74167966,"""Soft Sip""",[0.18611954152584076],"[0, 0, 1, 0]"
205.227784157,,13853,,1583006510,80266952,"""Soft Sip""",[0.19697770476341248],"[0, 0, 1, 0]"
205.232756853,,13854,,1583006510,85850954,"""Soft Sip""",[0.2078358680009842],"[0, 0, 1, 0]"
205.237214804,,13855,,1583006510,90811967,"""Soft Sip""",[0.2186940312385559],"[0, 0, 1, 0]"
205.241840363,,13856,,1583006510,95261096,"""Soft Sip""",[0.22955219447612762],"[0, 0, 1, 0]"
205.249499559,,13857,,1583006510,99967002,"""Soft Sip""",[0.2403782308101654],"[0, 0, 1, 0]"
205.256993771,,13858,,1583006510,107486009,"""Soft Sip""",[0.2512364089488983],"[0, 0, 1, 0]"
205.262439013,,13859,,1583006510,115011930,"""Soft Sip""",[0.26209455728530884],"[0, 0, 1, 0]"
205.268953562,,13860,,1583006510,120496988,"""Soft Sip""",[0.27295273542404175],"[0, 0, 1, 0]"
205.274210691,,13861,,1583006510,127108097,"""Soft Sip""",[0.28381088376045227],"[0, 0, 1, 0]"
205.280755281,,13862,,1583006510,132191896,"""Soft Sip""",[0.2946690618991852],"[0, 0, 1, 0]"
205.28181386,,13863,,1583006510,138757944,"""Soft-Hard Sip Deadband""",[0.30549511313438416],"[0, 0, 0, 0]"
205.282785416,,13864,,1583006510,139837980,"""Soft-Hard Sip Deadband""",[0.3163532614707947],"[0, 0, 0, 0]"
205.28368783,,13865,,1583006510,140794038,"""Soft-Hard Sip Deadband""",[0.3272114396095276],"[0, 0, 0, 0]"
205.284613371,,13866,,1583006510,141671895,"""Soft-Hard Sip Deadband""",[0.3380695879459381],"[0, 0, 0, 0]"
205.285646915,,13867,,1583006510,142584085,"""Soft-Hard Sip Deadband""",[0.348927766084671],"[0, 0, 0, 0]"
205.286582947,,13868,,1583006510,143656015,"""Soft-Hard Sip Deadband""",[0.3597537875175476],"[0, 0, 0, 0]"
205.287468433,,13869,,1583006510,144643068,"""Soft-Hard Sip Deadband""",[0.3706119656562805],"[0, 0, 0, 0]"
205.288162231,,13870,,1583006510,145461082,"""Soft-Hard Sip Deadband""",[0.38147011399269104],"[0, 0, 0, 0]"
205.288848639,,13871,,1583006510,146141052,"""Soft-Hard Sip Deadband""",[0.39232829213142395],"[0, 0, 0, 0]"
205.296105146,,13872,,1583006510,153207063,"""Soft-Hard Sip Deadband""",[0.38147011399269104],"[0, 0, 0, 0]"
205.302570343,,13873,,1583006510,159279108,"""Soft-Hard Sip Deadband""",[0.3706119656562805],"[0, 0, 0, 0]"
205.303955793,,13874,,1583006510,161139011,"""Soft-Hard Sip Deadband""",[0.3597537875175476],"[0, 0, 0, 0]"
205.305887938,,13875,,1583006510,163151979,"""Soft-Hard Sip Deadband""",[0.348927766084671],"[0, 0, 0, 0]"
205.312307119,,13876,,1583006510,169169902,"""Soft-Hard Sip Deadband""",[0.3380695879459381],"[0, 0, 0, 0]"
205.322538614,,13877,,1583006510,179296016,"""Soft-Hard Sip Deadband""",[0.3272114396095276],"[0, 0, 0, 0]"
205.328211308,,13878,,1583006510,185180902,"""Soft-Hard Sip Deadband""",[0.3380695879459381],"[0, 0, 0, 0]"
205.356583118,,13879,,1583006510,213217973,"""Soft-Hard Sip Deadband""",[0.348927766084671],"[0, 0, 0, 0]"
205.368126154,,13880,,1583006510,225200891,"""Soft-Hard Sip Deadband""",[0.3597537875175476],"[0, 0, 0, 0]"
205.394191265,,13881,,1583006510,251214981,"""Soft-Hard Sip Deadband""",[0.3706119656562805],"[0, 0, 0, 0]"
205.428586245,,13882,,1583006510,285257101,"""Soft-Hard Sip Deadband""",[0.38147011399269104],"[0, 0, 0, 0]"
205.432456732,,13883,,1583006510,289254903,"""Soft-Hard Sip Deadband""",[0.3706119656562805],"[0, 0, 0, 0]"
205.434037924,,13884,,1583006510,291181087,"""Soft-Hard Sip Deadband""",[0.38147011399269104],"[0, 0, 0, 0]"
205.435994625,,13885,,1583006510,293148040,"""Soft-Hard Sip Deadband""",[0.3706119656562805],"[0, 0, 0, 0]"
205.460455656,,13886,,1583006510,317214965,"""Soft-Hard Sip Deadband""",[0.3597537875175476],"[0, 0, 0, 0]"
205.47033596,,13887,,1583006510,327282905,"""Soft-Hard Sip Deadband""",[0.348927766084671],"[0, 0, 0, 0]"
205.480766535,,13888,,1583006510,337218999,"""Soft-Hard Sip Deadband""",[0.3380695879459381],"[0, 0, 0, 0]"
205.498687983,,13889,,1583006510,355350971,"""Soft-Hard Sip Deadband""",[0.3272114396095276],"[0, 0, 0, 0]"
205.512933493,,13890,,1583006510,369308948,"""Soft-Hard Sip Deadband""",[0.3163532614707947],"[0, 0, 0, 0]"
205.532520771,,13891,,1583006510,389302968,"""Soft-Hard Sip Deadband""",[0.3272114396095276],"[0, 0, 0, 0]"
205.54015255,,13892,,1583006510,397198915,"""Soft-Hard Sip Deadband""",[0.3380695879459381],"[0, 0, 0, 0]"
205.562591314,,13893,,1583006510,419269084,"""Soft-Hard Sip Deadband""",[0.3272114396095276],"[0, 0, 0, 0]"
205.57016921,,13894,,1583006510,427226066,"""Soft-Hard Sip Deadband""",[0.3163532614707947],"[0, 0, 0, 0]"
205.574157476,,13895,,1583006510,431217908,"""Soft-Hard Sip Deadband""",[0.30549511313438416],"[0, 0, 0, 0]"
205.584615469,,13896,,1583006510,437174081,"""Soft Sip""",[0.2946690618991852],"[0, 0, 1, 0]"
205.589940786,,13897,,1583006510,442687988,"""Soft Sip""",[0.28381088376045227],"[0, 0, 1, 0]"
205.595660686,,13898,,1583006510,448067903,"""Soft Sip""",[0.27295273542404175],"[0, 0, 1, 0]"
205.601329088,,13899,,1583006510,453736066,"""Soft Sip""",[0.2512364089488983],"[0, 0, 1, 0]"
205.608260632,,13900,,1583006510,459398031,"""Soft Sip""",[0.2403782308101654],"[0, 0, 1, 0]"
205.614271879,,13901,,1583006510,466308116,"""Soft Sip""",[0.2186940312385559],"[0, 0, 1, 0]"
205.619805336,,13902,,1583006510,472306013,"""Soft Sip""",[0.2078358680009842],"[0, 0, 1, 0]"
205.626061678,,13903,,1583006510,477786064,"""Soft Sip""",[0.19697770476341248],"[0, 0, 1, 0]"
205.631620169,,13904,,1583006510,484065055,"""Soft Sip""",[0.18611954152584076],"[0, 0, 1, 0]"
205.637522936,,13905,,1583006510,489578962,"""Soft Sip""",[0.17529350519180298],"[0, 0, 1, 0]"
205.64481616,,13906,,1583006510,495652914,"""Soft Sip""",[0.15357716381549835],"[0, 0, 1, 0]"
205.65067625,,13907,,1583006510,502795934,"""Soft Sip""",[0.14271900057792664],"[0, 0, 1, 0]"
205.655472517,,13908,,1583006510,508649110,"""Soft Sip""",[0.13186083734035492],"[0, 0, 1, 0]"
205.661273956,,13909,,1583006510,513437986,"""Soft Sip""",[0.12103480100631714],"[0, 0, 1, 0]"
205.667684793,,13910,,1583006510,519335031,"""Soft Sip""",[0.11017663776874542],"[0, 0, 1, 0]"
205.673261642,,13911,,1583006510,525746107,"""Soft Sip""",[0.12103480100631714],"[0, 0, 1, 0]"
205.681460142,,13912,,1583006510,531234979,"""Soft Sip""",[0.13186083734035492],"[0, 0, 1, 0]"
205.687391043,,13913,,1583006510,539450883,"""Soft Sip""",[0.14271900057792664],"[0, 0, 1, 0]"
205.691888332,,13914,,1583006510,545434951,"""Soft Sip""",[0.15357716381549835],"[0, 0, 1, 0]"
205.696440935,,13915,,1583006510,549921035,"""Soft Sip""",[0.16443534195423126],"[0, 0, 1, 0]"
205.709926367,,13916,,1583006510,561296939,"""Soft Sip""",[0.15357716381549835],"[0, 0, 1, 0]"
205.760438681,,13917,,1583006510,611288070,"""Soft Sip""",[0.14271900057792664],"[0, 0, 1, 0]"
205.769944906,,13918,,1583006510,621184110,"""Soft Sip""",[0.13186083734035492],"[0, 0, 1, 0]"
205.779599428,,13919,,1583006510,631298065,"""Soft Sip""",[0.12103480100631714],"[0, 0, 1, 0]"
205.837646484,,13920,,1583006510,689232110,"""Soft Sip""",[0.13186083734035492],"[0, 0, 1, 0]"
205.850048542,,13921,,1583006510,701216936,"""Soft Sip""",[0.14271900057792664],"[0, 0, 1, 0]"
205.881498814,,13922,,1583006510,733259916,"""Soft Sip""",[0.15357716381549835],"[0, 0, 1, 0]"
205.902338982,,13923,,1583006510,753314971,"""Soft Sip""",[0.16443534195423126],"[0, 0, 1, 0]"
205.912961006,,13924,,1583006510,765228986,"""Soft Sip""",[0.17529350519180298],"[0, 0, 1, 0]"
205.922874928,,13925,,1583006510,775257110,"""Soft Sip""",[0.18611954152584076],"[0, 0, 1, 0]"
205.935471058,,13926,,1583006510,783241033,"""Soft Sip""",[0.19697770476341248],"[0, 0, 1, 0]"
205.942647934,,13927,,1583006510,795190095,"""Soft Sip""",[0.2078358680009842],"[0, 0, 1, 0]"
205.987359285,,13928,,1583006510,839400053,"""Soft Sip""",[0.19697770476341248],"[0, 0, 1, 0]"
206.003055096,,13929,,1583006510,855389118,"""Soft Sip""",[0.18611954152584076],"[0, 0, 1, 0]"
206.028928995,,13930,,1583006510,879262924,"""Soft Sip""",[0.19697770476341248],"[0, 0, 1, 0]"
206.043927908,,13931,,1583006510,895278930,"""Soft Sip""",[0.2078358680009842],"[0, 0, 1, 0]"
206.059903383,,13932,,1583006510,909200906,"""Soft Sip""",[0.2186940312385559],"[0, 0, 1, 0]"
206.081991434,,13933,,1583006510,933469057,"""Soft Sip""",[0.22955219447612762],"[0, 0, 1, 0]"
206.096790075,,13934,,1583006510,947293043,"""Soft Sip""",[0.2186940312385559],"[0, 0, 1, 0]"
206.114272356,,13935,,1583006510,967262983,"""Soft Sip""",[0.22955219447612762],"[0, 0, 1, 0]"
206.122993469,,13936,,1583006510,975259065,"""Soft Sip""",[0.2403782308101654],"[0, 0, 1, 0]"
206.130285978,,13937,,1583006510,983192920,"""Soft Sip""",[0.2512364089488983],"[0, 0, 1, 0]"
206.136239767,,13938,,1583006510,988393068,"""Soft Sip""",[0.26209455728530884],"[0, 0, 1, 0]"
206.141035318,,13939,,1583006510,994312047,"""Soft Sip""",[0.27295273542404175],"[0, 0, 1, 0]"
206.15016675,,13940,,1583006511,1183032,"""Soft Sip""",[0.28381088376045227],"[0, 0, 1, 0]"
206.159469843,,13941,,1583006511,11253118,"""Soft Sip""",[0.2946690618991852],"[0, 0, 1, 0]"
206.191207409,,13942,,1583006511,43354034,"""Soft Sip""",[0.28381088376045227],"[0, 0, 1, 0]"
206.20659256,,13943,,1583006511,59228897,"""Soft Sip""",[0.27295273542404175],"[0, 0, 1, 0]"
206.226561546,,13944,,1583006511,79348087,"""Soft Sip""",[0.28381088376045227],"[0, 0, 1, 0]"
206.236801624,,13945,,1583006511,89358091,"""Soft Sip""",[0.2946690618991852],"[0, 0, 1, 0]"
206.240235329,,13946,,1583006511,97184896,"""Soft-Hard Sip Deadband""",[0.30549511313438416],"[0, 0, 0, 0]"
206.248969316,,13947,,1583006511,105345964,"""Soft-Hard Sip Deadband""",[0.3163532614707947],"[0, 0, 0, 0]"
206.2622118,,13948,,1583006511,119255065,"""Soft-Hard Sip Deadband""",[0.3272114396095276],"[0, 0, 0, 0]"
206.290260553,,13949,,1583006511,147299051,"""Soft-Hard Sip Deadband""",[0.3163532614707947],"[0, 0, 0, 0]"
206.324562788,,13950,,1583006511,181262016,"""Soft-Hard Sip Deadband""",[0.30549511313438416],"[0, 0, 0, 0]"
206.327960491,,13951,,1583006511,185137033,"""Soft-Hard Sip Deadband""",[0.3163532614707947],"[0, 0, 0, 0]"
206.332095146,,13952,,1583006511,189152956,"""Soft-Hard Sip Deadband""",[0.30549511313438416],"[0, 0, 0, 0]"
206.360270262,,13953,,1583006511,217252016,"""Soft-Hard Sip Deadband""",[0.3163532614707947],"[0, 0, 0, 0]"
206.370476246,,13954,,1583006511,227305889,"""Soft-Hard Sip Deadband""",[0.3272114396095276],"[0, 0, 0, 0]"
206.37827301,,13955,,1583006511,235203027,"""Soft-Hard Sip Deadband""",[0.3380695879459381],"[0, 0, 0, 0]"
206.414571524,,13956,,1583006511,271254062,"""Soft-Hard Sip Deadband""",[0.348927766084671],"[0, 0, 0, 0]"
206.418220758,,13957,,1583006511,275233030,"""Soft-Hard Sip Deadband""",[0.3380695879459381],"[0, 0, 0, 0]"
206.420011044,,13958,,1583006511,277160882,"""Soft-Hard Sip Deadband""",[0.348927766084671],"[0, 0, 0, 0]"
206.43261075,,13959,,1583006511,289361000,"""Soft-Hard Sip Deadband""",[0.3597537875175476],"[0, 0, 0, 0]"
206.490388632,,13960,,1583006511,347306966,"""Soft-Hard Sip Deadband""",[0.348927766084671],"[0, 0, 0, 0]"
206.491968393,,13961,,1583006511,349133014,"""Soft-Hard Sip Deadband""",[0.3597537875175476],"[0, 0, 0, 0]"
206.500634909,,13962,,1583006511,357261896,"""Soft-Hard Sip Deadband""",[0.348927766084671],"[0, 0, 0, 0]"
206.50835371,,13963,,1583006511,365227937,"""Soft-Hard Sip Deadband""",[0.3380695879459381],"[0, 0, 0, 0]"
206.516338825,,13964,,1583006511,373251914,"""Soft-Hard Sip Deadband""",[0.3272114396095276],"[0, 0, 0, 0]"
206.524115801,,13965,,1583006511,381161928,"""Soft-Hard Sip Deadband""",[0.3163532614707947],"[0, 0, 0, 0]"
206.525864601,,13966,,1583006511,383133888,"""Soft-Hard Sip Deadband""",[0.30549511313438416],"[0, 0, 0, 0]"
206.532095194,,13967,,1583006511,385130882,"""Soft Sip""",[0.2946690618991852],"[0, 0, 1, 0]"
206.539595366,,13968,,1583006511,391156911,"""Soft Sip""",[0.28381088376045227],"[0, 0, 1, 0]"
206.545886278,,13969,,1583006511,397670030,"""Soft Sip""",[0.27295273542404175],"[0, 0, 1, 0]"
206.551465273,,13970,,1583006511,403980970,"""Soft Sip""",[0.26209455728530884],"[0, 0, 1, 0]"
206.557682991,,13971,,1583006511,409537076,"""Soft Sip""",[0.2512364089488983],"[0, 0, 1, 0]"
206.563187122,,13972,,1583006511,415771961,"""Soft Sip""",[0.2403782308101654],"[0, 0, 1, 0]"
206.56835413,,13973,,1583006511,421185016,"""Soft Sip""",[0.22955219447612762],"[0, 0, 1, 0]"
206.573522329,,13974,,1583006511,426443099,"""Soft Sip""",[0.2186940312385559],"[0, 0, 1, 0]"
206.577956915,,13975,,1583006511,431263923,"""Soft Sip""",[0.2078358680009842],"[0, 0, 1, 0]"
206.584758759,,13976,,1583006511,435981988,"""Soft Sip""",[0.19697770476341248],"[0, 0, 1, 0]"
206.590765238,,13977,,1583006511,442732095,"""Soft Sip""",[0.18611954152584076],"[0, 0, 1, 0]"
206.596327782,,13978,,1583006511,448785066,"""Soft Sip""",[0.17529350519180298],"[0, 0, 1, 0]"
206.60283494,,13979,,1583006511,454329013,"""Soft Sip""",[0.16443534195423126],"[0, 0, 1, 0]"
206.608798742,,13980,,1583006511,460937023,"""Soft Sip""",[0.15357716381549835],"[0, 0, 1, 0]"
206.615519762,,13981,,1583006511,466753005,"""Soft Sip""",[0.14271900057792664],"[0, 0, 1, 0]"
206.621050596,,13982,,1583006511,473484992,"""Soft Sip""",[0.13186083734035492],"[0, 0, 1, 0]"
206.627438545,,13983,,1583006511,479172945,"""Soft Sip""",[0.12103480100631714],"[0, 0, 1, 0]"
206.632958174,,13984,,1583006511,485404014,"""Soft Sip""",[0.0993184745311737],"[0, 0, 1, 0]"
206.637841702,,13985,,1583006511,490942955,"""Soft Sip""",[0.08846031129360199],"[0, 0, 1, 0]"
206.64264226,,13986,,1583006511,495809078,"""Soft Sip""",[0.07760214805603027],"[0, 0, 1, 0]"
206.648813248,,13987,,1583006511,500639915,"""Soft Sip""",[0.06674397736787796],"[0, 0, 1, 0]"
206.654437304,,13988,,1583006511,506803989,"""Soft Sip""",[0.05591794103384018],"[0, 0, 1, 0]"
206.661402225,,13989,,1583006511,512557029,"""Soft Sip""",[0.04505977779626846],"[0, 0, 1, 0]"
206.668111563,,13990,,1583006511,519381046,"""Soft Sip""",[0.03420161083340645],"[0, 0, 1, 0]"
206.673241615,,13991,,1583006511,526122093,"""Soft Sip""",[0.023343447595834732],"[0, 0, 1, 0]"
206.678560019,,13992,,1583006511,531204938,"""Soft Sip""",[0.012485282495617867],"[0, 0, 1, 0]"
206.679463863,,13993,,1583006511,536685943,"""Zero Band""",[0.0016592431347817183],"[0, 0, 0, 0]"
206.680167198,,13994,,1583006511,537462949,"""Zero Band""",[-0.0],"[0, 0, 0, 0]"
206.680848837,,13995,,1583006511,538145065,"""Zero Band""",[-0.0],"[0, 0, 0, 0]"
206.681535244,,13996,,1583006511,538821935,"""Zero Band""",[-0.0],"[0, 0, 0, 0]"
206.682336807,,13997,,1583006511,539514064,"""Zero Band""",[-0.0],"[0, 0, 0, 0]"
206.683267117,,13998,,1583006511,540322065,"""Zero Band""",[-0.0],"[0, 0, 0, 0]"
206.707228422,,13999,,1583006511,563539028,"""Zero Band""",[-0.0],"[0, 0, 0, 0]"
206.714210987,,14000,,1583006511,571285963,"""Zero Band""",[-0.0],"[0, 0, 0, 0]"
206.730395079,,14001,,1583006511,587299108,"""Zero Band""",[-0.0],"[0, 0, 0, 0]"
206.740146637,,14002,,1583006511,597218990,"""Zero Band""",[-0.0],"[0, 0, 0, 0]"
206.741942406,,14003,,1583006511,599159002,"""Zero Band""",[-0.0],"[0, 0, 0, 0]"
206.74389267,,14004,,1583006511,601142883,"""Zero Band""",[-0.0],"[0, 0, 0, 0]"
206.758496284,,14005,,1583006511,615250110,"""Zero Band""",[0.0016592431347817183],"[0, 0, 0, 0]"
206.770861864,,14006,,1583006511,623286008,"""Soft Sip""",[0.012485282495617867],"[0, 0, 1, 0]"
206.778623581,,14007,,1583006511,631175041,"""Soft Sip""",[0.023343447595834732],"[0, 0, 1, 0]"
206.789944172,,14008,,1583006511,641264915,"""Soft Sip""",[0.03420161083340645],"[0, 0, 1, 0]"
206.813110113,,14009,,1583006511,665258884,"""Soft Sip""",[0.04505977779626846],"[0, 0, 1, 0]"
206.819694519,,14010,,1583006511,671180009,"""Soft Sip""",[0.03420161083340645],"[0, 0, 1, 0]"
206.826191664,,14011,,1583006511,677769899,"""Soft Sip""",[0.04505977779626846],"[0, 0, 1, 0]"
206.834014416,,14012,,1583006511,684257030,"""Soft Sip""",[0.03420161083340645],"[0, 0, 1, 0]"
206.84060359,,14013,,1583006511,692167043,"""Soft Sip""",[0.04505977779626846],"[0, 0, 1, 0]"
206.845920563,,14014,,1583006511,698662996,"""Soft Sip""",[0.03420161083340645],"[0, 0, 1, 0]"
206.852104425,,14015,,1583006511,703980922,"""Soft Sip""",[0.04505977779626846],"[0, 0, 1, 0]"
206.858819246,,14016,,1583006511,710194110,"""Soft Sip""",[0.03420161083340645],"[0, 0, 1, 0]"
206.866871834,,14017,,1583006511,716831922,"""Soft Sip""",[0.04505977779626846],"[0, 0, 1, 0]"
206.872138262,,14018,,1583006511,724898099,"""Soft Sip""",[0.03420161083340645],"[0, 0, 1, 0]"
206.895534277,,14019,,1583006511,745309114,"""Soft Sip""",[0.023343447595834732],"[0, 0, 1, 0]"
206.902815104,,14020,,1583006511,753652095,"""Soft Sip""",[0.03420161083340645],"[0, 0, 1, 0]"
206.909157515,,14021,,1583006511,760925054,"""Soft Sip""",[0.023343447595834732],"[0, 0, 1, 0]"
206.938085079,,14022,,1583006511,789350986,"""Soft Sip""",[0.03420161083340645],"[0, 0, 1, 0]"
206.949788332,,14023,,1583006511,799252033,"""Soft Sip""",[0.04505977779626846],"[0, 0, 1, 0]"
206.958609104,,14024,,1583006511,811194896,"""Soft Sip""",[0.05591794103384018],"[0, 0, 1, 0]"
206.968745947,,14025,,1583006511,821330070,"""Soft Sip""",[0.06674397736787796],"[0, 0, 1, 0]"
206.974498272,,14026,,1583006511,826845884,"""Soft Sip""",[0.07760214805603027],"[0, 0, 1, 0]"
206.980919838,,14027,,1583006511,832504987,"""Soft Sip""",[0.08846031129360199],"[0, 0, 1, 0]"
206.986521006,,14028,,1583006511,839015960,"""Soft Sip""",[0.0993184745311737],"[0, 0, 1, 0]"
206.993974447,,14029,,1583006511,844573020,"""Soft Sip""",[0.11017663776874542],"[0, 0, 1, 0]"
206.999971867,,14030,,1583006511,852073907,"""Soft Sip""",[0.12103480100631714],"[0, 0, 1, 0]"
207.005594254,,14031,,1583006511,858041048,"""Soft Sip""",[0.13186083734035492],"[0, 0, 1, 0]"
207.010498047,,14032,,1583006511,863615989,"""Soft Sip""",[0.14271900057792664],"[0, 0, 1, 0]"
207.015367031,,14033,,1583006511,868536949,"""Soft Sip""",[0.15357716381549835],"[0, 0, 1, 0]"
207.021224737,,14034,,1583006511,873457908,"""Soft Sip""",[0.16443534195423126],"[0, 0, 1, 0]"
207.026482582,,14035,,1583006511,879323959,"""Soft Sip""",[0.17529350519180298],"[0, 0, 1, 0]"
207.032108545,,14036,,1583006511,885190963,"""Soft Sip""",[0.18611954152584076],"[0, 0, 1, 0]"
207.046821833,,14037,,1583006511,899328947,"""Soft Sip""",[0.19697770476341248],"[0, 0, 1, 0]"
207.057435274,,14038,,1583006511,909311056,"""Soft Sip""",[0.2078358680009842],"[0, 0, 1, 0]"
207.100197792,,14039,,1583006511,951267957,"""Soft Sip""",[0.2186940312385559],"[0, 0, 1, 0]"
207.105358839,,14040,,1583006511,958317041,"""Soft Sip""",[0.22955219447612762],"[0, 0, 1, 0]"
207.110285997,,14041,,1583006511,963433027,"""Soft Sip""",[0.2186940312385559],"[0, 0, 1, 0]"
207.115110874,,14042,,1583006511,968380928,"""Soft Sip""",[0.22955219447612762],"[0, 0, 1, 0]"
207.121128321,,14043,,1583006511,973089933,"""Soft Sip""",[0.2403782308101654],"[0, 0, 1, 0]"
207.127101183,,14044,,1583006511,979211091,"""Soft Sip""",[0.2512364089488983],"[0, 0, 1, 0]"
207.133781195,,14045,,1583006511,985158920,"""Soft Sip""",[0.26209455728530884],"[0, 0, 1, 0]"
207.140359879,,14046,,1583006511,991858005,"""Soft Sip""",[0.27295273542404175],"[0, 0, 1, 0]"
207.148049116,,14047,,1583006511,999187946,"""Soft Sip""",[0.28381088376045227],"[0, 0, 1, 0]"
207.154185772,,14048,,1583006512,6175041,"""Soft Sip""",[0.27295273542404175],"[0, 0, 1, 0]"
207.159994125,,14049,,1583006512,13216972,"""Soft Sip""",[0.28381088376045227],"[0, 0, 1, 0]"
207.165547848,,14050,,1583006512,18079042,"""Soft Sip""",[0.27295273542404175],"[0, 0, 1, 0]"
207.180962086,,14051,,1583006512,33196926,"""Soft Sip""",[0.26209455728530884],"[0, 0, 1, 0]"
207.189119577,,14052,,1583006512,41203022,"""Soft Sip""",[0.27295273542404175],"[0, 0, 1, 0]"
207.213218212,,14053,,1583006512,65265893,"""Soft Sip""",[0.28381088376045227],"[0, 0, 1, 0]"
207.22644949,,14054,,1583006512,79344987,"""Soft Sip""",[0.2946690618991852],"[0, 0, 1, 0]"
207.232511997,,14055,,1583006512,89360952,"""Soft-Hard Sip Deadband""",[0.30549511313438416],"[0, 0, 0, 0]"
207.240456343,,14056,,1583006512,97235918,"""Soft-Hard Sip Deadband""",[0.3163532614707947],"[0, 0, 0, 0]"
207.252712488,,14057,,1583006512,109270095,"""Soft-Hard Sip Deadband""",[0.3272114396095276],"[0, 0, 0, 0]"
207.278549433,,14058,,1583006512,135251045,"""Soft-Hard Sip Deadband""",[0.3380695879459381],"[0, 0, 0, 0]"
207.28439784,,14059,,1583006512,141218900,"""Soft-Hard Sip Deadband""",[0.3272114396095276],"[0, 0, 0, 0]"
207.292513609,,14060,,1583006512,149229049,"""Soft-Hard Sip Deadband""",[0.3380695879459381],"[0, 0, 0, 0]"
207.326757908,,14061,,1583006512,183327913,"""Soft-Hard Sip Deadband""",[0.348927766084671],"[0, 0, 0, 0]"
207.336388111,,14062,,1583006512,193223953,"""Soft-Hard Sip Deadband""",[0.3597537875175476],"[0, 0, 0, 0]"
207.344122887,,14063,,1583006512,201210021,"""Soft-Hard Sip Deadband""",[0.3706119656562805],"[0, 0, 0, 0]"
207.370423079,,14064,,1583006512,227262973,"""Soft-Hard Sip Deadband""",[0.3597537875175476],"[0, 0, 0, 0]"
207.38036871,,14065,,1583006512,237220048,"""Soft-Hard Sip Deadband""",[0.348927766084671],"[0, 0, 0, 0]"
207.388307333,,14066,,1583006512,245244026,"""Soft-Hard Sip Deadband""",[0.3380695879459381],"[0, 0, 0, 0]"
207.400135994,,14067,,1583006512,257162094,"""Soft-Hard Sip Deadband""",[0.3272114396095276],"[0, 0, 0, 0]"
207.422623158,,14068,,1583006512,279298067,"""Soft-Hard Sip Deadband""",[0.3163532614707947],"[0, 0, 0, 0]"
207.451071024,,14069,,1583006512,307308912,"""Soft-Hard Sip Deadband""",[0.30549511313438416],"[0, 0, 0, 0]"
207.479611874,,14070,,1583006512,331265926,"""Soft Sip""",[0.2946690618991852],"[0, 0, 1, 0]"
207.495451212,,14071,,1583006512,347218990,"""Soft Sip""",[0.28381088376045227],"[0, 0, 1, 0]"
207.504605293,,14072,,1583006512,357306003,"""Soft Sip""",[0.27295273542404175],"[0, 0, 1, 0]"
207.517724514,,14073,,1583006512,369266033,"""Soft Sip""",[0.26209455728530884],"[0, 0, 1, 0]"
207.524248362,,14074,,1583006512,375822067,"""Soft Sip""",[0.27295273542404175],"[0, 0, 1, 0]"
207.529226065,,14075,,1583006512,382293939,"""Soft Sip""",[0.26209455728530884],"[0, 0, 1, 0]"
207.535493374,,14076,,1583006512,387265920,"""Soft Sip""",[0.27295273542404175],"[0, 0, 1, 0]"
207.544522762,,14077,,1583006512,395168066,"""Soft Sip""",[0.28381088376045227],"[0, 0, 1, 0]"
207.551628113,,14078,,1583006512,403161048,"""Soft Sip""",[0.2946690618991852],"[0, 0, 1, 0]"
207.552554369,,14079,,1583006512,409699916,"""Soft-Hard Sip Deadband""",[0.30549511313438416],"[0, 0, 0, 0]"
207.556022644,,14080,,1583006512,413181066,"""Soft-Hard Sip Deadband""",[0.3163532614707947],"[0, 0, 0, 0]"
207.562430382,,14081,,1583006512,419317007,"""Soft-Hard Sip Deadband""",[0.3272114396095276],"[0, 0, 0, 0]"
207.568196535,,14082,,1583006512,425218105,"""Soft-Hard Sip Deadband""",[0.3380695879459381],"[0, 0, 0, 0]"
207.572409391,,14083,,1583006512,429244041,"""Soft-Hard Sip Deadband""",[0.348927766084671],"[0, 0, 0, 0]"
207.580519676,,14084,,1583006512,437309026,"""Soft-Hard Sip Deadband""",[0.3597537875175476],"[0, 0, 0, 0]"
207.582103491,,14085,,1583006512,439212083,"""Soft-Hard Sip Deadband""",[0.348927766084671],"[0, 0, 0, 0]"
207.598217487,,14086,,1583006512,455252885,"""Soft-Hard Sip Deadband""",[0.3380695879459381],"[0, 0, 0, 0]"
207.600041389,,14087,,1583006512,457230091,"""Soft-Hard Sip Deadband""",[0.3272114396095276],"[0, 0, 0, 0]"
207.6060853,,14088,,1583006512,463222026,"""Soft-Hard Sip Deadband""",[0.3163532614707947],"[0, 0, 0, 0]"
207.612180948,,14089,,1583006512,469213962,"""Soft-Hard Sip Deadband""",[0.30549511313438416],"[0, 0, 0, 0]"
207.620727062,,14090,,1583006512,473208904,"""Soft Sip""",[0.2946690618991852],"[0, 0, 1, 0]"
207.626030684,,14091,,1583006512,479181051,"""Soft Sip""",[0.28381088376045227],"[0, 0, 1, 0]"
207.63111043,,14092,,1583006512,484117031,"""Soft Sip""",[0.27295273542404175],"[0, 0, 1, 0]"
207.637236595,,14093,,1583006512,489198923,"""Soft Sip""",[0.26209455728530884],"[0, 0, 1, 0]"
207.642329216,,14094,,1583006512,495287895,"""Soft Sip""",[0.2512364089488983],"[0, 0, 1, 0]"
207.647505045,,14095,,1583006512,500366926,"""Soft Sip""",[0.2403782308101654],"[0, 0, 1, 0]"
207.654950857,,14096,,1583006512,505604982,"""Soft Sip""",[0.22955219447612762],"[0, 0, 1, 0]"
207.660014391,,14097,,1583006512,513024091,"""Soft Sip""",[0.2186940312385559],"[0, 0, 1, 0]"
207.6661973,,14098,,1583006512,518091917,"""Soft Sip""",[0.2078358680009842],"[0, 0, 1, 0]"
207.671863794,,14099,,1583006512,524280071,"""Soft Sip""",[0.19697770476341248],"[0, 0, 1, 0]"
207.677148819,,14100,,1583006512,529923915,"""Soft Sip""",[0.18611954152584076],"[0, 0, 1, 0]"
207.683072805,,14101,,1583006512,535132884,"""Soft Sip""",[0.17529350519180298],"[0, 0, 1, 0]"
207.689023256,,14102,,1583006512,541148900,"""Soft Sip""",[0.16443534195423126],"[0, 0, 1, 0]"
207.693842173,,14103,,1583006512,546998023,"""Soft Sip""",[0.15357716381549835],"[0, 0, 1, 0]"
207.700281382,,14104,,1583006512,551939010,"""Soft Sip""",[0.14271900057792664],"[0, 0, 1, 0]"
207.705387831,,14105,,1583006512,558247089,"""Soft Sip""",[0.13186083734035492],"[0, 0, 1, 0]"
207.710370064,,14106,,1583006512,563412904,"""Soft Sip""",[0.12103480100631714],"[0, 0, 1, 0]"
207.717322588,,14107,,1583006512,568492889,"""Soft Sip""",[0.11017663776874542],"[0, 0, 1, 0]"
207.722020388,,14108,,1583006512,575309038,"""Soft Sip""",[0.0993184745311737],"[0, 0, 1, 0]"
207.727421284,,14109,,1583006512,580008029,"""Soft Sip""",[0.08846031129360199],"[0, 0, 1, 0]"
207.73332715,,14110,,1583006512,585505962,"""Soft Sip""",[0.07760214805603027],"[0, 0, 1, 0]"
207.738503933,,14111,,1583006512,591310977,"""Soft Sip""",[0.06674397736787796],"[0, 0, 1, 0]"
207.743782043,,14112,,1583006512,596474885,"""Soft Sip""",[0.05591794103384018],"[0, 0, 1, 0]"
207.749968052,,14113,,1583006512,601891040,"""Soft Sip""",[0.04505977779626846],"[0, 0, 1, 0]"
207.755055189,,14114,,1583006512,607945919,"""Soft Sip""",[0.03420161083340645],"[0, 0, 1, 0]"
207.760889769,,14115,,1583006512,612791061,"""Soft Sip""",[0.023343447595834732],"[0, 0, 1, 0]"
207.766346216,,14116,,1583006512,619019985,"""Soft Sip""",[0.03420161083340645],"[0, 0, 1, 0]"
207.77141428,,14117,,1583006512,624356985,"""Soft Sip""",[0.023343447595834732],"[0, 0, 1, 0]"
207.777087688,,14118,,1583006512,629470109,"""Soft Sip""",[0.03420161083340645],"[0, 0, 1, 0]"
207.78349328,,14119,,1583006512,635225057,"""Soft Sip""",[0.023343447595834732],"[0, 0, 1, 0]"
207.788043737,,14120,,1583006512,641545057,"""Soft Sip""",[0.03420161083340645],"[0, 0, 1, 0]"
207.809264183,,14121,,1583006512,661236047,"""Soft Sip""",[0.04505977779626846],"[0, 0, 1, 0]"
207.829156876,,14122,,1583006512,681216955,"""Soft Sip""",[0.05591794103384018],"[0, 0, 1, 0]"
207.843855381,,14123,,1583006512,695321083,"""Soft Sip""",[0.06674397736787796],"[0, 0, 1, 0]"
207.855612516,,14124,,1583006512,707267999,"""Soft Sip""",[0.07760214805603027],"[0, 0, 1, 0]"
207.869150639,,14125,,1583006512,719337940,"""Soft Sip""",[0.08846031129360199],"[0, 0, 1, 0]"
207.875298977,,14126,,1583006512,726985931,"""Soft Sip""",[0.0993184745311737],"[0, 0, 1, 0]"
207.881957769,,14127,,1583006512,733350038,"""Soft Sip""",[0.11017663776874542],"[0, 0, 1, 0]"
207.888632059,,14128,,1583006512,740077018,"""Soft Sip""",[0.12103480100631714],"[0, 0, 1, 0]"
207.894222736,,14129,,1583006512,746715068,"""Soft Sip""",[0.13186083734035492],"[0, 0, 1, 0]"
207.901631117,,14130,,1583006512,752295970,"""Soft Sip""",[0.14271900057792664],"[0, 0, 1, 0]"
207.908758163,,14131,,1583006512,759658098,"""Soft Sip""",[0.15357716381549835],"[0, 0, 1, 0]"
207.914242983,,14132,,1583006512,766819953,"""Soft Sip""",[0.16443534195423126],"[0, 0, 1, 0]"
207.921146154,,14133,,1583006512,772311925,"""Soft Sip""",[0.17529350519180298],"[0, 0, 1, 0]"
207.927353621,,14134,,1583006512,779124021,"""Soft Sip""",[0.18611954152584076],"[0, 0, 1, 0]"
207.932102442,,14135,,1583006512,785331010,"""Soft Sip""",[0.19697770476341248],"[0, 0, 1, 0]"
207.938851595,,14136,,1583006512,790188074,"""Soft Sip""",[0.2078358680009842],"[0, 0, 1, 0]"
207.944758654,,14137,,1583006512,796969890,"""Soft Sip""",[0.2186940312385559],"[0, 0, 1, 0]"
207.950789452,,14138,,1583006512,802741050,"""Soft Sip""",[0.22955219447612762],"[0, 0, 1, 0]"
207.957918882,,14139,,1583006512,808814048,"""Soft Sip""",[0.2403782308101654],"[0, 0, 1, 0]"
207.96379137,,14140,,1583006512,815931081,"""Soft Sip""",[0.2512364089488983],"[0, 0, 1, 0]"
207.969799757,,14141,,1583006512,821856975,"""Soft Sip""",[0.26209455728530884],"[0, 0, 1, 0]"
207.97679019,,14142,,1583006512,827799081,"""Soft Sip""",[0.27295273542404175],"[0, 0, 1, 0]"
207.982110262,,14143,,1583006512,834916114,"""Soft Sip""",[0.28381088376045227],"[0, 0, 1, 0]"
207.983018875,,14144,,1583006512,840090036,"""Soft-Hard Sip Deadband""",[0.30549511313438416],"[0, 0, 0, 0]"
207.983855009,,14145,,1583006512,841016054,"""Soft-Hard Sip Deadband""",[0.3163532614707947],"[0, 0, 0, 0]"
207.984725237,,14146,,1583006512,841829061,"""Soft-Hard Sip Deadband""",[0.3272114396095276],"[0, 0, 0, 0]"
207.985790968,,14147,,1583006512,842703104,"""Soft-Hard Sip Deadband""",[0.3380695879459381],"[0, 0, 0, 0]"
207.986823559,,14148,,1583006512,843799114,"""Soft-Hard Sip Deadband""",[0.348927766084671],"[0, 0, 0, 0]"
207.988083363,,14149,,1583006512,844815969,"""Soft-Hard Sip Deadband""",[0.3597537875175476],"[0, 0, 0, 0]"
207.989404917,,14150,,1583006512,846088886,"""Soft-Hard Sip Deadband""",[0.38147011399269104],"[0, 0, 0, 0]"
207.990350008,,14151,,1583006512,847220897,"""Soft-Hard Sip Deadband""",[0.39232829213142395],"[0, 0, 0, 0]"
207.99126029,,14152,,1583006512,848476886,"""Soft-Hard Sip Deadband""",[0.4140446186065674],"[0, 0, 0, 0]"
207.992133617,,14153,,1583006512,849251985,"""Soft-Hard Sip Deadband""",[0.4357288181781769],"[0, 0, 0, 0]"
207.992944717,,14154,,1583006512,850126028,"""Soft-Hard Sip Deadband""",[0.4465869963169098],"[0, 0, 0, 0]"
207.993759871,,14155,,1583006512,850934982,"""Soft-Hard Sip Deadband""",[0.4683033227920532],"[0, 0, 0, 0]"
207.99459219,,14156,,1583006512,851749897,"""Soft-Hard Sip Deadband""",[0.4899875223636627],"[0, 0, 0, 0]"
207.999875307,,14157,,1583006512,852710962,"""Zero Band""",[0.5117038488388062],"[0, 0, 0, 0]"
208.005145788,,14158,,1583006512,857863903,"""Zero Band""",[0.533388078212738],"[0, 0, 0, 0]"
208.011312246,,14159,,1583006512,863136053,"""Zero Band""",[0.5551043748855591],"[0, 0, 0, 0]"
208.01632762,,14160,,1583006512,869297027,"""Zero Band""",[0.565962553024292],"[0, 0, 0, 0]"
208.022331715,,14161,,1583006512,874217987,"""Zero Band""",[0.587678849697113],"[0, 0, 0, 0]"
208.028410435,,14162,,1583006512,880460023,"""Zero Band""",[0.6093630790710449],"[0, 0, 0, 0]"
208.034368038,,14163,,1583006512,886384963,"""Zero Band""",[0.6202212572097778],"[0, 0, 0, 0]"
208.040162086,,14164,,1583006512,892486095,"""Zero Band""",[0.6419375538825989],"[0, 0, 0, 0]"
208.044847965,,14165,,1583006512,898111104,"""Zero Band""",[0.6527636051177979],"[0, 0, 0, 0]"
208.050409794,,14166,,1583006512,902839899,"""Zero Band""",[0.6744799613952637],"[0, 0, 0, 0]"
208.055747509,,14167,,1583006512,908387899,"""Zero Band""",[0.6853380799293518],"[0, 0, 0, 0]"
208.060934782,,14168,,1583006512,913733959,"""Zero Band""",[0.7070544362068176],"[0, 0, 0, 0]"
208.067508698,,14169,,1583006512,918951034,"""Zero Band""",[0.7178804874420166],"[0, 0, 0, 0]"
208.073478222,,14170,,1583006512,925476074,"""Zero Band""",[0.7395967841148376],"[0, 0, 0, 0]"
208.079220533,,14171,,1583006512,931349992,"""Zero Band""",[0.7613131403923035],"[0, 0, 0, 0]"
208.086624146,,14172,,1583006512,937191963,"""Zero Band""",[0.7829973101615906],"[0, 0, 0, 0]"
208.092324495,,14173,,1583006512,944627046,"""Zero Band""",[0.7938554883003235],"[0, 0, 0, 0]"
208.098712683,,14174,,1583006512,950306892,"""Zero Band""",[0.8263978958129883],"[0, 0, 0, 0]"
208.104049921,,14175,,1583006512,956846952,"""Zero Band""",[0.8372560143470764],"[0, 0, 0, 0]"
208.108513594,,14176,,1583006512,962028980,"""Zero Band""",[0.8698305487632751],"[0, 0, 0, 0]"
208.113141775,,14177,,1583006512,966411113,"""Zero Band""",[0.8806886672973633],"[0, 0, 0, 0]"
208.119425774,,14178,,1583006512,971117019,"""Zero Band""",[0.9132310748100281],"[0, 0, 0, 0]"
208.124667168,,14179,,1583006512,977411031,"""Zero Band""",[0.9349473714828491],"[0, 0, 0, 0]"
208.131084919,,14180,,1583006512,982681035,"""Zero Band""",[0.9457734227180481],"[0, 0, 0, 0]"
208.137581587,,14181,,1583006512,989109992,"""Zero Band""",[0.978347897529602],"[0, 0, 0, 0]"
208.142246962,,14182,,1583006512,995558977,"""Zero Band""",[1.0],"[0, 0, 0, 0]"
208.148343086,,14183,,1583006513,1185894,"""Zero Band""",[0.989206075668335],"[0, 0, 0, 0]"
208.154889345,,14184,,1583006513,7271051,"""Zero Band""",[0.978347897529602],"[0, 0, 0, 0]"
208.160429001,,14185,,1583006513,12943029,"""Zero Band""",[0.9674897789955139],"[0, 0, 0, 0]"
208.165639877,,14186,,1583006513,18536090,"""Zero Band""",[0.956631600856781],"[0, 0, 0, 0]"
208.171211481,,14187,,1583006513,23739099,"""Zero Band""",[0.9457734227180481],"[0, 0, 0, 0]"
208.176299095,,14188,,1583006513,29288053,"""Zero Band""",[0.9349473714828491],"[0, 0, 0, 0]"
208.182201147,,14189,,1583006513,34379005,"""Zero Band""",[0.924089252948761],"[0, 0, 0, 0]"
208.187045336,,14190,,1583006513,40220975,"""Zero Band""",[0.9132310748100281],"[0, 0, 0, 0]"
208.192960262,,14191,,1583006513,45120954,"""Zero Band""",[0.9023728966712952],"[0, 0, 0, 0]"
208.198302984,,14192,,1583006513,50937891,"""Zero Band""",[0.8915147185325623],"[0, 0, 0, 0]"
208.204902649,,14193,,1583006513,56400060,"""Zero Band""",[0.8806886672973633],"[0, 0, 0, 0]"
208.210125208,,14194,,1583006513,62875986,"""Zero Band""",[0.8589723706245422],"[0, 0, 0, 0]"
208.217833281,,14195,,1583006513,68181991,"""Zero Band""",[0.8481141924858093],"[0, 0, 0, 0]"
208.224388838,,14196,,1583006513,75805902,"""Zero Band""",[0.8263978958129883],"[0, 0, 0, 0]"
208.230546236,,14197,,1583006513,82356929,"""Zero Band""",[0.8047136664390564],"[0, 0, 0, 0]"
208.236303568,,14198,,1583006513,88684082,"""Zero Band""",[0.7613131403923035],"[0, 0, 0, 0]"
208.241471052,,14199,,1583006513,94322919,"""Zero Band""",[0.7395967841148376],"[0, 0, 0, 0]"
208.247434855,,14200,,1583006513,99443912,"""Zero Band""",[0.7070544362068176],"[0, 0, 0, 0]"
208.254243374,,14201,,1583006513,105210065,"""Zero Band""",[0.6744799613952637],"[0, 0, 0, 0]"
208.259422779,,14202,,1583006513,112214088,"""Zero Band""",[0.6527636051177979],"[0, 0, 0, 0]"
208.266505957,,14203,,1583006513,117582082,"""Zero Band""",[0.6093630790710449],"[0, 0, 0, 0]"
208.272114754,,14204,,1583006513,124109983,"""Zero Band""",[0.5768207311630249],"[0, 0, 0, 0]"
208.277713299,,14205,,1583006513,130021095,"""Zero Band""",[0.5551043748855591],"[0, 0, 0, 0]"
208.284038067,,14206,,1583006513,135664939,"""Zero Band""",[0.5117038488388062],"[0, 0, 0, 0]"
208.285350561,,14207,,1583006513,142034053,"""Soft-Hard Sip Deadband""",[0.4791293442249298],"[0, 0, 0, 0]"
208.286441803,,14208,,1583006513,143367052,"""Soft-Hard Sip Deadband""",[0.4465869963169098],"[0, 0, 0, 0]"
208.287390232,,14209,,1583006513,144418001,"""Soft-Hard Sip Deadband""",[0.4140446186065674],"[0, 0, 0, 0]"
208.288330793,,14210,,1583006513,145402908,"""Soft-Hard Sip Deadband""",[0.38147011399269104],"[0, 0, 0, 0]"
208.28933382,,14211,,1583006513,146528959,"""Soft-Hard Sip Deadband""",[0.348927766084671],"[0, 0, 0, 0]"
208.290187359,,14212,,1583006513,147330045,"""Soft-Hard Sip Deadband""",[0.30549511313438416],"[0, 0, 0, 0]"
208.295158625,,14213,,1583006513,148186922,"""Soft Sip""",[0.28381088376045227],"[0, 0, 1, 0]"
208.301218033,,14214,,1583006513,153157949,"""Soft Sip""",[0.2512364089488983],"[0, 0, 1, 0]"
208.305871964,,14215,,1583006513,159198045,"""Soft Sip""",[0.2078358680009842],"[0, 0, 1, 0]"
208.310319424,,14216,,1583006513,163841009,"""Soft Sip""",[0.18611954152584076],"[0, 0, 1, 0]"
208.316813707,,14217,,1583006513,168303966,"""Soft Sip""",[0.15357716381549835],"[0, 0, 1, 0]"
208.322843313,,14218,,1583006513,174825906,"""Soft Sip""",[0.12103480100631714],"[0, 0, 1, 0]"
208.3274827,,14219,,1583006513,180819034,"""Soft Sip""",[0.0993184745311737],"[0, 0, 1, 0]"
208.332065582,,14220,,1583006513,185376882,"""Soft Sip""",[0.06674397736787796],"[0, 0, 1, 0]"
208.338101387,,14221,,1583006513,190016031,"""Soft Sip""",[0.04505977779626846],"[0, 0, 1, 0]"
208.343705893,,14222,,1583006513,196156978,"""Soft Sip""",[0.023343447595834732],"[0, 0, 1, 0]"
208.344454527,,14223,,1583006513,201690912,"""Zero Band""",[0.0016592431347817183],"[0, 0, 0, 0]"
208.345124722,,14224,,1583006513,202436923,"""Zero Band""",[-0.0],"[0, 0, 0, 0]"
208.345842361,,14225,,1583006513,203094005,"""Zero Band""",[-0.0],"[0, 0, 0, 0]"
208.346574068,,14226,,1583006513,203808069,"""Zero Band""",[-0.0],"[0, 0, 0, 0]"
208.346652746,,14227,,1583006513,203808069,"""input stopped""",[-0.0],"[0, 0, 0, 0]"
208.347421646,,14228,,1583006513,204690933,"""Zero Band""",[-0.0],"[0, 0, 0, 0]"
208.350289822,,14229,,1583006513,207262039,"""Zero Band""",[-0.0],"[0, 0, 0, 0]"
208.352143288,,14230,,1583006513,209191083,"""Zero Band""",[-0.0],"[0, 0, 0, 0]"
208.358124495,,14231,,1583006513,215229988,"""Zero Band""",[-0.0],"[0, 0, 0, 0]"
208.366278887,,14232,,1583006513,223237991,"""Zero Band""",[-0.0],"[0, 0, 0, 0]"
208.374488354,,14233,,1583006513,231278896,"""Zero Band""",[-0.0],"[0, 0, 0, 0]"
208.37819314,,14234,,1583006513,235178947,"""Zero Band""",[-0.0],"[0, 0, 0, 0]"
208.38839817,,14235,,1583006513,245222091,"""Zero Band""",[0.0016592431347817183],"[0, 0, 0, 0]"
208.405994654,,14236,,1583006513,257314920,"""Soft Sip""",[0.012485282495617867],"[0, 0, 1, 0]"
208.414325237,,14237,,1583006513,271223068,"""Zero Band""",[0.0016592431347817183],"[0, 0, 0, 0]"
208.42367363,,14238,,1583006513,275201082,"""Soft Sip""",[0.012485282495617867],"[0, 0, 1, 0]"
208.424598932,,14239,,1583006513,281738996,"""Zero Band""",[0.0016592431347817183],"[0, 0, 0, 0]"
208.441792488,,14240,,1583006513,293365955,"""Soft Sip""",[0.012485282495617867],"[0, 0, 1, 0]"
208.442512512,,14241,,1583006513,299681901,"""Zero Band""",[0.0016592431347817183],"[0, 0, 0, 0]"
208.461867332,,14242,,1583006513,313302993,"""Soft Sip""",[0.012485282495617867],"[0, 0, 1, 0]"
208.464151621,,14243,,1583006513,321203947,"""Zero Band""",[0.0016592431347817183],"[0, 0, 0, 0]"
208.470694065,,14244,,1583006513,323219060,"""Soft Sip""",[0.012485282495617867],"[0, 0, 1, 0]"
208.51458478,,14245,,1583006513,371294021,"""Zero Band""",[-0.0],"[0, 0, 0, 0]"
208.516172647,,14246,,1583006513,373172044,"""Zero Band""",[-0.0],"[0, 0, 0, 0]"
208.521647453,,14247,,1583006513,378226995,"""Zero Band""",[-0.0],"[0, 0, 0, 0]"
208.521671534,,14248,,1583006513,378226995,"""input stopped""",[-0.0],"[0, 0, 0, 0]"
209.047295332,,14249,,1583006513,904228925,"""Zero Band""",[-0.0],"[0, 0, 0, 0]"
209.050503492,,14250,,1583006513,907176971,"""Zero Band""",[-0.0],"[0, 0, 0, 0]"
209.05649519,,14251,,1583006513,913233041,"""Zero Band""",[-0.0],"[0, 0, 0, 0]"
209.058261156,,14252,,1583006513,915232896,"""Zero Band""",[-0.0],"[0, 0, 0, 0]"
209.060219526,,14253,,1583006513,917207956,"""Zero Band""",[-0.0],"[0, 0, 0, 0]"
209.066015005,,14254,,1583006513,923204898,"""Zero Band""",[0.0016592431347817183],"[0, 0, 0, 0]"
209.072956562,,14255,,1583006513,925196886,"""Soft Sip""",[0.012485282495617867],"[0, 0, 1, 0]"
209.079173803,,14256,,1583006513,930969953,"""Soft Sip""",[0.023343447595834732],"[0, 0, 1, 0]"
209.085920572,,14257,,1583006513,937264919,"""Soft Sip""",[0.03420161083340645],"[0, 0, 1, 0]"
209.091475487,,14258,,1583006513,943912982,"""Soft Sip""",[0.04505977779626846],"[0, 0, 1, 0]"
209.096914291,,14259,,1583006513,949556112,"""Soft Sip""",[0.05591794103384018],"[0, 0, 1, 0]"
209.103059053,,14260,,1583006513,954891920,"""Soft Sip""",[0.06674397736787796],"[0, 0, 1, 0]"
209.108428478,,14261,,1583006513,961042881,"""Soft Sip""",[0.07760214805603027],"[0, 0, 1, 0]"
209.113745451,,14262,,1583006513,966521978,"""Soft Sip""",[0.08846031129360199],"[0, 0, 1, 0]"
209.119069099,,14263,,1583006513,971570014,"""Soft Sip""",[0.0993184745311737],"[0, 0, 1, 0]"
209.124525547,,14264,,1583006513,977054119,"""Soft Sip""",[0.11017663776874542],"[0, 0, 1, 0]"
209.128992319,,14265,,1583006513,982583045,"""Soft Sip""",[0.12103480100631714],"[0, 0, 1, 0]"
209.134149313,,14266,,1583006513,987049102,"""Soft Sip""",[0.13186083734035492],"[0, 0, 1, 0]"
209.142687321,,14267,,1583006513,993393898,"""Soft Sip""",[0.14271900057792664],"[0, 0, 1, 0]"
209.157725811,,14268,,1583006514,9332895,"""Soft Sip""",[0.13186083734035492],"[0, 0, 1, 0]"
209.17455411,,14269,,1583006514,27297973,"""Soft Sip""",[0.12103480100631714],"[0, 0, 1, 0]"
209.188655376,,14270,,1583006514,39232015,"""Soft Sip""",[0.11017663776874542],"[0, 0, 1, 0]"
209.193783522,,14271,,1583006514,46741962,"""Soft Sip""",[0.0993184745311737],"[0, 0, 1, 0]"
209.203552485,,14272,,1583006514,55247068,"""Soft Sip""",[0.08846031129360199],"[0, 0, 1, 0]"
209.212861776,,14273,,1583006514,65165042,"""Soft Sip""",[0.07760214805603027],"[0, 0, 1, 0]"
209.22120142,,14274,,1583006514,73215961,"""Soft Sip""",[0.06674397736787796],"[0, 0, 1, 0]"
209.225954056,,14275,,1583006514,79296112,"""Soft Sip""",[0.05591794103384018],"[0, 0, 1, 0]"
209.23585844,,14276,,1583006514,87306976,"""Soft Sip""",[0.04505977779626846],"[0, 0, 1, 0]"
209.242151737,,14277,,1583006514,93945026,"""Soft Sip""",[0.03420161083340645],"[0, 0, 1, 0]"
209.248631239,,14278,,1583006514,100249052,"""Soft Sip""",[0.023343447595834732],"[0, 0, 1, 0]"
209.255750418,,14279,,1583006514,106684923,"""Soft Sip""",[0.012485282495617867],"[0, 0, 1, 0]"
209.256953716,,14280,,1583006514,113842964,"""Zero Band""",[0.0016592431347817183],"[0, 0, 0, 0]"
209.258455515,,14281,,1583006514,115236043,"""Zero Band""",[-0.0],"[0, 0, 0, 0]"
209.260304213,,14282,,1583006514,117192029,"""Zero Band""",[-0.0],"[0, 0, 0, 0]"
209.26625371,,14283,,1583006514,123224973,"""Zero Band""",[-0.0],"[0, 0, 0, 0]"
209.268093109,,14284,,1583006514,125169992,"""Zero Band""",[-0.0],"[0, 0, 0, 0]"
209.300322533,,14285,,1583006514,157224893,"""Zero Band""",[-0.0],"[0, 0, 0, 0]"
209.308113813,,14286,,1583006514,165194034,"""Zero Band""",[-0.0],"[0, 0, 0, 0]"
209.309854507,,14287,,1583006514,167162895,"""Zero Band""",[-0.0],"[0, 0, 0, 0]"
209.312098742,,14288,,1583006514,169156074,"""Zero Band""",[0.0016592431347817183],"[0, 0, 0, 0]"
209.321039438,,14289,,1583006514,173204898,"""Soft Sip""",[0.012485282495617867],"[0, 0, 1, 0]"
209.326327801,,14290,,1583006514,179120063,"""Soft Sip""",[0.023343447595834732],"[0, 0, 1, 0]"
209.332588911,,14291,,1583006514,184329986,"""Soft Sip""",[0.03420161083340645],"[0, 0, 1, 0]"
209.338233948,,14292,,1583006514,190654039,"""Soft Sip""",[0.04505977779626846],"[0, 0, 1, 0]"
209.34311223,,14293,,1583006514,196321010,"""Soft Sip""",[0.05591794103384018],"[0, 0, 1, 0]"
209.348145962,,14294,,1583006514,201088905,"""Soft Sip""",[0.06674397736787796],"[0, 0, 1, 0]"
209.356028795,,14295,,1583006514,206206083,"""Soft Sip""",[0.07760214805603027],"[0, 0, 1, 0]"
209.360621214,,14296,,1583006514,213994979,"""Soft Sip""",[0.08846031129360199],"[0, 0, 1, 0]"
209.36650753,,14297,,1583006514,218715906,"""Soft Sip""",[0.0993184745311737],"[0, 0, 1, 0]"
209.373026133,,14298,,1583006514,224481105,"""Soft Sip""",[0.11017663776874542],"[0, 0, 1, 0]"
209.379628181,,14299,,1583006514,231081962,"""Soft Sip""",[0.12103480100631714],"[0, 0, 1, 0]"
209.385494471,,14300,,1583006514,237677097,"""Soft Sip""",[0.13186083734035492],"[0, 0, 1, 0]"
209.390390873,,14301,,1583006514,243561029,"""Soft Sip""",[0.12103480100631714],"[0, 0, 1, 0]"
209.395647764,,14302,,1583006514,248409986,"""Soft Sip""",[0.13186083734035492],"[0, 0, 1, 0]"
209.401703358,,14303,,1583006514,253659009,"""Soft Sip""",[0.12103480100631714],"[0, 0, 1, 0]"
209.406894922,,14304,,1583006514,259769916,"""Soft Sip""",[0.13186083734035492],"[0, 0, 1, 0]"
209.433585167,,14305,,1583006514,285202026,"""Soft Sip""",[0.14271900057792664],"[0, 0, 1, 0]"
209.465688229,,14306,,1583006514,317337036,"""Soft Sip""",[0.15357716381549835],"[0, 0, 1, 0]"
209.515113831,,14307,,1583006514,367271900,"""Soft Sip""",[0.16443534195423126],"[0, 0, 1, 0]"
209.528573275,,14308,,1583006514,381234884,"""Soft Sip""",[0.17529350519180298],"[0, 0, 1, 0]"
209.545635223,,14309,,1583006514,397269964,"""Soft Sip""",[0.18611954152584076],"[0, 0, 1, 0]"
209.551403522,,14310,,1583006514,403690099,"""Soft Sip""",[0.19697770476341248],"[0, 0, 1, 0]"
209.560417652,,14311,,1583006514,411262989,"""Soft Sip""",[0.2078358680009842],"[0, 0, 1, 0]"
209.565513134,,14312,,1583006514,418489933,"""Soft Sip""",[0.2186940312385559],"[0, 0, 1, 0]"
209.570777416,,14313,,1583006514,423527002,"""Soft Sip""",[0.22955219447612762],"[0, 0, 1, 0]"
209.576644421,,14314,,1583006514,428811073,"""Soft Sip""",[0.2403782308101654],"[0, 0, 1, 0]"
209.582994699,,14315,,1583006514,434725999,"""Soft Sip""",[0.2512364089488983],"[0, 0, 1, 0]"
209.589630127,,14316,,1583006514,441124916,"""Soft Sip""",[0.26209455728530884],"[0, 0, 1, 0]"
209.595829487,,14317,,1583006514,447706937,"""Soft Sip""",[0.27295273542404175],"[0, 0, 1, 0]"
209.601043224,,14318,,1583006514,453836917,"""Soft Sip""",[0.28381088376045227],"[0, 0, 1, 0]"
209.606481314,,14319,,1583006514,459104061,"""Soft Sip""",[0.2946690618991852],"[0, 0, 1, 0]"
209.607397318,,14320,,1583006514,464452981,"""Soft-Hard Sip Deadband""",[0.30549511313438416],"[0, 0, 0, 0]"
209.608276367,,14321,,1583006514,465497016,"""Soft-Hard Sip Deadband""",[0.3163532614707947],"[0, 0, 0, 0]"
209.609186411,,14322,,1583006514,466336011,"""Soft-Hard Sip Deadband""",[0.3272114396095276],"[0, 0, 0, 0]"
209.610233307,,14323,,1583006514,467176914,"""Soft-Hard Sip Deadband""",[0.3380695879459381],"[0, 0, 0, 0]"
209.611185789,,14324,,1583006514,468324899,"""Soft-Hard Sip Deadband""",[0.348927766084671],"[0, 0, 0, 0]"
209.618594408,,14325,,1583006514,475263118,"""Soft-Hard Sip Deadband""",[0.3380695879459381],"[0, 0, 0, 0]"
209.628213406,,14326,,1583006514,485187053,"""Soft-Hard Sip Deadband""",[0.3272114396095276],"[0, 0, 0, 0]"
209.636703253,,14327,,1583006514,493290901,"""Soft-Hard Sip Deadband""",[0.3163532614707947],"[0, 0, 0, 0]"
209.664649248,,14328,,1583006514,521260976,"""Soft-Hard Sip Deadband""",[0.30549511313438416],"[0, 0, 0, 0]"
209.666055679,,14329,,1583006514,523200035,"""Soft-Hard Sip Deadband""",[0.3163532614707947],"[0, 0, 0, 0]"
209.67000556,,14330,,1583006514,527163982,"""Soft-Hard Sip Deadband""",[0.30549511313438416],"[0, 0, 0, 0]"
209.671972275,,14331,,1583006514,529155969,"""Soft-Hard Sip Deadband""",[0.3163532614707947],"[0, 0, 0, 0]"
209.68021965,,14332,,1583006514,537187099,"""Soft-Hard Sip Deadband""",[0.30549511313438416],"[0, 0, 0, 0]"
209.682140589,,14333,,1583006514,539225101,"""Soft-Hard Sip Deadband""",[0.3163532614707947],"[0, 0, 0, 0]"
209.688085079,,14334,,1583006514,545195102,"""Soft-Hard Sip Deadband""",[0.30549511313438416],"[0, 0, 0, 0]"
209.712960958,,14335,,1583006514,565201997,"""Soft Sip""",[0.2946690618991852],"[0, 0, 1, 0]"
209.731776237,,14336,,1583006514,583264112,"""Soft Sip""",[0.28381088376045227],"[0, 0, 1, 0]"
209.73782897,,14337,,1583006514,591155052,"""Soft Sip""",[0.27295273542404175],"[0, 0, 1, 0]"
209.749999046,,14338,,1583006514,601321935,"""Soft Sip""",[0.26209455728530884],"[0, 0, 1, 0]"
209.763540983,,14339,,1583006514,615242004,"""Soft Sip""",[0.2512364089488983],"[0, 0, 1, 0]"
209.774646997,,14340,,1583006514,627249956,"""Soft Sip""",[0.2403782308101654],"[0, 0, 1, 0]"
209.792696714,,14341,,1583006514,645226955,"""Soft Sip""",[0.22955219447612762],"[0, 0, 1, 0]"
209.798813105,,14342,,1583006514,650783061,"""Soft Sip""",[0.2403782308101654],"[0, 0, 1, 0]"
209.80380702,,14343,,1583006514,656871080,"""Soft Sip""",[0.22955219447612762],"[0, 0, 1, 0]"
209.810410738,,14344,,1583006514,661895036,"""Soft Sip""",[0.2403782308101654],"[0, 0, 1, 0]"
209.834650517,,14345,,1583006514,687273979,"""Soft Sip""",[0.2512364089488983],"[0, 0, 1, 0]"
209.850053787,,14346,,1583006514,701261043,"""Soft Sip""",[0.26209455728530884],"[0, 0, 1, 0]"
209.875263453,,14347,,1583006514,727283954,"""Soft Sip""",[0.2512364089488983],"[0, 0, 1, 0]"
209.884361267,,14348,,1583006514,737215042,"""Soft Sip""",[0.2403782308101654],"[0, 0, 1, 0]"
209.895093441,,14349,,1583006514,747229099,"""Soft Sip""",[0.22955219447612762],"[0, 0, 1, 0]"
209.90266943,,14350,,1583006514,755207061,"""Soft Sip""",[0.2186940312385559],"[0, 0, 1, 0]"
209.912945032,,14351,,1583006514,765187978,"""Soft Sip""",[0.2078358680009842],"[0, 0, 1, 0]"
209.923046112,,14352,,1583006514,775209903,"""Soft Sip""",[0.19697770476341248],"[0, 0, 1, 0]"
209.931110144,,14353,,1583006514,783226966,"""Soft Sip""",[0.18611954152584076],"[0, 0, 1, 0]"
209.962973118,,14354,,1583006514,815280914,"""Soft Sip""",[0.17529350519180298],"[0, 0, 1, 0]"
209.984250307,,14355,,1583006514,835278034,"""Soft Sip""",[0.16443534195423126],"[0, 0, 1, 0]"
209.989505053,,14356,,1583006514,842331886,"""Soft Sip""",[0.17529350519180298],"[0, 0, 1, 0]"
209.995469332,,14357,,1583006514,847594976,"""Soft Sip""",[0.16443534195423126],"[0, 0, 1, 0]"
210.007029295,,14358,,1583006514,859369993,"""Soft Sip""",[0.17529350519180298],"[0, 0, 1, 0]"
210.023468494,,14359,,1583006514,875353097,"""Soft Sip""",[0.18611954152584076],"[0, 0, 1, 0]"
210.058214188,,14360,,1583006514,909374952,"""Soft Sip""",[0.17529350519180298],"[0, 0, 1, 0]"
210.062761068,,14361,,1583006514,916256904,"""Soft Sip""",[0.18611954152584076],"[0, 0, 1, 0]"
210.114429712,,14362,,1583006514,965311050,"""Soft Sip""",[0.19697770476341248],"[0, 0, 1, 0]"
210.13334918,,14363,,1583006514,985263109,"""Soft Sip""",[0.2078358680009842],"[0, 0, 1, 0]"
210.151266813,,14364,,1583006515,3313064,"""Soft Sip""",[0.2186940312385559],"[0, 0, 1, 0]"
210.173782349,,14365,,1583006515,25259971,"""Soft Sip""",[0.22955219447612762],"[0, 0, 1, 0]"
210.211348057,,14366,,1583006515,63296079,"""Soft Sip""",[0.2403782308101654],"[0, 0, 1, 0]"
210.221846342,,14367,,1583006515,73205947,"""Soft Sip""",[0.2512364089488983],"[0, 0, 1, 0]"
210.227870464,,14368,,1583006515,79936981,"""Soft Sip""",[0.2403782308101654],"[0, 0, 1, 0]"
210.232872486,,14369,,1583006515,86011886,"""Soft Sip""",[0.2512364089488983],"[0, 0, 1, 0]"
210.252122641,,14370,,1583006515,101219892,"""Soft Sip""",[0.26209455728530884],"[0, 0, 1, 0]"
210.260490179,,14371,,1583006515,113214015,"""Soft Sip""",[0.27295273542404175],"[0, 0, 1, 0]"
210.268051147,,14372,,1583006515,121206045,"""Soft Sip""",[0.28381088376045227],"[0, 0, 1, 0]"
210.283489227,,14373,,1583006515,135270118,"""Soft Sip""",[0.2946690618991852],"[0, 0, 1, 0]"
210.295894146,,14374,,1583006515,147371053,"""Soft Sip""",[0.28381088376045227],"[0, 0, 1, 0]"
210.318785429,,14375,,1583006515,171247005,"""Soft Sip""",[0.27295273542404175],"[0, 0, 1, 0]"
210.328366041,,14376,,1583006515,181354045,"""Soft Sip""",[0.26209455728530884],"[0, 0, 1, 0]"
210.341479301,,14377,,1583006515,193377017,"""Soft Sip""",[0.2512364089488983],"[0, 0, 1, 0]"
210.348239183,,14378,,1583006515,199541091,"""Soft Sip""",[0.26209455728530884],"[0, 0, 1, 0]"
210.352859497,,14379,,1583006515,206293106,"""Soft Sip""",[0.2512364089488983],"[0, 0, 1, 0]"
210.371244669,,14380,,1583006515,221211910,"""Soft Sip""",[0.2403782308101654],"[0, 0, 1, 0]"
210.380351543,,14381,,1583006515,233169078,"""Soft Sip""",[0.22955219447612762],"[0, 0, 1, 0]"
210.396780014,,14382,,1583006515,249222993,"""Soft Sip""",[0.2186940312385559],"[0, 0, 1, 0]"
210.403053045,,14383,,1583006515,254887104,"""Soft Sip""",[0.22955219447612762],"[0, 0, 1, 0]"
210.409148455,,14384,,1583006515,261161088,"""Soft Sip""",[0.2186940312385559],"[0, 0, 1, 0]"
210.43136549,,14385,,1583006515,283303022,"""Soft Sip""",[0.2078358680009842],"[0, 0, 1, 0]"
210.438946009,,14386,,1583006515,289385080,"""Soft Sip""",[0.2186940312385559],"[0, 0, 1, 0]"
210.443848133,,14387,,1583006515,297034978,"""Soft Sip""",[0.2078358680009842],"[0, 0, 1, 0]"
210.469762087,,14388,,1583006515,319361925,"""Soft Sip""",[0.2186940312385559],"[0, 0, 1, 0]"
210.48360467,,14389,,1583006515,335212945,"""Soft Sip""",[0.22955219447612762],"[0, 0, 1, 0]"
210.530495644,,14390,,1583006515,383291959,"""Soft Sip""",[0.2403782308101654],"[0, 0, 1, 0]"
210.537368774,,14391,,1583006515,389194965,"""Soft Sip""",[0.2512364089488983],"[0, 0, 1, 0]"
210.543465137,,14392,,1583006515,395421028,"""Soft Sip""",[0.2403782308101654],"[0, 0, 1, 0]"
210.54901576,,14393,,1583006515,401534080,"""Soft Sip""",[0.2512364089488983],"[0, 0, 1, 0]"
210.556601763,,14394,,1583006515,409177064,"""Soft Sip""",[0.26209455728530884],"[0, 0, 1, 0]"
210.60923481,,14395,,1583006515,461285114,"""Soft Sip""",[0.27295273542404175],"[0, 0, 1, 0]"
210.631127834,,14396,,1583006515,483405113,"""Soft Sip""",[0.26209455728530884],"[0, 0, 1, 0]"
210.648657322,,14397,,1583006515,501283884,"""Soft Sip""",[0.2512364089488983],"[0, 0, 1, 0]"
210.681703568,,14398,,1583006515,531315088,"""Soft Sip""",[0.2403782308101654],"[0, 0, 1, 0]"
210.688451052,,14399,,1583006515,539777994,"""Soft Sip""",[0.2512364089488983],"[0, 0, 1, 0]"
210.725558519,,14400,,1583006515,577548027,"""Soft Sip""",[0.26209455728530884],"[0, 0, 1, 0]"
210.732989788,,14401,,1583006515,585190057,"""Soft Sip""",[0.2512364089488983],"[0, 0, 1, 0]"
210.738916159,,14402,,1583006515,591059923,"""Soft Sip""",[0.26209455728530884],"[0, 0, 1, 0]"
210.744434357,,14403,,1583006515,596996068,"""Soft Sip""",[0.2512364089488983],"[0, 0, 1, 0]"
210.75051403,,14404,,1583006515,602523088,"""Soft Sip""",[0.26209455728530884],"[0, 0, 1, 0]"
210.761106968,,14405,,1583006515,613250970,"""Soft Sip""",[0.27295273542404175],"[0, 0, 1, 0]"
210.765696049,,14406,,1583006515,619163990,"""Soft Sip""",[0.26209455728530884],"[0, 0, 1, 0]"
210.77035737,,14407,,1583006515,623760938,"""Soft Sip""",[0.27295273542404175],"[0, 0, 1, 0]"
210.77603054,,14408,,1583006515,628412008,"""Soft Sip""",[0.26209455728530884],"[0, 0, 1, 0]"
210.781529665,,14409,,1583006515,634087085,"""Soft Sip""",[0.27295273542404175],"[0, 0, 1, 0]"
210.78911829,,14410,,1583006515,639627933,"""Soft Sip""",[0.26209455728530884],"[0, 0, 1, 0]"
210.794351578,,14411,,1583006515,647169113,"""Soft Sip""",[0.27295273542404175],"[0, 0, 1, 0]"
210.802319765,,14412,,1583006515,652350902,"""Soft Sip""",[0.26209455728530884],"[0, 0, 1, 0]"
210.80775094,,14413,,1583006515,660330057,"""Soft Sip""",[0.27295273542404175],"[0, 0, 1, 0]"
210.853244305,,14414,,1583006515,703344106,"""Soft Sip""",[0.26209455728530884],"[0, 0, 1, 0]"
210.888221025,,14415,,1583006515,739402055,"""Soft Sip""",[0.2512364089488983],"[0, 0, 1, 0]"
210.906354427,,14416,,1583006515,757322072,"""Soft Sip""",[0.2403782308101654],"[0, 0, 1, 0]"
210.917431831,,14417,,1583006515,769227981,"""Soft Sip""",[0.22955219447612762],"[0, 0, 1, 0]"
210.950104952,,14418,,1583006515,801304101,"""Soft Sip""",[0.2186940312385559],"[0, 0, 1, 0]"
210.956881523,,14419,,1583006515,808140993,"""Soft Sip""",[0.22955219447612762],"[0, 0, 1, 0]"
210.963215828,,14420,,1583006515,814934968,"""Soft Sip""",[0.2186940312385559],"[0, 0, 1, 0]"
210.967687368,,14421,,1583006515,821305990,"""Soft Sip""",[0.22955219447612762],"[0, 0, 1, 0]"
210.972603321,,14422,,1583006515,825666904,"""Soft Sip""",[0.2186940312385559],"[0, 0, 1, 0]"
211.002839565,,14423,,1583006515,855436086,"""Soft Sip""",[0.22955219447612762],"[0, 0, 1, 0]"
211.016014814,,14424,,1583006515,867315053,"""Soft Sip""",[0.2403782308101654],"[0, 0, 1, 0]"
211.024144411,,14425,,1583006515,877197027,"""Soft Sip""",[0.2512364089488983],"[0, 0, 1, 0]"
211.029830456,,14426,,1583006515,882222890,"""Soft Sip""",[0.26209455728530884],"[0, 0, 1, 0]"
211.036202669,,14427,,1583006515,887969017,"""Soft Sip""",[0.27295273542404175],"[0, 0, 1, 0]"
211.042947054,,14428,,1583006515,895200014,"""Soft Sip""",[0.28381088376045227],"[0, 0, 1, 0]"
211.04940033,,14429,,1583006515,901007890,"""Soft Sip""",[0.2946690618991852],"[0, 0, 1, 0]"
211.050328493,,14430,,1583006515,907480955,"""Soft-Hard Sip Deadband""",[0.30549511313438416],"[0, 0, 0, 0]"
211.058277607,,14431,,1583006515,915276050,"""Soft-Hard Sip Deadband""",[0.3163532614707947],"[0, 0, 0, 0]"
211.06244278,,14432,,1583006515,919236898,"""Soft-Hard Sip Deadband""",[0.30549511313438416],"[0, 0, 0, 0]"
211.064656734,,14433,,1583006515,921355009,"""Soft-Hard Sip Deadband""",[0.3163532614707947],"[0, 0, 0, 0]"
211.074468136,,14434,,1583006515,931334972,"""Soft-Hard Sip Deadband""",[0.3272114396095276],"[0, 0, 0, 0]"
211.082633018,,14435,,1583006515,939284086,"""Soft-Hard Sip Deadband""",[0.3380695879459381],"[0, 0, 0, 0]"
211.10616827,,14436,,1583006515,963246107,"""Soft-Hard Sip Deadband""",[0.348927766084671],"[0, 0, 0, 0]"
211.132440329,,14437,,1583006515,989334106,"""Soft-Hard Sip Deadband""",[0.3597537875175476],"[0, 0, 0, 0]"
211.146422863,,14438,,1583006516,3216028,"""Soft-Hard Sip Deadband""",[0.3706119656562805],"[0, 0, 0, 0]"
211.175070286,,14439,,1583006516,31369924,"""Soft-Hard Sip Deadband""",[0.38147011399269104],"[0, 0, 0, 0]"
211.17608881,,14440,,1583006516,33198118,"""Soft-Hard Sip Deadband""",[0.3706119656562805],"[0, 0, 0, 0]"
211.194648027,,14441,,1583006516,51296949,"""Soft-Hard Sip Deadband""",[0.3597537875175476],"[0, 0, 0, 0]"
211.274412394,,14442,,1583006516,131261110,"""Soft-Hard Sip Deadband""",[0.3706119656562805],"[0, 0, 0, 0]"
211.3002913,,14443,,1583006516,157253980,"""Soft-Hard Sip Deadband""",[0.38147011399269104],"[0, 0, 0, 0]"
211.306376696,,14444,,1583006516,163285017,"""Soft-Hard Sip Deadband""",[0.3706119656562805],"[0, 0, 0, 0]"
211.307945967,,14445,,1583006516,165154933,"""Soft-Hard Sip Deadband""",[0.38147011399269104],"[0, 0, 0, 0]"
211.316033363,,14446,,1583006516,173180103,"""Soft-Hard Sip Deadband""",[0.3706119656562805],"[0, 0, 0, 0]"
211.332422733,,14447,,1583006516,189251899,"""Soft-Hard Sip Deadband""",[0.3597537875175476],"[0, 0, 0, 0]"
211.36831665,,14448,,1583006516,225271940,"""Soft-Hard Sip Deadband""",[0.348927766084671],"[0, 0, 0, 0]"
211.386621475,,14449,,1583006516,243396043,"""Soft-Hard Sip Deadband""",[0.3380695879459381],"[0, 0, 0, 0]"
211.402714252,,14450,,1583006516,259304046,"""Soft-Hard Sip Deadband""",[0.3272114396095276],"[0, 0, 0, 0]"
211.408219576,,14451,,1583006516,265216112,"""Soft-Hard Sip Deadband""",[0.3163532614707947],"[0, 0, 0, 0]"
211.412162542,,14452,,1583006516,269182920,"""Soft-Hard Sip Deadband""",[0.30549511313438416],"[0, 0, 0, 0]"
211.42028451,,14453,,1583006516,273206949,"""Soft Sip""",[0.2946690618991852],"[0, 0, 1, 0]"
211.424833059,,14454,,1583006516,278361082,"""Soft Sip""",[0.28381088376045227],"[0, 0, 1, 0]"
211.431303978,,14455,,1583006516,282912969,"""Soft Sip""",[0.27295273542404175],"[0, 0, 1, 0]"
211.437808275,,14456,,1583006516,289324045,"""Soft Sip""",[0.26209455728530884],"[0, 0, 1, 0]"
211.44306922,,14457,,1583006516,295865058,"""Soft Sip""",[0.2512364089488983],"[0, 0, 1, 0]"
211.448590994,,14458,,1583006516,301175117,"""Soft Sip""",[0.2403782308101654],"[0, 0, 1, 0]"
211.455396891,,14459,,1583006516,306535005,"""Soft Sip""",[0.22955219447612762],"[0, 0, 1, 0]"
211.460400343,,14460,,1583006516,313379049,"""Soft Sip""",[0.2186940312385559],"[0, 0, 1, 0]"
211.466168404,,14461,,1583006516,318424940,"""Soft Sip""",[0.2078358680009842],"[0, 0, 1, 0]"
211.474465609,,14462,,1583006516,324256896,"""Soft Sip""",[0.19697770476341248],"[0, 0, 1, 0]"
211.480744362,,14463,,1583006516,332442998,"""Soft Sip""",[0.18611954152584076],"[0, 0, 1, 0]"
211.48709178,,14464,,1583006516,338716983,"""Soft Sip""",[0.17529350519180298],"[0, 0, 1, 0]"
211.493182182,,14465,,1583006516,345072031,"""Soft Sip""",[0.16443534195423126],"[0, 0, 1, 0]"
211.49797821,,14466,,1583006516,351181030,"""Soft Sip""",[0.15357716381549835],"[0, 0, 1, 0]"
211.504551649,,14467,,1583006516,355986118,"""Soft Sip""",[0.14271900057792664],"[0, 0, 1, 0]"
211.510639906,,14468,,1583006516,362665891,"""Soft Sip""",[0.13186083734035492],"[0, 0, 1, 0]"
211.517151833,,14469,,1583006516,368614912,"""Soft Sip""",[0.12103480100631714],"[0, 0, 1, 0]"
211.523314476,,14470,,1583006516,375315904,"""Soft Sip""",[0.11017663776874542],"[0, 0, 1, 0]"
211.529213667,,14471,,1583006516,381300926,"""Soft Sip""",[0.0993184745311737],"[0, 0, 1, 0]"
211.533971071,,14472,,1583006516,387193918,"""Soft Sip""",[0.08846031129360199],"[0, 0, 1, 0]"
211.538920641,,14473,,1583006516,391957998,"""Soft Sip""",[0.07760214805603027],"[0, 0, 1, 0]"
211.544760942,,14474,,1583006516,396945953,"""Soft Sip""",[0.06674397736787796],"[0, 0, 1, 0]"
211.551505566,,14475,,1583006516,402581930,"""Soft Sip""",[0.05591794103384018],"[0, 0, 1, 0]"
211.557960033,,14476,,1583006516,409483909,"""Soft Sip""",[0.04505977779626846],"[0, 0, 1, 0]"
211.563450336,,14477,,1583006516,416098117,"""Soft Sip""",[0.05591794103384018],"[0, 0, 1, 0]"
211.568462849,,14478,,1583006516,421566963,"""Soft Sip""",[0.06674397736787796],"[0, 0, 1, 0]"
211.574061155,,14479,,1583006516,426445960,"""Soft Sip""",[0.07760214805603027],"[0, 0, 1, 0]"
211.580951452,,14480,,1583006516,432002067,"""Soft Sip""",[0.08846031129360199],"[0, 0, 1, 0]"
211.585666656,,14481,,1583006516,438816070,"""Soft Sip""",[0.0993184745311737],"[0, 0, 1, 0]"
211.592307329,,14482,,1583006516,443648099,"""Soft Sip""",[0.11017663776874542],"[0, 0, 1, 0]"
211.598059416,,14483,,1583006516,450287103,"""Soft Sip""",[0.12103480100631714],"[0, 0, 1, 0]"
211.60278368,,14484,,1583006516,456033945,"""Soft Sip""",[0.13186083734035492],"[0, 0, 1, 0]"
211.608876467,,14485,,1583006516,460762023,"""Soft Sip""",[0.14271900057792664],"[0, 0, 1, 0]"
211.615395546,,14486,,1583006516,466902971,"""Soft Sip""",[0.15357716381549835],"[0, 0, 1, 0]"
211.62065506,,14487,,1583006516,473521947,"""Soft Sip""",[0.16443534195423126],"[0, 0, 1, 0]"
211.626117468,,14488,,1583006516,478638887,"""Soft Sip""",[0.17529350519180298],"[0, 0, 1, 0]"
211.63222456,,14489,,1583006516,484129905,"""Soft Sip""",[0.18611954152584076],"[0, 0, 1, 0]"
211.636657238,,14490,,1583006516,489905118,"""Soft Sip""",[0.19697770476341248],"[0, 0, 1, 0]"
211.642947912,,14491,,1583006516,494632959,"""Soft Sip""",[0.2078358680009842],"[0, 0, 1, 0]"
211.65067482,,14492,,1583006516,500924110,"""Soft Sip""",[0.2186940312385559],"[0, 0, 1, 0]"
211.655251265,,14493,,1583006516,508651018,"""Soft Sip""",[0.22955219447612762],"[0, 0, 1, 0]"
211.660468817,,14494,,1583006516,513355970,"""Soft Sip""",[0.2186940312385559],"[0, 0, 1, 0]"
211.666914225,,14495,,1583006516,518543958,"""Soft Sip""",[0.2078358680009842],"[0, 0, 1, 0]"
211.672234297,,14496,,1583006516,524656057,"""Soft Sip""",[0.19697770476341248],"[0, 0, 1, 0]"
211.678405285,,14497,,1583006516,530282020,"""Soft Sip""",[0.18611954152584076],"[0, 0, 1, 0]"
211.685076475,,14498,,1583006516,537187099,"""Soft Sip""",[0.17529350519180298],"[0, 0, 1, 0]"
211.693985701,,14499,,1583006516,545186996,"""Soft Sip""",[0.16443534195423126],"[0, 0, 1, 0]"
211.70283556,,14500,,1583006516,555262088,"""Soft Sip""",[0.15357716381549835],"[0, 0, 1, 0]"
211.71314311,,14501,,1583006516,565226078,"""Soft Sip""",[0.14271900057792664],"[0, 0, 1, 0]"
211.720582485,,14502,,1583006516,573191881,"""Soft Sip""",[0.13186083734035492],"[0, 0, 1, 0]"
211.748133421,,14503,,1583006516,599292993,"""Soft Sip""",[0.12103480100631714],"[0, 0, 1, 0]"
211.75409174,,14504,,1583006516,606197118,"""Soft Sip""",[0.13186083734035492],"[0, 0, 1, 0]"
211.76985693,,14505,,1583006516,621313095,"""Soft Sip""",[0.14271900057792664],"[0, 0, 1, 0]"
211.778035402,,14506,,1583006516,629178047,"""Soft Sip""",[0.15357716381549835],"[0, 0, 1, 0]"
211.783905029,,14507,,1583006516,637175083,"""Soft Sip""",[0.16443534195423126],"[0, 0, 1, 0]"
211.788854361,,14508,,1583006516,641977071,"""Soft Sip""",[0.17529350519180298],"[0, 0, 1, 0]"
211.797525167,,14509,,1583006516,649220943,"""Soft Sip""",[0.18611954152584076],"[0, 0, 1, 0]"
211.803274632,,14510,,1583006516,655657052,"""Soft Sip""",[0.19697770476341248],"[0, 0, 1, 0]"
211.809768677,,14511,,1583006516,661371946,"""Soft Sip""",[0.2078358680009842],"[0, 0, 1, 0]"
211.815910578,,14512,,1583006516,667874097,"""Soft Sip""",[0.2186940312385559],"[0, 0, 1, 0]"
211.821548939,,14513,,1583006516,673996925,"""Soft Sip""",[0.22955219447612762],"[0, 0, 1, 0]"
211.827325106,,14514,,1583006516,679586887,"""Soft Sip""",[0.2403782308101654],"[0, 0, 1, 0]"
211.833833218,,14515,,1583006516,685535907,"""Soft Sip""",[0.2512364089488983],"[0, 0, 1, 0]"
211.838742018,,14516,,1583006516,691898107,"""Soft Sip""",[0.26209455728530884],"[0, 0, 1, 0]"
211.84584856,,14517,,1583006516,696791887,"""Soft Sip""",[0.27295273542404175],"[0, 0, 1, 0]"
211.853703022,,14518,,1583006516,703891038,"""Soft Sip""",[0.28381088376045227],"[0, 0, 1, 0]"
211.87570715,,14519,,1583006516,727278947,"""Soft Sip""",[0.2946690618991852],"[0, 0, 1, 0]"
211.911060095,,14520,,1583006516,763379096,"""Soft Sip""",[0.28381088376045227],"[0, 0, 1, 0]"
211.925442457,,14521,,1583006516,777286052,"""Soft Sip""",[0.27295273542404175],"[0, 0, 1, 0]"
211.933827639,,14522,,1583006516,785223007,"""Soft Sip""",[0.26209455728530884],"[0, 0, 1, 0]"
211.941384554,,14523,,1583006516,791877985,"""Soft Sip""",[0.2512364089488983],"[0, 0, 1, 0]"
211.948389053,,14524,,1583006516,801222085,"""Soft Sip""",[0.2403782308101654],"[0, 0, 1, 0]"
211.953035116,,14525,,1583006516,806454896,"""Soft Sip""",[0.22955219447612762],"[0, 0, 1, 0]"
211.959005117,,14526,,1583006516,811062097,"""Soft Sip""",[0.2186940312385559],"[0, 0, 1, 0]"
211.964759827,,14527,,1583006516,817126989,"""Soft Sip""",[0.2078358680009842],"[0, 0, 1, 0]"
211.97062254,,14528,,1583006516,823189973,"""Soft Sip""",[0.19697770476341248],"[0, 0, 1, 0]"
211.979660273,,14529,,1583006516,831202983,"""Soft Sip""",[0.18611954152584076],"[0, 0, 1, 0]"
211.993977547,,14530,,1583006516,845372915,"""Soft Sip""",[0.17529350519180298],"[0, 0, 1, 0]"
212.001045942,,14531,,1583006516,853180885,"""Soft Sip""",[0.16443534195423126],"[0, 0, 1, 0]"
212.011613607,,14532,,1583006516,863297939,"""Soft Sip""",[0.15357716381549835],"[0, 0, 1, 0]"
212.020097494,,14533,,1583006516,873198986,"""Soft Sip""",[0.14271900057792664],"[0, 0, 1, 0]"
212.029017687,,14534,,1583006516,881328105,"""Soft Sip""",[0.13186083734035492],"[0, 0, 1, 0]"
212.036717176,,14535,,1583006516,889179944,"""Soft Sip""",[0.12103480100631714],"[0, 0, 1, 0]"
212.04573822,,14536,,1583006516,897212028,"""Soft Sip""",[0.11017663776874542],"[0, 0, 1, 0]"
212.055049419,,14537,,1583006516,907217979,"""Soft Sip""",[0.0993184745311737],"[0, 0, 1, 0]"
212.061092377,,14538,,1583006516,913191080,"""Soft Sip""",[0.08846031129360199],"[0, 0, 1, 0]"
212.066836834,,14539,,1583006516,919258117,"""Soft Sip""",[0.07760214805603027],"[0, 0, 1, 0]"
212.079914331,,14540,,1583006516,931252002,"""Soft Sip""",[0.06674397736787796],"[0, 0, 1, 0]"
212.091412783,,14541,,1583006516,943329095,"""Soft Sip""",[0.05591794103384018],"[0, 0, 1, 0]"
212.115164995,,14542,,1583006516,967356920,"""Soft Sip""",[0.06674397736787796],"[0, 0, 1, 0]"
212.128773928,,14543,,1583006516,979350090,"""Soft Sip""",[0.07760214805603027],"[0, 0, 1, 0]"
212.134478331,,14544,,1583006516,986838102,"""Soft Sip""",[0.06674397736787796],"[0, 0, 1, 0]"
212.140099525,,14545,,1583006516,992496013,"""Soft Sip""",[0.07760214805603027],"[0, 0, 1, 0]"
212.149027586,,14546,,1583006517,1230001,"""Soft Sip""",[0.08846031129360199],"[0, 0, 1, 0]"
212.163767099,,14547,,1583006517,15364885,"""Soft Sip""",[0.0993184745311737],"[0, 0, 1, 0]"
212.179410696,,14548,,1583006517,31351089,"""Soft Sip""",[0.11017663776874542],"[0, 0, 1, 0]"
212.193364382,,14549,,1583006517,45233011,"""Soft Sip""",[0.12103480100631714],"[0, 0, 1, 0]"
212.206433296,,14550,,1583006517,57235002,"""Soft Sip""",[0.13186083734035492],"[0, 0, 1, 0]"
212.219881058,,14551,,1583006517,71394920,"""Soft Sip""",[0.14271900057792664],"[0, 0, 1, 0]"
212.22579217,,14552,,1583006517,77951908,"""Soft Sip""",[0.13186083734035492],"[0, 0, 1, 0]"
212.230457783,,14553,,1583006517,83846092,"""Soft Sip""",[0.14271900057792664],"[0, 0, 1, 0]"
212.238398552,,14554,,1583006517,91233968,"""Soft Sip""",[0.15357716381549835],"[0, 0, 1, 0]"
212.257489443,,14555,,1583006517,109328985,"""Soft Sip""",[0.16443534195423126],"[0, 0, 1, 0]"
212.264680862,,14556,,1583006517,117191076,"""Soft Sip""",[0.15357716381549835],"[0, 0, 1, 0]"
212.271095037,,14557,,1583006517,123187065,"""Soft Sip""",[0.16443534195423126],"[0, 0, 1, 0]"
212.277292252,,14558,,1583006517,129122018,"""Soft Sip""",[0.15357716381549835],"[0, 0, 1, 0]"
212.339845419,,14559,,1583006517,191314935,"""Soft Sip""",[0.14271900057792664],"[0, 0, 1, 0]"
212.357265472,,14560,,1583006517,209252119,"""Soft Sip""",[0.13186083734035492],"[0, 0, 1, 0]"
212.369228363,,14561,,1583006517,221262931,"""Soft Sip""",[0.12103480100631714],"[0, 0, 1, 0]"
212.383153677,,14562,,1583006517,235336065,"""Soft Sip""",[0.11017663776874542],"[0, 0, 1, 0]"
212.438513041,,14563,,1583006517,289323091,"""Soft Sip""",[0.12103480100631714],"[0, 0, 1, 0]"
212.44624424,,14564,,1583006517,299211978,"""Soft Sip""",[0.13186083734035492],"[0, 0, 1, 0]"
212.455827475,,14565,,1583006517,307240962,"""Soft Sip""",[0.14271900057792664],"[0, 0, 1, 0]"
212.462414503,,14566,,1583006517,313918113,"""Soft Sip""",[0.15357716381549835],"[0, 0, 1, 0]"
212.46797514,,14567,,1583006517,320456027,"""Soft Sip""",[0.16443534195423126],"[0, 0, 1, 0]"
212.473951817,,14568,,1583006517,326041936,"""Soft Sip""",[0.17529350519180298],"[0, 0, 1, 0]"
212.479938984,,14569,,1583006517,332032918,"""Soft Sip""",[0.18611954152584076],"[0, 0, 1, 0]"
212.485087633,,14570,,1583006517,337991952,"""Soft Sip""",[0.19697770476341248],"[0, 0, 1, 0]"
212.490864515,,14571,,1583006517,343187093,"""Soft Sip""",[0.2078358680009842],"[0, 0, 1, 0]"
212.497551441,,14572,,1583006517,348920106,"""Soft Sip""",[0.2186940312385559],"[0, 0, 1, 0]"
212.505048513,,14573,,1583006517,355622053,"""Soft Sip""",[0.22955219447612762],"[0, 0, 1, 0]"
212.510877371,,14574,,1583006517,363039970,"""Soft Sip""",[0.2403782308101654],"[0, 0, 1, 0]"
212.516830444,,14575,,1583006517,368943929,"""Soft Sip""",[0.2512364089488983],"[0, 0, 1, 0]"
212.522316456,,14576,,1583006517,374777078,"""Soft Sip""",[0.26209455728530884],"[0, 0, 1, 0]"
212.526927233,,14577,,1583006517,380378007,"""Soft Sip""",[0.27295273542404175],"[0, 0, 1, 0]"
212.532987833,,14578,,1583006517,384954929,"""Soft Sip""",[0.28381088376045227],"[0, 0, 1, 0]"
212.540270805,,14579,,1583006517,391082048,"""Soft Sip""",[0.2946690618991852],"[0, 0, 1, 0]"
212.541195393,,14580,,1583006517,398251056,"""Soft-Hard Sip Deadband""",[0.30549511313438416],"[0, 0, 0, 0]"
212.542066813,,14581,,1583006517,399272918,"""Soft-Hard Sip Deadband""",[0.3163532614707947],"[0, 0, 0, 0]"
212.546099186,,14582,,1583006517,403198957,"""Soft-Hard Sip Deadband""",[0.30549511313438416],"[0, 0, 0, 0]"
212.559262276,,14583,,1583006517,411425113,"""Soft Sip""",[0.2946690618991852],"[0, 0, 1, 0]"
212.566142082,,14584,,1583006517,417386054,"""Soft Sip""",[0.28381088376045227],"[0, 0, 1, 0]"
212.572150469,,14585,,1583006517,424201011,"""Soft Sip""",[0.27295273542404175],"[0, 0, 1, 0]"
212.576879263,,14586,,1583006517,430216073,"""Soft Sip""",[0.26209455728530884],"[0, 0, 1, 0]"
212.582999468,,14587,,1583006517,434954881,"""Soft Sip""",[0.2512364089488983],"[0, 0, 1, 0]"
212.588800907,,14588,,1583006517,441062927,"""Soft Sip""",[0.2403782308101654],"[0, 0, 1, 0]"
212.595017433,,14589,,1583006517,446883916,"""Soft Sip""",[0.22955219447612762],"[0, 0, 1, 0]"
212.600208282,,14590,,1583006517,453094005,"""Soft Sip""",[0.2186940312385559],"[0, 0, 1, 0]"
212.6064744,,14591,,1583006517,458237886,"""Soft Sip""",[0.2078358680009842],"[0, 0, 1, 0]"
212.611479759,,14592,,1583006517,464519023,"""Soft Sip""",[0.19697770476341248],"[0, 0, 1, 0]"
212.616733789,,14593,,1583006517,469538927,"""Soft Sip""",[0.18611954152584076],"[0, 0, 1, 0]"
212.623547316,,14594,,1583006517,474791049,"""Soft Sip""",[0.17529350519180298],"[0, 0, 1, 0]"
212.630034924,,14595,,1583006517,481614112,"""Soft Sip""",[0.16443534195423126],"[0, 0, 1, 0]"
212.634791374,,14596,,1583006517,487986087,"""Soft Sip""",[0.15357716381549835],"[0, 0, 1, 0]"
212.640993357,,14597,,1583006517,492856025,"""Soft Sip""",[0.14271900057792664],"[0, 0, 1, 0]"
212.647619724,,14598,,1583006517,499063014,"""Soft Sip""",[0.13186083734035492],"[0, 0, 1, 0]"
212.653327227,,14599,,1583006517,505608081,"""Soft Sip""",[0.12103480100631714],"[0, 0, 1, 0]"
212.659578323,,14600,,1583006517,511365890,"""Soft Sip""",[0.11017663776874542],"[0, 0, 1, 0]"
212.665255308,,14601,,1583006517,517680883,"""Soft Sip""",[0.0993184745311737],"[0, 0, 1, 0]"
212.670513868,,14602,,1583006517,523237943,"""Soft Sip""",[0.08846031129360199],"[0, 0, 1, 0]"
212.676261425,,14603,,1583006517,528563976,"""Soft Sip""",[0.07760214805603027],"[0, 0, 1, 0]"
212.683466434,,14604,,1583006517,534356117,"""Soft Sip""",[0.06674397736787796],"[0, 0, 1, 0]"
212.689569712,,14605,,1583006517,541439056,"""Soft Sip""",[0.05591794103384018],"[0, 0, 1, 0]"
212.695417404,,14606,,1583006517,547622919,"""Soft Sip""",[0.04505977779626846],"[0, 0, 1, 0]"
212.699776411,,14607,,1583006517,553391933,"""Soft Sip""",[0.03420161083340645],"[0, 0, 1, 0]"
212.704564333,,14608,,1583006517,557833909,"""Soft Sip""",[0.023343447595834732],"[0, 0, 1, 0]"
212.710244656,,14609,,1583006517,562331914,"""Soft Sip""",[0.012485282495617867],"[0, 0, 1, 0]"
212.711406469,,14610,,1583006517,568341970,"""Zero Band""",[0.0016592431347817183],"[0, 0, 0, 0]"
212.712325335,,14611,,1583006517,569432020,"""Zero Band""",[-0.0],"[0, 0, 0, 0]"
212.713189602,,14612,,1583006517,570391893,"""Zero Band""",[-0.0],"[0, 0, 0, 0]"
212.714027405,,14613,,1583006517,571177959,"""Zero Band""",[-0.0],"[0, 0, 0, 0]"
212.7160604,,14614,,1583006517,573180913,"""Zero Band""",[-0.0],"[0, 0, 0, 0]"
212.721757174,,14615,,1583006517,577528953,"""Zero Band""",[-0.0],"[0, 0, 0, 0]"
212.773395538,,14617,,1583006517,630244016,"""input stopped""",[-0.0],"[0, 0, 0, 0]"
219.771542311,,14618,,1583006524,628251075,"""Zero Band""",[-0.0],"[0, 0, 0, 0]"
219.776157379,,14619,,1583006524,633241891,"""Zero Band""",[-0.0],"[0, 0, 0, 0]"
219.778200865,,14620,,1583006524,635210990,"""Zero Band""",[-0.0],"[0, 0, 0, 0]"
219.779998302,,14621,,1583006524,637187957,"""Zero Band""",[0.0016592431347817183],"[0, 0, 0, 0]"
219.788584709,,14622,,1583006524,641314983,"""Zero Band""",[0.023343447595834732],"[0, 0, 0, 0]"
219.795190096,,14623,,1583006524,646663904,"""Zero Band""",[0.05591794103384018],"[0, 0, 0, 0]"
219.800082922,,14624,,1583006524,652911901,"""Zero Band""",[0.07760214805603027],"[0, 0, 0, 0]"
219.805013657,,14625,,1583006524,658190965,"""Zero Band""",[0.11017663776874542],"[0, 0, 0, 0]"
219.809884548,,14626,,1583006524,662893056,"""Zero Band""",[0.14271900057792664],"[0, 0, 0, 0]"
219.815701485,,14627,,1583006524,667880058,"""Zero Band""",[0.17529350519180298],"[0, 0, 0, 0]"
219.822426558,,14628,,1583006524,673681020,"""Zero Band""",[0.2186940312385559],"[0, 0, 0, 0]"
219.828608274,,14629,,1583006524,680607080,"""Zero Band""",[0.26209455728530884],"[0, 0, 0, 0]"
219.829452276,,14630,,1583006524,686593055,"""Soft-Hard Sip Deadband""",[0.30549511313438416],"[0, 0, 0, 0]"
219.830213547,,14631,,1583006524,687437057,"""Soft-Hard Sip Deadband""",[0.348927766084671],"[0, 0, 0, 0]"
219.830974579,,14632,,1583006524,688215017,"""Soft-Hard Sip Deadband""",[0.4031864404678345],"[0, 0, 0, 0]"
219.831737757,,14633,,1583006524,688954114,"""Soft-Hard Sip Deadband""",[0.4465869963169098],"[0, 0, 0, 0]"
219.836503744,,14634,,1583006524,689728021,"""Hard Sip""",[0.5008456707000732],"[0, 0, 0, 1]"
219.842696905,,14635,,1583006524,694572925,"""Hard Sip""",[0.5551043748855591],"[0, 0, 0, 1]"
219.855404615,,14636,,1583006524,700706005,"""Hard Sip""",[0.6093630790710449],"[0, 0, 0, 1]"
219.85672307,,14637,,1583006524,705383062,"""Zero Band""",[0.6636217832565308],"[0, 0, 0, 0]"
219.864604712,,14638,,1583006524,714827060,"""Zero Band""",[0.7287386655807495],"[0, 0, 0, 0]"
219.871564865,,14639,,1583006524,722579002,"""Zero Band""",[0.7829973101615906],"[0, 0, 0, 0]"
219.87770772,,14640,,1583006524,729553937,"""Zero Band""",[0.8372560143470764],"[0, 0, 0, 0]"
219.886385918,,14641,,1583006524,735680103,"""Zero Band""",[0.9023728966712952],"[0, 0, 0, 0]"
219.89206481,,14642,,1583006524,744357109,"""Zero Band""",[0.9674897789955139],"[0, 0, 0, 0]"
219.897064686,,14643,,1583006524,750112056,"""Zero Band""",[1.0],"[0, 0, 0, 0]"
220.190315247,,14644,,1583006525,41336059,"""Zero Band""",[0.989206075668335],"[0, 0, 0, 0]"
220.19492054,,14645,,1583006525,48408031,"""Zero Band""",[0.9132310748100281],"[0, 0, 0, 0]"
220.200176239,,14646,,1583006525,52911996,"""Zero Band""",[0.8372560143470764],"[0, 0, 0, 0]"
220.205438137,,14647,,1583006525,58271884,"""Zero Band""",[0.7395967841148376],"[0, 0, 0, 0]"
220.210197687,,14648,,1583006525,63416957,"""Zero Band""",[0.6744799613952637],"[0, 0, 0, 0]"
220.216201305,,14649,,1583006525,68181037,"""Zero Band""",[0.6093630790710449],"[0, 0, 0, 0]"
220.224466085,,14650,,1583006525,74173927,"""Zero Band""",[0.533388078212738],"[0, 0, 0, 0]"
220.22569108,,14651,,1583006525,82655906,"""Soft-Hard Sip Deadband""",[0.4791293442249298],"[0, 0, 0, 0]"
220.226483583,,14652,,1583006525,83717107,"""Soft-Hard Sip Deadband""",[0.4140446186065674],"[0, 0, 0, 0]"
220.2272048,,14653,,1583006525,84449052,"""Soft-Hard Sip Deadband""",[0.3597537875175476],"[0, 0, 0, 0]"
220.227977753,,14654,,1583006525,85191011,"""Soft-Hard Sip Deadband""",[0.30549511313438416],"[0, 0, 0, 0]"
220.233967304,,14655,,1583006525,85954904,"""Zero Band""",[0.26209455728530884],"[0, 0, 0, 0]"
220.240886211,,14656,,1583006525,91953992,"""Zero Band""",[0.2186940312385559],"[0, 0, 0, 0]"
220.246957302,,14657,,1583006525,98859071,"""Zero Band""",[0.17529350519180298],"[0, 0, 0, 0]"
220.253103733,,14658,,1583006525,104948043,"""Zero Band""",[0.14271900057792664],"[0, 0, 0, 0]"
220.25800848,,14659,,1583006525,111093044,"""Zero Band""",[0.11017663776874542],"[0, 0, 0, 0]"
220.263630867,,14660,,1583006525,116072893,"""Zero Band""",[0.07760214805603027],"[0, 0, 0, 0]"
220.270356894,,14661,,1583006525,121757030,"""Zero Band""",[0.05591794103384018],"[0, 0, 0, 0]"
220.277973652,,14662,,1583006525,128309965,"""Zero Band""",[0.023343447595834732],"[0, 0, 0, 0]"
220.278862953,,14663,,1583006525,135950088,"""Zero Band""",[0.0016592431347817183],"[0, 0, 0, 0]"
220.279704809,,14664,,1583006525,136842012,"""Zero Band""",[-0.0],"[0, 0, 0, 0]"
220.280563593,,14665,,1583006525,137696027,"""Zero Band""",[-0.0],"[0, 0, 0, 0]"
220.28148818,,14666,,1583006525,138535976,"""Zero Band""",[-0.0],"[0, 0, 0, 0]"
220.282615185,,14667,,1583006525,139487028,"""Zero Band""",[-0.0],"[0, 0, 0, 0]"
220.282684803,,14668,,1583006525,139487028,"""input stopped""",[-0.0],"[0, 0, 0, 0]"
221.439605236,,14669,,1583006526,296268939,"""Zero Band""",[-0.0],"[0, 0, 0, 0]"
221.446354151,,14670,,1583006526,303247928,"""Zero Band""",[-0.0],"[0, 0, 0, 0]"
221.454374075,,14671,,1583006526,311245918,"""Zero Band""",[-0.0],"[0, 0, 0, 0]"
221.458371162,,14672,,1583006526,315254926,"""Zero Band""",[-0.0],"[0, 0, 0, 0]"
221.4644835,,14673,,1583006526,321240901,"""Zero Band""",[-0.0],"[0, 0, 0, 0]"
221.472343683,,14674,,1583006526,329220056,"""Zero Band""",[-0.0016271184431388974],"[0, 0, 0, 0]"
221.482909679,,14675,,1583006526,335294008,"""Soft Puff""",[-0.012453158386051655],"[0, 1, 0, 0]"
221.488049746,,14676,,1583006526,341212987,"""Soft Puff""",[-0.023311322554945946],"[0, 1, 0, 0]"
221.496433496,,14677,,1583006526,349226951,"""Soft Puff""",[-0.03416948765516281],"[0, 1, 0, 0]"
221.509686947,,14678,,1583006526,361268997,"""Soft Puff""",[-0.04502765089273453],"[0, 1, 0, 0]"
221.520035982,,14679,,1583006526,371274948,"""Soft Puff""",[-0.055885814130306244],"[0, 1, 0, 0]"
221.52601409,,14680,,1583006526,378127098,"""Soft Puff""",[-0.06671185791492462],"[0, 1, 0, 0]"
221.534780264,,14681,,1583006526,387301921,"""Soft Puff""",[-0.07757002115249634],"[0, 1, 0, 0]"
221.545539856,,14682,,1583006526,397260904,"""Soft Puff""",[-0.08842818439006805],"[0, 1, 0, 0]"
221.554276228,,14683,,1583006526,407279968,"""Soft Puff""",[-0.09928634762763977],"[0, 1, 0, 0]"
221.560418844,,14684,,1583006526,413233995,"""Soft Puff""",[-0.11014451086521149],"[0, 1, 0, 0]"
221.573450327,,14685,,1583006526,425266981,"""Soft Puff""",[-0.1210026741027832],"[0, 1, 0, 0]"
221.584061623,,14686,,1583006526,435436964,"""Soft Puff""",[-0.13182871043682098],"[0, 1, 0, 0]"
221.589393377,,14687,,1583006526,442137956,"""Soft Puff""",[-0.1210026741027832],"[0, 1, 0, 0]"
221.595063925,,14688,,1583006526,447442054,"""Soft Puff""",[-0.13182871043682098],"[0, 1, 0, 0]"
221.60060358,,14689,,1583006526,453108072,"""Soft Puff""",[-0.1426868885755539],"[0, 1, 0, 0]"
221.614535332,,14690,,1583006526,465457916,"""Soft Puff""",[-0.1535450518131256],"[0, 1, 0, 0]"
221.627930641,,14691,,1583006526,479317903,"""Soft Puff""",[-0.16440321505069733],"[0, 1, 0, 0]"
221.648309946,,14692,,1583006526,499315023,"""Soft Puff""",[-0.17526137828826904],"[0, 1, 0, 0]"
221.665155411,,14693,,1583006526,517370939,"""Soft Puff""",[-0.18608741462230682],"[0, 1, 0, 0]"
221.670325518,,14694,,1583006526,523215055,"""Soft Puff""",[-0.17526137828826904],"[0, 1, 0, 0]"
221.677832603,,14695,,1583006526,528342962,"""Soft Puff""",[-0.18608741462230682],"[0, 1, 0, 0]"
221.699874163,,14696,,1583006526,551444053,"""Soft Puff""",[-0.19694557785987854],"[0, 1, 0, 0]"
221.724659204,,14697,,1583006526,577250957,"""Soft Puff""",[-0.20780374109745026],"[0, 1, 0, 0]"
221.730038404,,14698,,1583006526,582700014,"""Soft Puff""",[-0.19694557785987854],"[0, 1, 0, 0]"
221.736228228,,14699,,1583006526,588088035,"""Soft Puff""",[-0.20780374109745026],"[0, 1, 0, 0]"
221.741663218,,14700,,1583006526,594337940,"""Soft Puff""",[-0.19694557785987854],"[0, 1, 0, 0]"
221.781003714,,14701,,1583006526,631325006,"""Soft Puff""",[-0.18608741462230682],"[0, 1, 0, 0]"
221.796578884,,14702,,1583006526,649293899,"""Soft Puff""",[-0.17526137828826904],"[0, 1, 0, 0]"
221.804645777,,14703,,1583006526,654570102,"""Soft Puff""",[-0.18608741462230682],"[0, 1, 0, 0]"
221.811753511,,14704,,1583006526,662678003,"""Soft Puff""",[-0.17526137828826904],"[0, 1, 0, 0]"
221.822178602,,14705,,1583006526,673259973,"""Soft Puff""",[-0.16440321505069733],"[0, 1, 0, 0]"
221.839919806,,14706,,1583006526,691319942,"""Soft Puff""",[-0.1535450518131256],"[0, 1, 0, 0]"
221.916564465,,14707,,1583006526,769351005,"""Soft Puff""",[-0.1426868885755539],"[0, 1, 0, 0]"
221.924400091,,14708,,1583006526,777230024,"""Soft Puff""",[-0.1535450518131256],"[0, 1, 0, 0]"
221.932596445,,14709,,1583006526,782455921,"""Soft Puff""",[-0.1426868885755539],"[0, 1, 0, 0]"
221.940094471,,14710,,1583006526,790710926,"""Soft Puff""",[-0.1535450518131256],"[0, 1, 0, 0]"
221.947712421,,14711,,1583006526,798137903,"""Soft Puff""",[-0.1426868885755539],"[0, 1, 0, 0]"
221.953970671,,14712,,1583006526,805771112,"""Soft Puff""",[-0.1535450518131256],"[0, 1, 0, 0]"
221.963460684,,14713,,1583006526,811973094,"""Soft Puff""",[-0.1426868885755539],"[0, 1, 0, 0]"
221.969448328,,14714,,1583006526,821578979,"""Soft Puff""",[-0.1535450518131256],"[0, 1, 0, 0]"
221.975991964,,14715,,1583006526,827424049,"""Soft Puff""",[-0.1426868885755539],"[0, 1, 0, 0]"
221.982629776,,14716,,1583006526,834131956,"""Soft Puff""",[-0.1535450518131256],"[0, 1, 0, 0]"
221.987907171,,14717,,1583006526,840615987,"""Soft Puff""",[-0.1426868885755539],"[0, 1, 0, 0]"
221.993116617,,14718,,1583006526,845880985,"""Soft Puff""",[-0.1535450518131256],"[0, 1, 0, 0]"
222.00033474,,14719,,1583006526,851175069,"""Soft Puff""",[-0.1426868885755539],"[0, 1, 0, 0]"
222.00522995,,14720,,1583006526,858340024,"""Soft Puff""",[-0.1535450518131256],"[0, 1, 0, 0]"
222.012238979,,14721,,1583006526,863272905,"""Soft Puff""",[-0.1426868885755539],"[0, 1, 0, 0]"
222.017116308,,14722,,1583006526,870328903,"""Soft Puff""",[-0.1535450518131256],"[0, 1, 0, 0]"
222.021705151,,14723,,1583006526,875102996,"""Soft Puff""",[-0.1426868885755539],"[0, 1, 0, 0]"
222.028594732,,14724,,1583006526,879718065,"""Soft Puff""",[-0.1535450518131256],"[0, 1, 0, 0]"
222.034760714,,14725,,1583006526,886728048,"""Soft Puff""",[-0.1426868885755539],"[0, 1, 0, 0]"
222.039942026,,14726,,1583006526,892754077,"""Soft Puff""",[-0.1535450518131256],"[0, 1, 0, 0]"
222.046368122,,14727,,1583006526,897957086,"""Soft Puff""",[-0.1426868885755539],"[0, 1, 0, 0]"
222.051696539,,14728,,1583006526,904484033,"""Soft Puff""",[-0.1535450518131256],"[0, 1, 0, 0]"
222.056747913,,14729,,1583006526,909756898,"""Soft Puff""",[-0.16440321505069733],"[0, 1, 0, 0]"
222.12828207,,14730,,1583006526,979300975,"""Soft Puff""",[-0.17526137828826904],"[0, 1, 0, 0]"
222.144701719,,14731,,1583006526,995274066,"""Soft Puff""",[-0.16440321505069733],"[0, 1, 0, 0]"
222.149681807,,14732,,1583006527,2791881,"""Soft Puff""",[-0.17526137828826904],"[0, 1, 0, 0]"
222.162450075,,14733,,1583006527,13366937,"""Soft Puff""",[-0.18608741462230682],"[0, 1, 0, 0]"
222.193734169,,14734,,1583006527,45401096,"""Soft Puff""",[-0.17526137828826904],"[0, 1, 0, 0]"
222.198835135,,14735,,1583006527,51843881,"""Soft Puff""",[-0.18608741462230682],"[0, 1, 0, 0]"
222.20408535,,14736,,1583006527,56879043,"""Soft Puff""",[-0.17526137828826904],"[0, 1, 0, 0]"
222.266271114,,14737,,1583006527,117450952,"""Soft Puff""",[-0.16440321505069733],"[0, 1, 0, 0]"
222.270945072,,14738,,1583006527,124315977,"""Soft Puff""",[-0.17526137828826904],"[0, 1, 0, 0]"
222.312513113,,14739,,1583006527,165292978,"""Soft Puff""",[-0.16440321505069733],"[0, 1, 0, 0]"
222.320770264,,14740,,1583006527,173299074,"""Soft Puff""",[-0.17526137828826904],"[0, 1, 0, 0]"
222.329542637,,14741,,1583006527,181237936,"""Soft Puff""",[-0.16440321505069733],"[0, 1, 0, 0]"
222.434640169,,14742,,1583006527,287267923,"""Soft Puff""",[-0.1535450518131256],"[0, 1, 0, 0]"
222.439138412,,14743,,1583006527,292687892,"""Soft Puff""",[-0.16440321505069733],"[0, 1, 0, 0]"
222.444402695,,14744,,1583006527,297224998,"""Soft Puff""",[-0.1535450518131256],"[0, 1, 0, 0]"
222.450032473,,14745,,1583006527,302498102,"""Soft Puff""",[-0.16440321505069733],"[0, 1, 0, 0]"
222.456329823,,14746,,1583006527,308075904,"""Soft Puff""",[-0.1535450518131256],"[0, 1, 0, 0]"
222.462279081,,14747,,1583006527,314399957,"""Soft Puff""",[-0.16440321505069733],"[0, 1, 0, 0]"
222.46868825,,14748,,1583006527,320399999,"""Soft Puff""",[-0.1535450518131256],"[0, 1, 0, 0]"
222.475889921,,14749,,1583006527,326692104,"""Soft Puff""",[-0.16440321505069733],"[0, 1, 0, 0]"
222.570626259,,14750,,1583006527,423324108,"""Soft Puff""",[-0.17526137828826904],"[0, 1, 0, 0]"
222.650948763,,14751,,1583006527,503335952,"""Soft Puff""",[-0.18608741462230682],"[0, 1, 0, 0]"
222.656252384,,14752,,1583006527,509006977,"""Soft Puff""",[-0.17526137828826904],"[0, 1, 0, 0]"
222.6640203,,14753,,1583006527,514308929,"""Soft Puff""",[-0.18608741462230682],"[0, 1, 0, 0]"
222.799956799,,14754,,1583006527,651459932,"""Soft Puff""",[-0.19694557785987854],"[0, 1, 0, 0]"
222.804913998,,14755,,1583006527,658024072,"""Soft Puff""",[-0.18608741462230682],"[0, 1, 0, 0]"
222.818975449,,14756,,1583006527,671400070,"""Soft Puff""",[-0.19694557785987854],"[0, 1, 0, 0]"
222.824081421,,14757,,1583006527,677053928,"""Soft Puff""",[-0.18608741462230682],"[0, 1, 0, 0]"
222.831885815,,14758,,1583006527,682132959,"""Soft Puff""",[-0.19694557785987854],"[0, 1, 0, 0]"
222.895058632,,14759,,1583006527,747320890,"""Soft Puff""",[-0.20780374109745026],"[0, 1, 0, 0]"
222.902793407,,14760,,1583006527,753251075,"""Soft Puff""",[-0.19694557785987854],"[0, 1, 0, 0]"
222.908979177,,14761,,1583006527,760868072,"""Soft Puff""",[-0.20780374109745026],"[0, 1, 0, 0]"
222.935712337,,14762,,1583006527,787429094,"""Soft Puff""",[-0.21866190433502197],"[0, 1, 0, 0]"
222.940702438,,14763,,1583006527,793704986,"""Soft Puff""",[-0.20780374109745026],"[0, 1, 0, 0]"
222.946208477,,14764,,1583006527,798774003,"""Soft Puff""",[-0.21866190433502197],"[0, 1, 0, 0]"
222.950848103,,14765,,1583006527,804199934,"""Soft Puff""",[-0.20780374109745026],"[0, 1, 0, 0]"
222.95691967,,14766,,1583006527,808906078,"""Soft Puff""",[-0.21866190433502197],"[0, 1, 0, 0]"
222.992873669,,14767,,1583006527,843463897,"""Soft Puff""",[-0.2295200675725937],"[0, 1, 0, 0]"
223.064888954,,14768,,1583006527,917334079,"""Soft Puff""",[-0.24034611880779266],"[0, 1, 0, 0]"
223.070427418,,14769,,1583006527,922929048,"""Soft Puff""",[-0.2295200675725937],"[0, 1, 0, 0]"
223.076885223,,14770,,1583006527,928487062,"""Soft Puff""",[-0.24034611880779266],"[0, 1, 0, 0]"
223.121006727,,14771,,1583006527,973359107,"""Soft Puff""",[-0.2295200675725937],"[0, 1, 0, 0]"
223.181080103,,14772,,1583006528,33355951,"""Soft Puff""",[-0.21866190433502197],"[0, 1, 0, 0]"
223.187087774,,14773,,1583006528,39110898,"""Soft Puff""",[-0.2295200675725937],"[0, 1, 0, 0]"
223.194498539,,14774,,1583006528,47215938,"""Soft Puff""",[-0.21866190433502197],"[0, 1, 0, 0]"
223.292918444,,14775,,1583006528,145363092,"""Soft Puff""",[-0.2295200675725937],"[0, 1, 0, 0]"
223.307451725,,14776,,1583006528,159341096,"""Soft Puff""",[-0.21866190433502197],"[0, 1, 0, 0]"
223.313098192,,14777,,1583006528,165520906,"""Soft Puff""",[-0.2295200675725937],"[0, 1, 0, 0]"
223.318416119,,14778,,1583006528,171159029,"""Soft Puff""",[-0.21866190433502197],"[0, 1, 0, 0]"
223.326402187,,14779,,1583006528,176513910,"""Soft Puff""",[-0.2295200675725937],"[0, 1, 0, 0]"
223.331924438,,14780,,1583006528,184382915,"""Soft Puff""",[-0.21866190433502197],"[0, 1, 0, 0]"
223.336613178,,14781,,1583006528,189987897,"""Soft Puff""",[-0.2295200675725937],"[0, 1, 0, 0]"
223.34250927,,14782,,1583006528,194717884,"""Soft Puff""",[-0.21866190433502197],"[0, 1, 0, 0]"
223.348701,,14783,,1583006528,200228929,"""Soft Puff""",[-0.2295200675725937],"[0, 1, 0, 0]"
223.372810364,,14784,,1583006528,225338935,"""Soft Puff""",[-0.24034611880779266],"[0, 1, 0, 0]"
223.475877047,,14785,,1583006528,327310085,"""Soft Puff""",[-0.2512042820453644],"[0, 1, 0, 0]"
223.480480194,,14786,,1583006528,333941936,"""Soft Puff""",[-0.24034611880779266],"[0, 1, 0, 0]"
223.48608017,,14787,,1583006528,338543891,"""Soft Puff""",[-0.2512042820453644],"[0, 1, 0, 0]"
223.604866982,,14788,,1583006528,457324028,"""Soft Puff""",[-0.24034611880779266],"[0, 1, 0, 0]"
223.609666824,,14789,,1583006528,462918996,"""Soft Puff""",[-0.2512042820453644],"[0, 1, 0, 0]"
223.740956545,,14790,,1583006528,593307971,"""Soft Puff""",[-0.24034611880779266],"[0, 1, 0, 0]"
223.746921062,,14791,,1583006528,599061012,"""Soft Puff""",[-0.2512042820453644],"[0, 1, 0, 0]"
223.752376795,,14792,,1583006528,605007886,"""Soft Puff""",[-0.24034611880779266],"[0, 1, 0, 0]"
223.761498213,,14793,,1583006528,613270998,"""Soft Puff""",[-0.2512042820453644],"[0, 1, 0, 0]"
223.766633511,,14794,,1583006528,619672060,"""Soft Puff""",[-0.24034611880779266],"[0, 1, 0, 0]"
223.966189384,,14795,,1583006528,817301988,"""Soft Puff""",[-0.2295200675725937],"[0, 1, 0, 0]"
224.100641251,,14796,,1583006528,953402042,"""Soft Puff""",[-0.21866190433502197],"[0, 1, 0, 0]"
224.105820417,,14797,,1583006528,958709955,"""Soft Puff""",[-0.2295200675725937],"[0, 1, 0, 0]"
224.11220932,,14798,,1583006528,963886976,"""Soft Puff""",[-0.21866190433502197],"[0, 1, 0, 0]"
224.119265556,,14799,,1583006528,970309972,"""Soft Puff""",[-0.2295200675725937],"[0, 1, 0, 0]"
224.124474287,,14800,,1583006528,977346897,"""Soft Puff""",[-0.21866190433502197],"[0, 1, 0, 0]"
224.185343266,,14801,,1583006529,37461042,"""Soft Puff""",[-0.20780374109745026],"[0, 1, 0, 0]"
224.191158295,,14802,,1583006529,43406009,"""Soft Puff""",[-0.21866190433502197],"[0, 1, 0, 0]"
224.198118448,,14803,,1583006529,49216985,"""Soft Puff""",[-0.20780374109745026],"[0, 1, 0, 0]"
224.346283436,,14804,,1583006529,197371959,"""Soft Puff""",[-0.19694557785987854],"[0, 1, 0, 0]"
224.35100174,,14805,,1583006529,204333066,"""Soft Puff""",[-0.20780374109745026],"[0, 1, 0, 0]"
224.356568098,,14806,,1583006529,209065914,"""Soft Puff""",[-0.19694557785987854],"[0, 1, 0, 0]"
224.363476276,,14807,,1583006529,214643955,"""Soft Puff""",[-0.20780374109745026],"[0, 1, 0, 0]"
224.370043993,,14808,,1583006529,221534013,"""Soft Puff""",[-0.19694557785987854],"[0, 1, 0, 0]"
224.376202106,,14809,,1583006529,228116989,"""Soft Puff""",[-0.20780374109745026],"[0, 1, 0, 0]"
224.38760376,,14810,,1583006529,239283084,"""Soft Puff""",[-0.19694557785987854],"[0, 1, 0, 0]"
224.452238321,,14811,,1583006529,303570032,"""Soft Puff""",[-0.20780374109745026],"[0, 1, 0, 0]"
224.45694828,,14812,,1583006529,310292005,"""Soft Puff""",[-0.19694557785987854],"[0, 1, 0, 0]"
224.462661028,,14813,,1583006529,315006971,"""Soft Puff""",[-0.20780374109745026],"[0, 1, 0, 0]"
224.552864075,,14814,,1583006529,405364036,"""Soft Puff""",[-0.21866190433502197],"[0, 1, 0, 0]"
224.557971001,,14815,,1583006529,410891056,"""Soft Puff""",[-0.20780374109745026],"[0, 1, 0, 0]"
224.56410718,,14816,,1583006529,416017055,"""Soft Puff""",[-0.21866190433502197],"[0, 1, 0, 0]"
224.569566488,,14817,,1583006529,422166109,"""Soft Puff""",[-0.20780374109745026],"[0, 1, 0, 0]"
224.577010155,,14818,,1583006529,429238080,"""Soft Puff""",[-0.21866190433502197],"[0, 1, 0, 0]"
224.583711863,,14819,,1583006529,435092926,"""Soft Puff""",[-0.20780374109745026],"[0, 1, 0, 0]"
224.588460922,,14820,,1583006529,441777944,"""Soft Puff""",[-0.21866190433502197],"[0, 1, 0, 0]"
224.723506212,,14821,,1583006529,575351953,"""Soft Puff""",[-0.2295200675725937],"[0, 1, 0, 0]"
224.808651209,,14822,,1583006529,661396026,"""Soft Puff""",[-0.24034611880779266],"[0, 1, 0, 0]"
224.813356876,,14823,,1583006529,666673898,"""Soft Puff""",[-0.2295200675725937],"[0, 1, 0, 0]"
224.818629742,,14824,,1583006529,671309947,"""Soft Puff""",[-0.24034611880779266],"[0, 1, 0, 0]"
224.848687172,,14825,,1583006529,701292991,"""Soft Puff""",[-0.2512042820453644],"[0, 1, 0, 0]"
224.854374647,,14826,,1583006529,707238912,"""Soft Puff""",[-0.24034611880779266],"[0, 1, 0, 0]"
224.860969782,,14827,,1583006529,712436914,"""Soft Puff""",[-0.2512042820453644],"[0, 1, 0, 0]"
224.898918629,,14828,,1583006529,751355886,"""Soft Puff""",[-0.2620624303817749],"[0, 1, 0, 0]"
224.960808277,,14829,,1583006529,813360929,"""Soft Puff""",[-0.2729206085205078],"[0, 1, 0, 0]"
224.966632605,,14830,,1583006529,818845033,"""Soft Puff""",[-0.2620624303817749],"[0, 1, 0, 0]"
224.975224495,,14831,,1583006529,827238082,"""Soft Puff""",[-0.2729206085205078],"[0, 1, 0, 0]"
225.045802116,,14832,,1583006529,897327899,"""Zero Band""",[-0.28377875685691833],"[0, 0, 0, 0]"
225.098705769,,14833,,1583006529,949302911,"""Zero Band""",[-0.29463693499565125],"[0, 0, 0, 0]"
225.128788471,,14834,,1583006529,985419988,"""Soft-Hard Puff Deadband""",[-0.3054629862308502],"[0, 0, 0, 0]"
225.135351896,,14835,,1583006529,987251996,"""Zero Band""",[-0.29463693499565125],"[0, 0, 0, 0]"
225.136236191,,14836,,1583006529,993400096,"""Soft-Hard Puff Deadband""",[-0.3054629862308502],"[0, 0, 0, 0]"
225.140950918,,14837,,1583006529,994266033,"""Zero Band""",[-0.29463693499565125],"[0, 0, 0, 0]"
225.141773462,,14838,,1583006529,999016046,"""Soft-Hard Puff Deadband""",[-0.3054629862308502],"[0, 0, 0, 0]"
225.190723419,,14839,,1583006530,47357082,"""Soft-Hard Puff Deadband""",[-0.31632113456726074],"[0, 0, 0, 0]"
225.19411993,,14840,,1583006530,51228046,"""Soft-Hard Puff Deadband""",[-0.3054629862308502],"[0, 0, 0, 0]"
225.210927725,,14841,,1583006530,63293933,"""Zero Band""",[-0.29463693499565125],"[0, 0, 0, 0]"
225.227594376,,14842,,1583006530,79293012,"""Zero Band""",[-0.28377875685691833],"[0, 0, 0, 0]"
225.234512568,,14843,,1583006530,87315082,"""Zero Band""",[-0.2729206085205078],"[0, 0, 0, 0]"
225.246692896,,14844,,1583006530,97323894,"""Zero Band""",[-0.2620624303817749],"[0, 0, 0, 0]"
225.252505541,,14845,,1583006530,104739904,"""Zero Band""",[-0.2512042820453644],"[0, 0, 0, 0]"
225.257351637,,14846,,1583006530,110582113,"""Zero Band""",[-0.24034611880779266],"[0, 0, 0, 0]"
225.262840271,,14847,,1583006530,115438938,"""Zero Band""",[-0.2295200675725937],"[0, 0, 0, 0]"
225.268164635,,14848,,1583006530,120913982,"""Zero Band""",[-0.21866190433502197],"[0, 0, 0, 0]"
225.27444768,,14849,,1583006530,126235008,"""Zero Band""",[-0.20780374109745026],"[0, 0, 0, 0]"
225.280826569,,14850,,1583006530,132558107,"""Zero Band""",[-0.19694557785987854],"[0, 0, 0, 0]"
225.287299871,,14851,,1583006530,138835906,"""Zero Band""",[-0.18608741462230682],"[0, 0, 0, 0]"
225.294202328,,14852,,1583006530,145317077,"""Zero Band""",[-0.17526137828826904],"[0, 0, 0, 0]"
225.300006151,,14853,,1583006530,152335882,"""Zero Band""",[-0.16440321505069733],"[0, 0, 0, 0]"
225.305995941,,14854,,1583006530,158014059,"""Zero Band""",[-0.1426868885755539],"[0, 0, 0, 0]"
225.314485073,,14855,,1583006530,164146900,"""Zero Band""",[-0.1210026741027832],"[0, 0, 0, 0]"
225.319908619,,14856,,1583006530,172358989,"""Zero Band""",[-0.08842818439006805],"[0, 0, 0, 0]"
225.325583935,,14857,,1583006530,177881956,"""Zero Band""",[-0.04502765089273453],"[0, 0, 0, 0]"
225.332152843,,14858,,1583006530,183437108,"""Zero Band""",[-0.023311322554945946],"[0, 0, 0, 0]"
225.333658457,,14859,,1583006530,190282106,"""Zero Band""",[-0.0016271184431388974],"[0, 0, 0, 0]"
225.334774971,,14860,,1583006530,191472053,"""Zero Band""",[-0.0],"[0, 0, 0, 0]"
225.335581779,,14861,,1583006530,192647933,"""Zero Band""",[-0.0],"[0, 0, 0, 0]"
225.336349487,,14862,,1583006530,193615913,"""Zero Band""",[-0.0],"[0, 0, 0, 0]"
225.336440563,,14863,,1583006530,193615913,"""input stopped""",[-0.0],"[0, 0, 0, 0]"
225.869877577,,14864,,1583006530,726367950,"""Zero Band""",[-0.0],"[0, 0, 0, 0]"
225.877207518,,14865,,1583006530,729250907,"""Zero Band""",[0.023343447595834732],"[0, 0, 0, 0]"
225.883497,,14866,,1583006530,735301017,"""Zero Band""",[0.07760214805603027],"[0, 0, 0, 0]"
225.891417265,,14867,,1583006530,741563081,"""Zero Band""",[0.13186083734035492],"[0, 0, 0, 0]"
225.89795208,,14868,,1583006530,749402046,"""Zero Band""",[0.18611954152584076],"[0, 0, 0, 0]"
225.902765751,,14869,,1583006530,755938053,"""Zero Band""",[0.2403782308101654],"[0, 0, 0, 0]"
225.903880835,,14870,,1583006530,760900974,"""Soft-Hard Sip Deadband""",[0.3163532614707947],"[0, 0, 0, 0]"
225.904795885,,14871,,1583006530,761817932,"""Soft-Hard Sip Deadband""",[0.38147011399269104],"[0, 0, 0, 0]"
225.905648708,,14872,,1583006530,762768983,"""Soft-Hard Sip Deadband""",[0.4465869963169098],"[0, 0, 0, 0]"
225.912341595,,14873,,1583006530,763624906,"""Hard Sip""",[0.5225620269775391],"[0, 0, 0, 1]"
225.918391705,,14874,,1583006530,770322084,"""Hard Sip""",[0.598504900932312],"[0, 0, 0, 1]"
225.924250603,,14875,,1583006530,776249885,"""Hard Sip""",[0.6744799613952637],"[0, 0, 0, 1]"
225.929282188,,14876,,1583006530,782170057,"""Zero Band""",[0.7613131403923035],"[0, 0, 0, 0]"
225.935737371,,14877,,1583006530,787357091,"""Zero Band""",[0.8372560143470764],"[0, 0, 0, 0]"
225.941438437,,14878,,1583006530,793730974,"""Zero Band""",[0.924089252948761],"[0, 0, 0, 0]"
225.949163437,,14879,,1583006530,799314022,"""Zero Band""",[1.0],"[0, 0, 0, 0]"
226.208268881,,14880,,1583006531,61320066,"""Zero Band""",[0.9457734227180481],"[0, 0, 0, 0]"
226.213330984,,14881,,1583006531,66360950,"""Zero Band""",[0.8372560143470764],"[0, 0, 0, 0]"
226.218972683,,14882,,1583006531,71317911,"""Zero Band""",[0.7504549622535706],"[0, 0, 0, 0]"
226.223664999,,14883,,1583006531,77053070,"""Zero Band""",[0.6744799613952637],"[0, 0, 0, 0]"
226.230133772,,14884,,1583006531,81650018,"""Zero Band""",[0.5768207311630249],"[0, 0, 0, 0]"
226.236573696,,14885,,1583006531,88115930,"""Zero Band""",[0.5117038488388062],"[0, 0, 0, 0]"
226.237636328,,14886,,1583006531,94557046,"""Soft-Hard Sip Deadband""",[0.4465869963169098],"[0, 0, 0, 0]"
226.238735676,,14887,,1583006531,95777034,"""Soft-Hard Sip Deadband""",[0.3706119656562805],"[0, 0, 0, 0]"
226.239542723,,14888,,1583006531,96698045,"""Soft-Hard Sip Deadband""",[0.3163532614707947],"[0, 0, 0, 0]"
226.245327473,,14889,,1583006531,97523927,"""Soft Sip""",[0.27295273542404175],"[0, 0, 1, 0]"
226.252172947,,14890,,1583006531,103308916,"""Soft Sip""",[0.2186940312385559],"[0, 0, 1, 0]"
226.258093119,,14891,,1583006531,110217094,"""Soft Sip""",[0.17529350519180298],"[0, 0, 1, 0]"
226.263029575,,14892,,1583006531,116056919,"""Soft Sip""",[0.13186083734035492],"[0, 0, 1, 0]"
226.26893425,,14893,,1583006531,121040105,"""Soft Sip""",[0.0993184745311737],"[0, 0, 1, 0]"
226.275512695,,14894,,1583006531,127067089,"""Soft Sip""",[0.06674397736787796],"[0, 0, 1, 0]"
226.280089617,,14895,,1583006531,133481979,"""Soft Sip""",[0.04505977779626846],"[0, 0, 1, 0]"
226.284700155,,14896,,1583006531,138067960,"""Soft Sip""",[0.012485282495617867],"[0, 0, 1, 0]"
226.285615683,,14897,,1583006531,142776966,"""Zero Band""",[0.0016592431347817183],"[0, 0, 0, 0]"
226.286729813,,14898,,1583006531,143587112,"""Zero Band""",[-0.0],"[0, 0, 0, 0]"
226.287923813,,14899,,1583006531,144695043,"""Zero Band""",[-0.0],"[0, 0, 0, 0]"
226.28888917,,14900,,1583006531,145863056,"""Zero Band""",[-0.0],"[0, 0, 0, 0]"
226.288952827,,14901,,1583006531,145863056,"""input stopped""",[-0.0],"[0, 0, 0, 0]"
227.141471148,,14902,,1583006531,998284101,"""Zero Band""",[-0.0],"[0, 0, 0, 0]"
227.146508932,,14903,,1583006532,3252029,"""Zero Band""",[-0.0],"[0, 0, 0, 0]"
227.148028851,,14904,,1583006532,5206108,"""Zero Band""",[-0.0],"[0, 0, 0, 0]"
227.14991641,,14905,,1583006532,7190942,"""Zero Band""",[-0.0],"[0, 0, 0, 0]"
227.153917789,,14906,,1583006532,11204957,"""Zero Band""",[-0.0],"[0, 0, 0, 0]"
227.156023741,,14907,,1583006532,13190984,"""Zero Band""",[0.0016592431347817183],"[0, 0, 0, 0]"
227.163537025,,14908,,1583006532,15233039,"""Soft Sip""",[0.012485282495617867],"[0, 0, 1, 0]"
227.170300961,,14909,,1583006532,21631002,"""Soft Sip""",[0.023343447595834732],"[0, 0, 1, 0]"
227.175113678,,14910,,1583006532,28284072,"""Soft Sip""",[0.03420161083340645],"[0, 0, 1, 0]"
227.18139267,,14911,,1583006532,33252954,"""Soft Sip""",[0.04505977779626846],"[0, 0, 1, 0]"
227.187236071,,14912,,1583006532,39405107,"""Soft Sip""",[0.05591794103384018],"[0, 0, 1, 0]"
227.193461657,,14913,,1583006532,45219898,"""Soft Sip""",[0.06674397736787796],"[0, 0, 1, 0]"
227.199693918,,14914,,1583006532,51388978,"""Soft Sip""",[0.07760214805603027],"[0, 0, 1, 0]"
227.204846621,,14915,,1583006532,57801961,"""Soft Sip""",[0.08846031129360199],"[0, 0, 1, 0]"
227.209321976,,14916,,1583006532,62829971,"""Soft Sip""",[0.0993184745311737],"[0, 0, 1, 0]"
227.216220617,,14917,,1583006532,67308902,"""Soft Sip""",[0.11017663776874542],"[0, 0, 1, 0]"
227.221534729,,14918,,1583006532,74198007,"""Soft Sip""",[0.12103480100631714],"[0, 0, 1, 0]"
227.227217436,,14919,,1583006532,79665899,"""Soft Sip""",[0.14271900057792664],"[0, 0, 1, 0]"
227.23365736,,14920,,1583006532,85196971,"""Soft Sip""",[0.15357716381549835],"[0, 0, 1, 0]"
227.23911953,,14921,,1583006532,91636896,"""Soft Sip""",[0.16443534195423126],"[0, 0, 1, 0]"
227.243673563,,14922,,1583006532,97089052,"""Soft Sip""",[0.17529350519180298],"[0, 0, 1, 0]"
227.248889923,,14923,,1583006532,101676940,"""Soft Sip""",[0.18611954152584076],"[0, 0, 1, 0]"
227.25499773,,14924,,1583006532,106973886,"""Soft Sip""",[0.19697770476341248],"[0, 0, 1, 0]"
227.261893988,,14925,,1583006532,112998962,"""Soft Sip""",[0.2078358680009842],"[0, 0, 1, 0]"
227.268592119,,14926,,1583006532,119893074,"""Soft Sip""",[0.2186940312385559],"[0, 0, 1, 0]"
227.275668144,,14927,,1583006532,126674890,"""Soft Sip""",[0.22955219447612762],"[0, 0, 1, 0]"
227.281024694,,14928,,1583006532,133640050,"""Soft Sip""",[0.2403782308101654],"[0, 0, 1, 0]"
227.287249565,,14929,,1583006532,139004945,"""Soft Sip""",[0.2512364089488983],"[0, 0, 1, 0]"
227.294569969,,14930,,1583006532,145203113,"""Soft Sip""",[0.26209455728530884],"[0, 0, 1, 0]"
227.29993248,,14931,,1583006532,152724027,"""Soft Sip""",[0.27295273542404175],"[0, 0, 1, 0]"
227.30488801,,14932,,1583006532,157910108,"""Soft Sip""",[0.28381088376045227],"[0, 0, 1, 0]"
227.311245441,,14933,,1583006532,162897109,"""Soft Sip""",[0.2946690618991852],"[0, 0, 1, 0]"
227.312124252,,14934,,1583006532,169224023,"""Soft-Hard Sip Deadband""",[0.30549511313438416],"[0, 0, 0, 0]"
227.312844038,,14935,,1583006532,170103073,"""Soft-Hard Sip Deadband""",[0.3163532614707947],"[0, 0, 0, 0]"
227.313723326,,14936,,1583006532,170933961,"""Soft-Hard Sip Deadband""",[0.3272114396095276],"[0, 0, 0, 0]"
227.3145504,,14937,,1583006532,171703100,"""Soft-Hard Sip Deadband""",[0.3380695879459381],"[0, 0, 0, 0]"
227.315339804,,14938,,1583006532,172535896,"""Soft-Hard Sip Deadband""",[0.348927766084671],"[0, 0, 0, 0]"
227.316129684,,14939,,1583006532,173331022,"""Soft-Hard Sip Deadband""",[0.3380695879459381],"[0, 0, 0, 0]"
227.316884518,,14940,,1583006532,174105882,"""Soft-Hard Sip Deadband""",[0.348927766084671],"[0, 0, 0, 0]"
227.317742586,,14941,,1583006532,174949884,"""Soft-Hard Sip Deadband""",[0.3380695879459381],"[0, 0, 0, 0]"
227.31869483,,14942,,1583006532,175719022,"""Soft-Hard Sip Deadband""",[0.348927766084671],"[0, 0, 0, 0]"
227.319962978,,14943,,1583006532,176696062,"""Soft-Hard Sip Deadband""",[0.3380695879459381],"[0, 0, 0, 0]"
227.328439713,,14944,,1583006532,185333013,"""Soft-Hard Sip Deadband""",[0.3272114396095276],"[0, 0, 0, 0]"
227.336196899,,14945,,1583006532,193253993,"""Soft-Hard Sip Deadband""",[0.3163532614707947],"[0, 0, 0, 0]"
227.354383945,,14946,,1583006532,211316108,"""Soft-Hard Sip Deadband""",[0.3272114396095276],"[0, 0, 0, 0]"
227.356136799,,14947,,1583006532,213236093,"""Soft-Hard Sip Deadband""",[0.3163532614707947],"[0, 0, 0, 0]"
227.3585639,,14948,,1583006532,215287923,"""Soft-Hard Sip Deadband""",[0.3272114396095276],"[0, 0, 0, 0]"
227.370451689,,14949,,1583006532,227343082,"""Soft-Hard Sip Deadband""",[0.3380695879459381],"[0, 0, 0, 0]"
227.376174212,,14950,,1583006532,233306884,"""Soft-Hard Sip Deadband""",[0.348927766084671],"[0, 0, 0, 0]"
227.380245924,,14951,,1583006532,237251996,"""Soft-Hard Sip Deadband""",[0.3597537875175476],"[0, 0, 0, 0]"
227.382339716,,14952,,1583006532,239289045,"""Soft-Hard Sip Deadband""",[0.3706119656562805],"[0, 0, 0, 0]"
227.384070158,,14953,,1583006532,241218090,"""Soft-Hard Sip Deadband""",[0.38147011399269104],"[0, 0, 0, 0]"
227.388073444,,14954,,1583006532,245234012,"""Soft-Hard Sip Deadband""",[0.39232829213142395],"[0, 0, 0, 0]"
227.389966726,,14955,,1583006532,247227907,"""Soft-Hard Sip Deadband""",[0.4140446186065674],"[0, 0, 0, 0]"
227.3920362,,14956,,1583006532,249213933,"""Soft-Hard Sip Deadband""",[0.42487066984176636],"[0, 0, 0, 0]"
227.398158789,,14957,,1583006532,255307912,"""Soft-Hard Sip Deadband""",[0.4465869963169098],"[0, 0, 0, 0]"
227.400067568,,14958,,1583006532,257215976,"""Soft-Hard Sip Deadband""",[0.4574451446533203],"[0, 0, 0, 0]"
227.40195322,,14959,,1583006532,259216070,"""Soft-Hard Sip Deadband""",[0.4683033227920532],"[0, 0, 0, 0]"
227.406066895,,14960,,1583006532,263259887,"""Soft-Hard Sip Deadband""",[0.4791293442249298],"[0, 0, 0, 0]"
227.408087492,,14961,,1583006532,265206098,"""Soft-Hard Sip Deadband""",[0.4899875223636627],"[0, 0, 0, 0]"
227.418703794,,14962,,1583006532,271317005,"""Zero Band""",[0.5008456707000732],"[0, 0, 0, 0]"
227.423619986,,14963,,1583006532,276778936,"""Zero Band""",[0.5117038488388062],"[0, 0, 0, 0]"
227.428329706,,14964,,1583006532,281693935,"""Zero Band""",[0.5225620269775391],"[0, 0, 0, 0]"
227.440716743,,14965,,1583006532,293358087,"""Zero Band""",[0.5117038488388062],"[0, 0, 0, 0]"
227.447380781,,14966,,1583006532,299217939,"""Zero Band""",[0.5008456707000732],"[0, 0, 0, 0]"
227.448595762,,14967,,1583006532,305625915,"""Soft-Hard Sip Deadband""",[0.4899875223636627],"[0, 0, 0, 0]"
227.450510502,,14968,,1583006532,307331085,"""Soft-Hard Sip Deadband""",[0.4791293442249298],"[0, 0, 0, 0]"
227.460626364,,14969,,1583006532,317312955,"""Soft-Hard Sip Deadband""",[0.4899875223636627],"[0, 0, 0, 0]"
227.467536688,,14970,,1583006532,319215059,"""Zero Band""",[0.5008456707000732],"[0, 0, 0, 0]"
227.472320557,,14971,,1583006532,325598001,"""Zero Band""",[0.5117038488388062],"[0, 0, 0, 0]"
227.477891922,,14972,,1583006532,330368041,"""Zero Band""",[0.5225620269775391],"[0, 0, 0, 0]"
227.484908819,,14973,,1583006532,335937023,"""Zero Band""",[0.533388078212738],"[0, 0, 0, 0]"
227.489924669,,14974,,1583006532,343003034,"""Zero Band""",[0.5442461967468262],"[0, 0, 0, 0]"
227.494482994,,14975,,1583006532,347915887,"""Zero Band""",[0.5551043748855591],"[0, 0, 0, 0]"
227.500401258,,14976,,1583006532,352545022,"""Zero Band""",[0.565962553024292],"[0, 0, 0, 0]"
227.504892349,,14977,,1583006532,358377933,"""Zero Band""",[0.5768207311630249],"[0, 0, 0, 0]"
227.510082245,,14978,,1583006532,362983942,"""Zero Band""",[0.587678849697113],"[0, 0, 0, 0]"
227.516636848,,14979,,1583006532,368036031,"""Zero Band""",[0.598504900932312],"[0, 0, 0, 0]"
227.521646023,,14980,,1583006532,374387025,"""Zero Band""",[0.6093630790710449],"[0, 0, 0, 0]"
227.526302576,,14981,,1583006532,379657030,"""Zero Band""",[0.6202212572097778],"[0, 0, 0, 0]"
227.532855272,,14982,,1583006532,384371995,"""Zero Band""",[0.6310794353485107],"[0, 0, 0, 0]"
227.539538145,,14983,,1583006532,390863895,"""Zero Band""",[0.6419375538825989],"[0, 0, 0, 0]"
227.545280218,,14984,,1583006532,397531032,"""Zero Band""",[0.6527636051177979],"[0, 0, 0, 0]"
227.550608873,,14985,,1583006532,403254985,"""Zero Band""",[0.6636217832565308],"[0, 0, 0, 0]"
227.556130171,,14986,,1583006532,408651113,"""Zero Band""",[0.6744799613952637],"[0, 0, 0, 0]"
227.560520649,,14987,,1583006532,414103984,"""Zero Band""",[0.6853380799293518],"[0, 0, 0, 0]"
227.566085339,,14988,,1583006532,418646097,"""Zero Band""",[0.6961962580680847],"[0, 0, 0, 0]"
227.573417425,,14989,,1583006532,424063920,"""Zero Band""",[0.7070544362068176],"[0, 0, 0, 0]"
227.580794096,,14990,,1583006532,431473016,"""Zero Band""",[0.7178804874420166],"[0, 0, 0, 0]"
227.58701849,,14991,,1583006532,438921928,"""Zero Band""",[0.7287386655807495],"[0, 0, 0, 0]"
227.593348265,,14992,,1583006532,445099115,"""Zero Band""",[0.7395967841148376],"[0, 0, 0, 0]"
227.598115683,,14993,,1583006532,451348066,"""Zero Band""",[0.7504549622535706],"[0, 0, 0, 0]"
227.60478282,,14994,,1583006532,456173896,"""Zero Band""",[0.7613131403923035],"[0, 0, 0, 0]"
227.612011194,,14995,,1583006532,462861061,"""Zero Band""",[0.7504549622535706],"[0, 0, 0, 0]"
227.617313385,,14996,,1583006532,470087051,"""Zero Band""",[0.7395967841148376],"[0, 0, 0, 0]"
227.621901512,,14997,,1583006532,475353002,"""Zero Band""",[0.7287386655807495],"[0, 0, 0, 0]"
227.627756834,,14998,,1583006532,479954004,"""Zero Band""",[0.7178804874420166],"[0, 0, 0, 0]"
227.633341551,,14999,,1583006532,485735893,"""Zero Band""",[0.7070544362068176],"[0, 0, 0, 0]"
227.639259338,,15000,,1583006532,491435050,"""Zero Band""",[0.7178804874420166],"[0, 0, 0, 0]"
227.645747185,,15001,,1583006532,497345924,"""Zero Band""",[0.7287386655807495],"[0, 0, 0, 0]"
227.650617361,,15002,,1583006532,503820896,"""Zero Band""",[0.7395967841148376],"[0, 0, 0, 0]"
227.655382395,,15003,,1583006532,508646965,"""Zero Band""",[0.7504549622535706],"[0, 0, 0, 0]"
227.671656609,,15004,,1583006532,523364067,"""Zero Band""",[0.7395967841148376],"[0, 0, 0, 0]"
227.678398609,,15005,,1583006532,529755115,"""Zero Band""",[0.7287386655807495],"[0, 0, 0, 0]"
227.684472322,,15006,,1583006532,536536931,"""Zero Band""",[0.7178804874420166],"[0, 0, 0, 0]"
227.68936348,,15007,,1583006532,542551994,"""Zero Band""",[0.7070544362068176],"[0, 0, 0, 0]"
227.69616437,,15008,,1583006532,547487974,"""Zero Band""",[0.6961962580680847],"[0, 0, 0, 0]"
227.702746391,,15009,,1583006532,554131984,"""Zero Band""",[0.6853380799293518],"[0, 0, 0, 0]"
227.708406687,,15010,,1583006532,560839891,"""Zero Band""",[0.6744799613952637],"[0, 0, 0, 0]"
227.714365005,,15011,,1583006532,566369056,"""Zero Band""",[0.6636217832565308],"[0, 0, 0, 0]"
227.720291376,,15012,,1583006532,572483062,"""Zero Band""",[0.6527636051177979],"[0, 0, 0, 0]"
227.726097584,,15013,,1583006532,578274011,"""Zero Band""",[0.6419375538825989],"[0, 0, 0, 0]"
227.733077049,,15014,,1583006532,584166049,"""Zero Band""",[0.6527636051177979],"[0, 0, 0, 0]"
227.738401651,,15015,,1583006532,591087102,"""Zero Band""",[0.6636217832565308],"[0, 0, 0, 0]"
227.744170189,,15016,,1583006532,596561908,"""Zero Band""",[0.6744799613952637],"[0, 0, 0, 0]"
227.749547958,,15017,,1583006532,602144956,"""Zero Band""",[0.6853380799293518],"[0, 0, 0, 0]"
227.75480032,,15018,,1583006532,607652902,"""Zero Band""",[0.6961962580680847],"[0, 0, 0, 0]"
227.759254217,,15019,,1583006532,612776994,"""Zero Band""",[0.7070544362068176],"[0, 0, 0, 0]"
227.765165329,,15020,,1583006532,617233037,"""Zero Band""",[0.7178804874420166],"[0, 0, 0, 0]"
227.771350622,,15021,,1583006532,623178958,"""Zero Band""",[0.7287386655807495],"[0, 0, 0, 0]"
227.776578188,,15022,,1583006532,629363059,"""Zero Band""",[0.7395967841148376],"[0, 0, 0, 0]"
227.78215909,,15023,,1583006532,634650945,"""Zero Band""",[0.7504549622535706],"[0, 0, 0, 0]"
227.78811574,,15024,,1583006532,640135049,"""Zero Band""",[0.7613131403923035],"[0, 0, 0, 0]"
227.792826653,,15025,,1583006532,646173000,"""Zero Band""",[0.7721391916275024],"[0, 0, 0, 0]"
227.79948163,,15026,,1583006532,650794982,"""Zero Band""",[0.7613131403923035],"[0, 0, 0, 0]"
227.805192947,,15027,,1583006532,657454013,"""Zero Band""",[0.7504549622535706],"[0, 0, 0, 0]"
227.810742855,,15028,,1583006532,663265943,"""Zero Band""",[0.7395967841148376],"[0, 0, 0, 0]"
227.815140009,,15029,,1583006532,668725013,"""Zero Band""",[0.7287386655807495],"[0, 0, 0, 0]"
227.820409775,,15030,,1583006532,673122882,"""Zero Band""",[0.7178804874420166],"[0, 0, 0, 0]"
227.827201843,,15031,,1583006532,678488016,"""Zero Band""",[0.7070544362068176],"[0, 0, 0, 0]"
227.834104776,,15032,,1583006532,685329914,"""Zero Band""",[0.6961962580680847],"[0, 0, 0, 0]"
227.839514256,,15033,,1583006532,692111968,"""Zero Band""",[0.6853380799293518],"[0, 0, 0, 0]"
227.844453335,,15034,,1583006532,697607994,"""Zero Band""",[0.6744799613952637],"[0, 0, 0, 0]"
227.851042271,,15035,,1583006532,702503919,"""Zero Band""",[0.6636217832565308],"[0, 0, 0, 0]"
227.858508587,,15036,,1583006532,709108114,"""Zero Band""",[0.6527636051177979],"[0, 0, 0, 0]"
227.865217686,,15037,,1583006532,716413021,"""Zero Band""",[0.6419375538825989],"[0, 0, 0, 0]"
227.877222776,,15038,,1583006532,729264020,"""Zero Band""",[0.6527636051177979],"[0, 0, 0, 0]"
227.884496689,,15039,,1583006532,735300064,"""Zero Band""",[0.6636217832565308],"[0, 0, 0, 0]"
227.895793676,,15040,,1583006532,747452974,"""Zero Band""",[0.6744799613952637],"[0, 0, 0, 0]"
227.901967049,,15041,,1583006532,754010915,"""Zero Band""",[0.6853380799293518],"[0, 0, 0, 0]"
227.908097029,,15042,,1583006532,760008096,"""Zero Band""",[0.6961962580680847],"[0, 0, 0, 0]"
227.922906876,,15043,,1583006532,773364067,"""Zero Band""",[0.7070544362068176],"[0, 0, 0, 0]"
227.931061745,,15044,,1583006532,781270980,"""Zero Band""",[0.6961962580680847],"[0, 0, 0, 0]"
227.937875271,,15045,,1583006532,789110898,"""Zero Band""",[0.6853380799293518],"[0, 0, 0, 0]"
227.943885803,,15046,,1583006532,795973062,"""Zero Band""",[0.6744799613952637],"[0, 0, 0, 0]"
227.95167017,,15047,,1583006532,801934003,"""Zero Band""",[0.6636217832565308],"[0, 0, 0, 0]"
227.95792222,,15048,,1583006532,809771060,"""Zero Band""",[0.6527636051177979],"[0, 0, 0, 0]"
227.963806152,,15049,,1583006532,816015958,"""Zero Band""",[0.6419375538825989],"[0, 0, 0, 0]"
227.970356464,,15050,,1583006532,821783065,"""Zero Band""",[0.6310794353485107],"[0, 0, 0, 0]"
227.976213932,,15051,,1583006532,828445911,"""Zero Band""",[0.6202212572097778],"[0, 0, 0, 0]"
227.981324673,,15052,,1583006532,834177017,"""Zero Band""",[0.6093630790710449],"[0, 0, 0, 0]"
227.9887712,,15053,,1583006532,839469909,"""Zero Band""",[0.598504900932312],"[0, 0, 0, 0]"
227.99341774,,15054,,1583006532,846649885,"""Zero Band""",[0.587678849697113],"[0, 0, 0, 0]"
227.998129368,,15055,,1583006532,851407051,"""Zero Band""",[0.5768207311630249],"[0, 0, 0, 0]"
228.0046525,,15056,,1583006532,856106996,"""Zero Band""",[0.565962553024292],"[0, 0, 0, 0]"
228.010948658,,15057,,1583006532,862677097,"""Zero Band""",[0.5551043748855591],"[0, 0, 0, 0]"
228.020491838,,15058,,1583006532,871318101,"""Zero Band""",[0.5442461967468262],"[0, 0, 0, 0]"
228.026677132,,15059,,1583006532,879295110,"""Zero Band""",[0.533388078212738],"[0, 0, 0, 0]"
228.032705069,,15060,,1583006532,884749889,"""Zero Band""",[0.5225620269775391],"[0, 0, 0, 0]"
228.037968397,,15061,,1583006532,890855073,"""Zero Band""",[0.5117038488388062],"[0, 0, 0, 0]"
228.04329586,,15062,,1583006532,896022081,"""Zero Band""",[0.5008456707000732],"[0, 0, 0, 0]"
228.044146538,,15063,,1583006532,901364088,"""Soft-Hard Sip Deadband""",[0.4899875223636627],"[0, 0, 0, 0]"
228.044908762,,15064,,1583006532,902121067,"""Soft-Hard Sip Deadband""",[0.4791293442249298],"[0, 0, 0, 0]"
228.045716763,,15065,,1583006532,902971982,"""Soft-Hard Sip Deadband""",[0.4683033227920532],"[0, 0, 0, 0]"
228.046480656,,15066,,1583006532,903698921,"""Soft-Hard Sip Deadband""",[0.4574451446533203],"[0, 0, 0, 0]"
228.047473431,,15067,,1583006532,904470920,"""Soft-Hard Sip Deadband""",[0.4465869963169098],"[0, 0, 0, 0]"
228.048732042,,15068,,1583006532,905359983,"""Soft-Hard Sip Deadband""",[0.4357288181781769],"[0, 0, 0, 0]"
228.068367004,,15069,,1583006532,925363063,"""Soft-Hard Sip Deadband""",[0.4465869963169098],"[0, 0, 0, 0]"
228.076361656,,15070,,1583006532,933321952,"""Soft-Hard Sip Deadband""",[0.4574451446533203],"[0, 0, 0, 0]"
228.083065271,,15071,,1583006532,939423084,"""Soft-Hard Sip Deadband""",[0.4683033227920532],"[0, 0, 0, 0]"
228.088375807,,15072,,1583006532,945291042,"""Soft-Hard Sip Deadband""",[0.4791293442249298],"[0, 0, 0, 0]"
228.094129562,,15073,,1583006532,951245069,"""Soft-Hard Sip Deadband""",[0.4899875223636627],"[0, 0, 0, 0]"
228.116690874,,15074,,1583006532,973371982,"""Soft-Hard Sip Deadband""",[0.4791293442249298],"[0, 0, 0, 0]"
228.120106936,,15075,,1583006532,977241039,"""Soft-Hard Sip Deadband""",[0.4683033227920532],"[0, 0, 0, 0]"
228.128416777,,15076,,1583006532,985332965,"""Soft-Hard Sip Deadband""",[0.4574451446533203],"[0, 0, 0, 0]"
228.13253355,,15077,,1583006532,989243030,"""Soft-Hard Sip Deadband""",[0.4465869963169098],"[0, 0, 0, 0]"
228.14023757,,15078,,1583006532,997236013,"""Soft-Hard Sip Deadband""",[0.4357288181781769],"[0, 0, 0, 0]"
228.144488335,,15079,,1583006533,1318931,"""Soft-Hard Sip Deadband""",[0.42487066984176636],"[0, 0, 0, 0]"
228.150327206,,15080,,1583006533,7266044,"""Soft-Hard Sip Deadband""",[0.4140446186065674],"[0, 0, 0, 0]"
228.154137611,,15081,,1583006533,11238098,"""Soft-Hard Sip Deadband""",[0.4031864404678345],"[0, 0, 0, 0]"
228.158046961,,15082,,1583006533,15211105,"""Soft-Hard Sip Deadband""",[0.39232829213142395],"[0, 0, 0, 0]"
228.159987211,,15083,,1583006533,17204046,"""Soft-Hard Sip Deadband""",[0.38147011399269104],"[0, 0, 0, 0]"
228.162025452,,15084,,1583006533,19196987,"""Soft-Hard Sip Deadband""",[0.3706119656562805],"[0, 0, 0, 0]"
228.166168928,,15085,,1583006533,23262977,"""Soft-Hard Sip Deadband""",[0.3597537875175476],"[0, 0, 0, 0]"
228.167975426,,15086,,1583006533,25197982,"""Soft-Hard Sip Deadband""",[0.348927766084671],"[0, 0, 0, 0]"
228.170223951,,15087,,1583006533,27225971,"""Soft-Hard Sip Deadband""",[0.3380695879459381],"[0, 0, 0, 0]"
228.174076319,,15088,,1583006533,31282901,"""Soft-Hard Sip Deadband""",[0.3272114396095276],"[0, 0, 0, 0]"
228.176156044,,15089,,1583006533,33348083,"""Soft-Hard Sip Deadband""",[0.30549511313438416],"[0, 0, 0, 0]"
228.18283987,,15090,,1583006533,35214900,"""Soft Sip""",[0.28381088376045227],"[0, 0, 1, 0]"
228.188708305,,15091,,1583006533,40915012,"""Soft Sip""",[0.26209455728530884],"[0, 0, 1, 0]"
228.194506407,,15092,,1583006533,46751022,"""Soft Sip""",[0.2512364089488983],"[0, 0, 1, 0]"
228.200095177,,15093,,1583006533,52536010,"""Soft Sip""",[0.22955219447612762],"[0, 0, 1, 0]"
228.206081629,,15094,,1583006533,58228969,"""Soft Sip""",[0.18611954152584076],"[0, 0, 1, 0]"
228.213079214,,15095,,1583006533,63952922,"""Soft Sip""",[0.16443534195423126],"[0, 0, 1, 0]"
228.219317436,,15096,,1583006533,71208000,"""Soft Sip""",[0.13186083734035492],"[0, 0, 1, 0]"
228.224554062,,15097,,1583006533,77270030,"""Soft Sip""",[0.11017663776874542],"[0, 0, 1, 0]"
228.230889797,,15098,,1583006533,82653045,"""Soft Sip""",[0.08846031129360199],"[0, 0, 1, 0]"
228.235510826,,15099,,1583006533,88782072,"""Soft Sip""",[0.06674397736787796],"[0, 0, 1, 0]"
228.240809441,,15100,,1583006533,93488931,"""Soft Sip""",[0.04505977779626846],"[0, 0, 1, 0]"
228.247959375,,15101,,1583006533,98793029,"""Soft Sip""",[0.023343447595834732],"[0, 0, 1, 0]"
228.248897552,,15102,,1583006533,105922937,"""Zero Band""",[-0.0],"[0, 0, 0, 0]"
228.24974823,,15103,,1583006533,106973886,"""Zero Band""",[-0.0],"[0, 0, 0, 0]"
228.250466108,,15104,,1583006533,107732057,"""Zero Band""",[-0.0],"[0, 0, 0, 0]"
228.251153708,,15105,,1583006533,108438014,"""Zero Band""",[-0.0],"[0, 0, 0, 0]"
228.251906395,,15106,,1583006533,109205007,"""Zero Band""",[-0.0],"[0, 0, 0, 0]"
228.251983166,,15107,,1583006533,109205007,"""input stopped""",[-0.0],"[0, 0, 0, 0]"
228.80915451,,15108,,1583006533,666217088,"""Zero Band""",[-0.0],"[0, 0, 0, 0]"
228.816946268,,15109,,1583006533,673548936,"""Zero Band""",[-0.0],"[0, 0, 0, 0]"
228.818079472,,15110,,1583006533,675223112,"""Zero Band""",[-0.0],"[0, 0, 0, 0]"
228.824270725,,15111,,1583006533,681217908,"""Zero Band""",[-0.0],"[0, 0, 0, 0]"
228.826155186,,15112,,1583006533,683257102,"""Zero Band""",[-0.0],"[0, 0, 0, 0]"
228.832197666,,15113,,1583006533,689244985,"""Zero Band""",[0.0016592431347817183],"[0, 0, 0, 0]"
228.839023113,,15114,,1583006533,691210985,"""Soft Sip""",[0.012485282495617867],"[0, 0, 1, 0]"
228.843434334,,15115,,1583006533,697082996,"""Soft Sip""",[0.023343447595834732],"[0, 0, 1, 0]"
228.848628521,,15116,,1583006533,701484918,"""Soft Sip""",[0.03420161083340645],"[0, 0, 1, 0]"
228.854816675,,15117,,1583006533,706612110,"""Soft Sip""",[0.04505977779626846],"[0, 0, 1, 0]"
228.860043764,,15118,,1583006533,712827920,"""Soft Sip""",[0.05591794103384018],"[0, 0, 1, 0]"
228.865506172,,15119,,1583006533,718095064,"""Soft Sip""",[0.06674397736787796],"[0, 0, 1, 0]"
228.871522188,,15120,,1583006533,723572015,"""Soft Sip""",[0.07760214805603027],"[0, 0, 1, 0]"
228.877019882,,15121,,1583006533,729506969,"""Soft Sip""",[0.08846031129360199],"[0, 0, 1, 0]"
228.882641077,,15122,,1583006533,735085010,"""Soft Sip""",[0.0993184745311737],"[0, 0, 1, 0]"
228.888947725,,15123,,1583006533,740626096,"""Soft Sip""",[0.11017663776874542],"[0, 0, 1, 0]"
228.895057917,,15124,,1583006533,747054100,"""Soft Sip""",[0.12103480100631714],"[0, 0, 1, 0]"
228.90056777,,15125,,1583006533,753150939,"""Soft Sip""",[0.13186083734035492],"[0, 0, 1, 0]"
228.907573223,,15126,,1583006533,758549928,"""Soft Sip""",[0.14271900057792664],"[0, 0, 1, 0]"
228.914243221,,15127,,1583006533,765624046,"""Soft Sip""",[0.15357716381549835],"[0, 0, 1, 0]"
228.922198534,,15128,,1583006533,772300004,"""Soft Sip""",[0.16443534195423126],"[0, 0, 1, 0]"
228.92734313,,15129,,1583006533,780180931,"""Soft Sip""",[0.17529350519180298],"[0, 0, 1, 0]"
228.933728933,,15130,,1583006533,785422086,"""Soft Sip""",[0.18611954152584076],"[0, 0, 1, 0]"
228.938867331,,15131,,1583006533,791696071,"""Soft Sip""",[0.19697770476341248],"[0, 0, 1, 0]"
228.944487333,,15132,,1583006533,796957015,"""Soft Sip""",[0.2078358680009842],"[0, 0, 1, 0]"
228.950094461,,15133,,1583006533,802552938,"""Soft Sip""",[0.2186940312385559],"[0, 0, 1, 0]"
228.956676006,,15134,,1583006533,808187007,"""Soft Sip""",[0.22955219447612762],"[0, 0, 1, 0]"
228.963161945,,15135,,1583006533,815262079,"""Soft Sip""",[0.2403782308101654],"[0, 0, 1, 0]"
228.993845224,,15136,,1583006533,845387935,"""Soft Sip""",[0.2512364089488983],"[0, 0, 1, 0]"
229.020809889,,15137,,1583006533,871387958,"""Soft Sip""",[0.26209455728530884],"[0, 0, 1, 0]"
229.027910948,,15138,,1583006533,878904104,"""Soft Sip""",[0.2512364089488983],"[0, 0, 1, 0]"
229.03407073,,15139,,1583006533,886022090,"""Soft Sip""",[0.26209455728530884],"[0, 0, 1, 0]"
229.038943529,,15140,,1583006533,892235994,"""Soft Sip""",[0.2512364089488983],"[0, 0, 1, 0]"
229.044726372,,15141,,1583006533,896965026,"""Soft Sip""",[0.26209455728530884],"[0, 0, 1, 0]"
229.062316418,,15142,,1583006533,913368940,"""Soft Sip""",[0.27295273542404175],"[0, 0, 1, 0]"
229.072476864,,15143,,1583006533,923346996,"""Soft Sip""",[0.28381088376045227],"[0, 0, 1, 0]"
229.080661297,,15144,,1583006533,933267116,"""Soft Sip""",[0.2946690618991852],"[0, 0, 1, 0]"
229.082364798,,15145,,1583006533,939249992,"""Soft-Hard Sip Deadband""",[0.30549511313438416],"[0, 0, 0, 0]"
229.088500977,,15146,,1583006533,945337057,"""Soft-Hard Sip Deadband""",[0.3163532614707947],"[0, 0, 0, 0]"
229.094564676,,15147,,1583006533,951344013,"""Soft-Hard Sip Deadband""",[0.3272114396095276],"[0, 0, 0, 0]"
229.102808714,,15148,,1583006533,959424972,"""Soft-Hard Sip Deadband""",[0.3380695879459381],"[0, 0, 0, 0]"
229.112488031,,15149,,1583006533,969244003,"""Soft-Hard Sip Deadband""",[0.348927766084671],"[0, 0, 0, 0]"
229.128470182,,15150,,1583006533,985323905,"""Soft-Hard Sip Deadband""",[0.3597537875175476],"[0, 0, 0, 0]"
229.152262211,,15151,,1583006534,9335994,"""Soft-Hard Sip Deadband""",[0.3706119656562805],"[0, 0, 0, 0]"
229.180691719,,15152,,1583006534,37370920,"""Soft-Hard Sip Deadband""",[0.38147011399269104],"[0, 0, 0, 0]"
229.190511227,,15153,,1583006534,47372102,"""Soft-Hard Sip Deadband""",[0.3706119656562805],"[0, 0, 0, 0]"
229.19226265,,15154,,1583006534,49262046,"""Soft-Hard Sip Deadband""",[0.38147011399269104],"[0, 0, 0, 0]"
229.196145535,,15155,,1583006534,53220987,"""Soft-Hard Sip Deadband""",[0.3706119656562805],"[0, 0, 0, 0]"
229.20014739,,15156,,1583006534,57288885,"""Soft-Hard Sip Deadband""",[0.38147011399269104],"[0, 0, 0, 0]"
229.224269152,,15157,,1583006534,81305027,"""Soft-Hard Sip Deadband""",[0.39232829213142395],"[0, 0, 0, 0]"
229.234370708,,15158,,1583006534,91336965,"""Soft-Hard Sip Deadband""",[0.4031864404678345],"[0, 0, 0, 0]"
229.252636909,,15159,,1583006534,109318017,"""Soft-Hard Sip Deadband""",[0.4140446186065674],"[0, 0, 0, 0]"
229.278505087,,15160,,1583006534,135313987,"""Soft-Hard Sip Deadband""",[0.42487066984176636],"[0, 0, 0, 0]"
229.310509682,,15161,,1583006534,167323112,"""Soft-Hard Sip Deadband""",[0.4357288181781769],"[0, 0, 0, 0]"
229.312177181,,15162,,1583006534,169217109,"""Soft-Hard Sip Deadband""",[0.42487066984176636],"[0, 0, 0, 0]"
229.318454027,,15163,,1583006534,175389051,"""Soft-Hard Sip Deadband""",[0.4357288181781769],"[0, 0, 0, 0]"
229.320154667,,15164,,1583006534,177264928,"""Soft-Hard Sip Deadband""",[0.42487066984176636],"[0, 0, 0, 0]"
229.326055527,,15165,,1583006534,183242082,"""Soft-Hard Sip Deadband""",[0.4357288181781769],"[0, 0, 0, 0]"
229.34260726,,15166,,1583006534,199285984,"""Soft-Hard Sip Deadband""",[0.42487066984176636],"[0, 0, 0, 0]"
229.352605581,,15167,,1583006534,209351062,"""Soft-Hard Sip Deadband""",[0.4140446186065674],"[0, 0, 0, 0]"
229.360255241,,15168,,1583006534,217242956,"""Soft-Hard Sip Deadband""",[0.4031864404678345],"[0, 0, 0, 0]"
229.368554592,,15169,,1583006534,225363969,"""Soft-Hard Sip Deadband""",[0.39232829213142395],"[0, 0, 0, 0]"
229.372344971,,15170,,1583006534,229240894,"""Soft-Hard Sip Deadband""",[0.38147011399269104],"[0, 0, 0, 0]"
229.38058567,,15171,,1583006534,237370967,"""Soft-Hard Sip Deadband""",[0.3706119656562805],"[0, 0, 0, 0]"
229.388588428,,15172,,1583006534,245369911,"""Soft-Hard Sip Deadband""",[0.3597537875175476],"[0, 0, 0, 0]"
229.396574736,,15173,,1583006534,253298044,"""Soft-Hard Sip Deadband""",[0.348927766084671],"[0, 0, 0, 0]"
229.402514935,,15174,,1583006534,259356975,"""Soft-Hard Sip Deadband""",[0.3380695879459381],"[0, 0, 0, 0]"
229.404120207,,15175,,1583006534,261221885,"""Soft-Hard Sip Deadband""",[0.3272114396095276],"[0, 0, 0, 0]"
229.408240795,,15176,,1583006534,265242099,"""Soft-Hard Sip Deadband""",[0.3163532614707947],"[0, 0, 0, 0]"
229.414528847,,15177,,1583006534,271322965,"""Soft-Hard Sip Deadband""",[0.30549511313438416],"[0, 0, 0, 0]"
229.425581694,,15178,,1583006534,277271032,"""Soft Sip""",[0.2946690618991852],"[0, 0, 1, 0]"
229.432097435,,15179,,1583006534,283628940,"""Soft Sip""",[0.28381088376045227],"[0, 0, 1, 0]"
229.438799143,,15180,,1583006534,290116071,"""Soft Sip""",[0.27295273542404175],"[0, 0, 1, 0]"
229.446085215,,15181,,1583006534,296930074,"""Soft Sip""",[0.26209455728530884],"[0, 0, 1, 0]"
229.453105211,,15182,,1583006534,304035902,"""Soft Sip""",[0.2512364089488983],"[0, 0, 1, 0]"
229.459499121,,15183,,1583006534,311139106,"""Soft Sip""",[0.2403782308101654],"[0, 0, 1, 0]"
229.465447426,,15184,,1583006534,317560911,"""Soft Sip""",[0.22955219447612762],"[0, 0, 1, 0]"
229.47155261,,15185,,1583006534,323507070,"""Soft Sip""",[0.2186940312385559],"[0, 0, 1, 0]"
229.476359367,,15186,,1583006534,329632043,"""Soft Sip""",[0.22955219447612762],"[0, 0, 1, 0]"
229.482010365,,15187,,1583006534,334337949,"""Soft Sip""",[0.2186940312385559],"[0, 0, 1, 0]"
229.499796152,,15188,,1583006534,351358890,"""Soft Sip""",[0.22955219447612762],"[0, 0, 1, 0]"
229.533323526,,15189,,1583006534,385365009,"""Soft Sip""",[0.2403782308101654],"[0, 0, 1, 0]"
229.550741434,,15190,,1583006534,401346921,"""Soft Sip""",[0.2512364089488983],"[0, 0, 1, 0]"
229.572446823,,15191,,1583006534,423340082,"""Soft Sip""",[0.26209455728530884],"[0, 0, 1, 0]"
229.577597141,,15192,,1583006534,430494070,"""Soft Sip""",[0.27295273542404175],"[0, 0, 1, 0]"
229.591177464,,15193,,1583006534,441499948,"""Soft Sip""",[0.28381088376045227],"[0, 0, 1, 0]"
229.608724356,,15194,,1583006534,461355924,"""Soft Sip""",[0.2946690618991852],"[0, 0, 1, 0]"
229.61832428,,15195,,1583006534,469242095,"""Soft Sip""",[0.28381088376045227],"[0, 0, 1, 0]"
229.655975819,,15196,,1583006534,507366895,"""Soft Sip""",[0.27295273542404175],"[0, 0, 1, 0]"
229.679530382,,15197,,1583006534,531349897,"""Soft Sip""",[0.28381088376045227],"[0, 0, 1, 0]"
229.692449331,,15198,,1583006534,545394897,"""Soft Sip""",[0.27295273542404175],"[0, 0, 1, 0]"
229.705942631,,15199,,1583006534,557442903,"""Soft Sip""",[0.26209455728530884],"[0, 0, 1, 0]"
229.716565609,,15200,,1583006534,567317962,"""Soft Sip""",[0.2512364089488983],"[0, 0, 1, 0]"
229.726531982,,15201,,1583006534,579298019,"""Soft Sip""",[0.2403782308101654],"[0, 0, 1, 0]"
229.748532057,,15202,,1583006534,599468946,"""Soft Sip""",[0.22955219447612762],"[0, 0, 1, 0]"
229.791090965,,15203,,1583006534,641330003,"""Soft Sip""",[0.2403782308101654],"[0, 0, 1, 0]"
229.797214508,,15204,,1583006534,649324893,"""Soft Sip""",[0.2512364089488983],"[0, 0, 1, 0]"
229.805383444,,15205,,1583006534,657249927,"""Soft Sip""",[0.26209455728530884],"[0, 0, 1, 0]"
229.81739378,,15206,,1583006534,669449090,"""Soft Sip""",[0.27295273542404175],"[0, 0, 1, 0]"
229.826544046,,15207,,1583006534,679258108,"""Soft Sip""",[0.28381088376045227],"[0, 0, 1, 0]"
229.841097116,,15208,,1583006534,693372011,"""Soft Sip""",[0.2946690618991852],"[0, 0, 1, 0]"
229.846592426,,15209,,1583006534,703322887,"""Soft-Hard Sip Deadband""",[0.30549511313438416],"[0, 0, 0, 0]"
229.860237598,,15210,,1583006534,717305898,"""Soft-Hard Sip Deadband""",[0.3163532614707947],"[0, 0, 0, 0]"
229.906611443,,15211,,1583006534,763365030,"""Soft-Hard Sip Deadband""",[0.3272114396095276],"[0, 0, 0, 0]"
229.908296108,,15212,,1583006534,765264987,"""Soft-Hard Sip Deadband""",[0.3163532614707947],"[0, 0, 0, 0]"
229.912186861,,15213,,1583006534,769223928,"""Soft-Hard Sip Deadband""",[0.3272114396095276],"[0, 0, 0, 0]"
229.92066288,,15214,,1583006534,777363061,"""Soft-Hard Sip Deadband""",[0.3163532614707947],"[0, 0, 0, 0]"
229.932349443,,15215,,1583006534,789257049,"""Soft-Hard Sip Deadband""",[0.3272114396095276],"[0, 0, 0, 0]"
229.956511497,,15216,,1583006534,813312053,"""Soft-Hard Sip Deadband""",[0.3380695879459381],"[0, 0, 0, 0]"
229.966669083,,15217,,1583006534,823314905,"""Soft-Hard Sip Deadband""",[0.348927766084671],"[0, 0, 0, 0]"
229.978307962,,15218,,1583006534,835316896,"""Soft-Hard Sip Deadband""",[0.3597537875175476],"[0, 0, 0, 0]"
229.990159512,,15219,,1583006534,847276926,"""Soft-Hard Sip Deadband""",[0.3706119656562805],"[0, 0, 0, 0]"
230.004571199,,15220,,1583006534,861300945,"""Soft-Hard Sip Deadband""",[0.38147011399269104],"[0, 0, 0, 0]"
230.02640605,,15221,,1583006534,883292913,"""Soft-Hard Sip Deadband""",[0.39232829213142395],"[0, 0, 0, 0]"
230.054550171,,15222,,1583006534,911356925,"""Soft-Hard Sip Deadband""",[0.4031864404678345],"[0, 0, 0, 0]"
230.056337833,,15223,,1583006534,913201093,"""Soft-Hard Sip Deadband""",[0.39232829213142395],"[0, 0, 0, 0]"
230.06414938,,15224,,1583006534,921247005,"""Soft-Hard Sip Deadband""",[0.4031864404678345],"[0, 0, 0, 0]"
230.090362072,,15225,,1583006534,947320938,"""Soft-Hard Sip Deadband""",[0.4140446186065674],"[0, 0, 0, 0]"
230.094231606,,15226,,1583006534,951246023,"""Soft-Hard Sip Deadband""",[0.4031864404678345],"[0, 0, 0, 0]"
230.114926577,,15227,,1583006534,971370935,"""Soft-Hard Sip Deadband""",[0.39232829213142395],"[0, 0, 0, 0]"
230.124344587,,15228,,1583006534,981302022,"""Soft-Hard Sip Deadband""",[0.38147011399269104],"[0, 0, 0, 0]"
230.132327318,,15229,,1583006534,989270925,"""Soft-Hard Sip Deadband""",[0.3706119656562805],"[0, 0, 0, 0]"
230.142248392,,15230,,1583006534,999267101,"""Soft-Hard Sip Deadband""",[0.3597537875175476],"[0, 0, 0, 0]"
230.158616304,,15231,,1583006535,15391111,"""Soft-Hard Sip Deadband""",[0.348927766084671],"[0, 0, 0, 0]"
230.166926861,,15232,,1583006535,23397922,"""Soft-Hard Sip Deadband""",[0.3380695879459381],"[0, 0, 0, 0]"
230.18252492,,15233,,1583006535,39376020,"""Soft-Hard Sip Deadband""",[0.3272114396095276],"[0, 0, 0, 0]"
230.190197945,,15234,,1583006535,47282934,"""Soft-Hard Sip Deadband""",[0.3163532614707947],"[0, 0, 0, 0]"
230.194052935,,15235,,1583006535,51208019,"""Soft-Hard Sip Deadband""",[0.30549511313438416],"[0, 0, 0, 0]"
230.206997156,,15236,,1583006535,59360980,"""Soft Sip""",[0.2946690618991852],"[0, 0, 1, 0]"
230.21140337,,15237,,1583006535,65036058,"""Soft Sip""",[0.28381088376045227],"[0, 0, 1, 0]"
230.21615839,,15238,,1583006535,69443941,"""Soft Sip""",[0.27295273542404175],"[0, 0, 1, 0]"
230.221573114,,15239,,1583006535,74202060,"""Soft Sip""",[0.26209455728530884],"[0, 0, 1, 0]"
230.22902894,,15240,,1583006535,79629898,"""Soft Sip""",[0.2512364089488983],"[0, 0, 1, 0]"
230.235245466,,15241,,1583006535,87122917,"""Soft Sip""",[0.2403782308101654],"[0, 0, 1, 0]"
230.241517305,,15242,,1583006535,93338966,"""Soft Sip""",[0.22955219447612762],"[0, 0, 1, 0]"
230.248354912,,15243,,1583006535,99581003,"""Soft Sip""",[0.2186940312385559],"[0, 0, 1, 0]"
230.256752729,,15244,,1583006535,109230041,"""Soft Sip""",[0.22955219447612762],"[0, 0, 1, 0]"
230.261950016,,15245,,1583006535,114542007,"""Soft Sip""",[0.2186940312385559],"[0, 0, 1, 0]"
230.269730806,,15246,,1583006535,120028018,"""Soft Sip""",[0.22955219447612762],"[0, 0, 1, 0]"
230.28147006,,15247,,1583006535,133361101,"""Soft Sip""",[0.2403782308101654],"[0, 0, 1, 0]"
230.318116188,,15248,,1583006535,169378995,"""Soft Sip""",[0.22955219447612762],"[0, 0, 1, 0]"
230.325217962,,15249,,1583006535,177339076,"""Soft Sip""",[0.2186940312385559],"[0, 0, 1, 0]"
230.338440657,,15250,,1583006535,189313888,"""Soft Sip""",[0.2078358680009842],"[0, 0, 1, 0]"
230.343752623,,15251,,1583006535,196549892,"""Soft Sip""",[0.2186940312385559],"[0, 0, 1, 0]"
230.37066555,,15252,,1583006535,221438884,"""Soft Sip""",[0.22955219447612762],"[0, 0, 1, 0]"
230.38939476,,15253,,1583006535,241466045,"""Soft Sip""",[0.2403782308101654],"[0, 0, 1, 0]"
230.395956278,,15254,,1583006535,247487068,"""Soft Sip""",[0.22955219447612762],"[0, 0, 1, 0]"
230.416077852,,15255,,1583006535,267302989,"""Soft Sip""",[0.2186940312385559],"[0, 0, 1, 0]"
230.42279911,,15256,,1583006535,274149894,"""Soft Sip""",[0.2078358680009842],"[0, 0, 1, 0]"
230.432084799,,15257,,1583006535,283309936,"""Soft Sip""",[0.19697770476341248],"[0, 0, 1, 0]"
230.438746691,,15258,,1583006535,291258096,"""Soft Sip""",[0.18611954152584076],"[0, 0, 1, 0]"
230.446574688,,15259,,1583006535,299276113,"""Soft Sip""",[0.17529350519180298],"[0, 0, 1, 0]"
230.455866337,,15260,,1583006535,307342052,"""Soft Sip""",[0.16443534195423126],"[0, 0, 1, 0]"
230.472310305,,15261,,1583006535,323359966,"""Soft Sip""",[0.15357716381549835],"[0, 0, 1, 0]"
230.480996132,,15262,,1583006535,333250999,"""Soft Sip""",[0.14271900057792664],"[0, 0, 1, 0]"
230.491985798,,15263,,1583006535,343323945,"""Soft Sip""",[0.13186083734035492],"[0, 0, 1, 0]"
230.506141424,,15264,,1583006535,357496023,"""Soft Sip""",[0.12103480100631714],"[0, 0, 1, 0]"
230.540907145,,15265,,1583006535,393362045,"""Soft Sip""",[0.13186083734035492],"[0, 0, 1, 0]"
230.548604727,,15266,,1583006535,401237010,"""Soft Sip""",[0.14271900057792664],"[0, 0, 1, 0]"
230.561294317,,15267,,1583006535,411382913,"""Soft Sip""",[0.15357716381549835],"[0, 0, 1, 0]"
230.566976547,,15268,,1583006535,419357061,"""Soft Sip""",[0.16443534195423126],"[0, 0, 1, 0]"
230.573682547,,15269,,1583006535,425244092,"""Soft Sip""",[0.17529350519180298],"[0, 0, 1, 0]"
230.579703093,,15270,,1583006535,431761980,"""Soft Sip""",[0.18611954152584076],"[0, 0, 1, 0]"
230.586649179,,15271,,1583006535,437786102,"""Soft Sip""",[0.19697770476341248],"[0, 0, 1, 0]"
230.595166445,,15272,,1583006535,444740056,"""Soft Sip""",[0.2078358680009842],"[0, 0, 1, 0]"
230.600447178,,15273,,1583006535,453221082,"""Soft Sip""",[0.2186940312385559],"[0, 0, 1, 0]"
230.605350256,,15274,,1583006535,458525896,"""Soft Sip""",[0.22955219447612762],"[0, 0, 1, 0]"
230.610826492,,15275,,1583006535,463359117,"""Soft Sip""",[0.2403782308101654],"[0, 0, 1, 0]"
230.625775814,,15276,,1583006535,477453947,"""Soft Sip""",[0.2512364089488983],"[0, 0, 1, 0]"
230.640039206,,15277,,1583006535,491381883,"""Soft Sip""",[0.26209455728530884],"[0, 0, 1, 0]"
230.687068939,,15278,,1583006535,539357900,"""Soft Sip""",[0.2512364089488983],"[0, 0, 1, 0]"
230.692590237,,15279,,1583006535,545121908,"""Soft Sip""",[0.26209455728530884],"[0, 0, 1, 0]"
230.722130775,,15280,,1583006535,573602914,"""Soft Sip""",[0.2512364089488983],"[0, 0, 1, 0]"
230.738984346,,15281,,1583006535,591398000,"""Soft Sip""",[0.2403782308101654],"[0, 0, 1, 0]"
230.757122517,,15282,,1583006535,607450008,"""Soft Sip""",[0.22955219447612762],"[0, 0, 1, 0]"
230.790060282,,15283,,1583006535,641415119,"""Soft Sip""",[0.2403782308101654],"[0, 0, 1, 0]"
230.822671413,,15284,,1583006535,673405885,"""Soft Sip""",[0.2512364089488983],"[0, 0, 1, 0]"
230.834392548,,15285,,1583006535,685331106,"""Soft Sip""",[0.26209455728530884],"[0, 0, 1, 0]"
230.84365797,,15286,,1583006535,695290088,"""Soft Sip""",[0.27295273542404175],"[0, 0, 1, 0]"
230.855475187,,15287,,1583006535,707385063,"""Soft Sip""",[0.28381088376045227],"[0, 0, 1, 0]"
230.87306881,,15288,,1583006535,723313093,"""Soft Sip""",[0.2946690618991852],"[0, 0, 1, 0]"
230.879429579,,15289,,1583006535,731182098,"""Soft Sip""",[0.28381088376045227],"[0, 0, 1, 0]"
230.885074854,,15290,,1583006535,737468004,"""Soft Sip""",[0.2946690618991852],"[0, 0, 1, 0]"
230.886021614,,15291,,1583006535,743134975,"""Soft-Hard Sip Deadband""",[0.30549511313438416],"[0, 0, 0, 0]"
230.910670996,,15292,,1583006535,767402887,"""Soft-Hard Sip Deadband""",[0.3163532614707947],"[0, 0, 0, 0]"
230.948457718,,15293,,1583006535,805326938,"""Soft-Hard Sip Deadband""",[0.3272114396095276],"[0, 0, 0, 0]"
230.950477839,,15294,,1583006535,807267904,"""Soft-Hard Sip Deadband""",[0.3163532614707947],"[0, 0, 0, 0]"
230.952425718,,15295,,1583006535,809320926,"""Soft-Hard Sip Deadband""",[0.3272114396095276],"[0, 0, 0, 0]"
230.954030991,,15296,,1583006535,811218023,"""Soft-Hard Sip Deadband""",[0.3163532614707947],"[0, 0, 0, 0]"
230.966283321,,15297,,1583006535,823324918,"""Soft-Hard Sip Deadband""",[0.3272114396095276],"[0, 0, 0, 0]"
230.96806407,,15298,,1583006535,825238943,"""Soft-Hard Sip Deadband""",[0.3163532614707947],"[0, 0, 0, 0]"
230.984946728,,15299,,1583006535,841361045,"""Soft-Hard Sip Deadband""",[0.3272114396095276],"[0, 0, 0, 0]"
231.01060605,,15300,,1583006535,867383003,"""Soft-Hard Sip Deadband""",[0.3163532614707947],"[0, 0, 0, 0]"
231.012288332,,15301,,1583006535,869330883,"""Soft-Hard Sip Deadband""",[0.3272114396095276],"[0, 0, 0, 0]"
231.014330387,,15302,,1583006535,871272087,"""Soft-Hard Sip Deadband""",[0.3163532614707947],"[0, 0, 0, 0]"
231.020209074,,15303,,1583006535,877262115,"""Soft-Hard Sip Deadband""",[0.3272114396095276],"[0, 0, 0, 0]"
231.022631168,,15304,,1583006535,879235029,"""Soft-Hard Sip Deadband""",[0.3163532614707947],"[0, 0, 0, 0]"
231.048408508,,15305,,1583006535,905307054,"""Soft-Hard Sip Deadband""",[0.3272114396095276],"[0, 0, 0, 0]"
231.056517124,,15306,,1583006535,913372039,"""Soft-Hard Sip Deadband""",[0.3163532614707947],"[0, 0, 0, 0]"
231.084922314,,15307,,1583006535,941442966,"""Soft-Hard Sip Deadband""",[0.3272114396095276],"[0, 0, 0, 0]"
231.104600906,,15308,,1583006535,961399078,"""Soft-Hard Sip Deadband""",[0.3380695879459381],"[0, 0, 0, 0]"
231.148542404,,15309,,1583006536,5357980,"""Soft-Hard Sip Deadband""",[0.348927766084671],"[0, 0, 0, 0]"
231.150792599,,15310,,1583006536,7289886,"""Soft-Hard Sip Deadband""",[0.3380695879459381],"[0, 0, 0, 0]"
231.170320034,,15311,,1583006536,27331113,"""Soft-Hard Sip Deadband""",[0.3272114396095276],"[0, 0, 0, 0]"
231.182537794,,15312,,1583006536,39372920,"""Soft-Hard Sip Deadband""",[0.3163532614707947],"[0, 0, 0, 0]"
231.188452482,,15313,,1583006536,45387029,"""Soft-Hard Sip Deadband""",[0.30549511313438416],"[0, 0, 0, 0]"
231.197768211,,15314,,1583006536,49257993,"""Soft Sip""",[0.2946690618991852],"[0, 0, 1, 0]"
231.203157663,,15315,,1583006536,55820941,"""Soft Sip""",[0.28381088376045227],"[0, 0, 1, 0]"
231.207896471,,15316,,1583006536,61233997,"""Soft Sip""",[0.27295273542404175],"[0, 0, 1, 0]"
231.213835716,,15317,,1583006536,65953969,"""Soft Sip""",[0.26209455728530884],"[0, 0, 1, 0]"
231.219168186,,15318,,1583006536,71901082,"""Soft Sip""",[0.2512364089488983],"[0, 0, 1, 0]"
231.224064827,,15319,,1583006536,77250003,"""Soft Sip""",[0.2403782308101654],"[0, 0, 1, 0]"
231.230562925,,15320,,1583006536,82037925,"""Soft Sip""",[0.22955219447612762],"[0, 0, 1, 0]"
231.236837387,,15321,,1583006536,88681936,"""Soft Sip""",[0.2186940312385559],"[0, 0, 1, 0]"
231.24249506,,15322,,1583006536,94819068,"""Soft Sip""",[0.2078358680009842],"[0, 0, 1, 0]"
231.248183012,,15323,,1583006536,100603103,"""Soft Sip""",[0.19697770476341248],"[0, 0, 1, 0]"
231.252821684,,15324,,1583006536,106189966,"""Soft Sip""",[0.18611954152584076],"[0, 0, 1, 0]"
231.258425713,,15325,,1583006536,110805034,"""Soft Sip""",[0.17529350519180298],"[0, 0, 1, 0]"
231.265246868,,15326,,1583006536,116606950,"""Soft Sip""",[0.16443534195423126],"[0, 0, 1, 0]"
231.27090621,,15327,,1583006536,123274087,"""Soft Sip""",[0.15357716381549835],"[0, 0, 1, 0]"
231.276334524,,15328,,1583006536,128788948,"""Soft Sip""",[0.14271900057792664],"[0, 0, 1, 0]"
231.282133818,,15329,,1583006536,134361028,"""Soft Sip""",[0.13186083734035492],"[0, 0, 1, 0]"
231.286680937,,15330,,1583006536,140170097,"""Soft Sip""",[0.12103480100631714],"[0, 0, 1, 0]"
231.293807268,,15331,,1583006536,144665002,"""Soft Sip""",[0.11017663776874542],"[0, 0, 1, 0]"
231.299411535,,15332,,1583006536,151789903,"""Soft Sip""",[0.0993184745311737],"[0, 0, 1, 0]"
231.304589748,,15333,,1583006536,157474994,"""Soft Sip""",[0.08846031129360199],"[0, 0, 1, 0]"
231.309817314,,15334,,1583006536,162566900,"""Soft Sip""",[0.07760214805603027],"[0, 0, 1, 0]"
231.315220356,,15335,,1583006536,167808055,"""Soft Sip""",[0.06674397736787796],"[0, 0, 1, 0]"
231.322002888,,15336,,1583006536,173193931,"""Soft Sip""",[0.05591794103384018],"[0, 0, 1, 0]"
231.328493834,,15337,,1583006536,180186033,"""Soft Sip""",[0.04505977779626846],"[0, 0, 1, 0]"
231.332878113,,15338,,1583006536,186289072,"""Soft Sip""",[0.03420161083340645],"[0, 0, 1, 0]"
231.33919096,,15339,,1583006536,190854072,"""Soft Sip""",[0.04505977779626846],"[0, 0, 1, 0]"
231.344309568,,15340,,1583006536,197303056,"""Soft Sip""",[0.03420161083340645],"[0, 0, 1, 0]"
231.349235058,,15341,,1583006536,202269077,"""Soft Sip""",[0.04505977779626846],"[0, 0, 1, 0]"
231.356345892,,15342,,1583006536,207304000,"""Soft Sip""",[0.03420161083340645],"[0, 0, 1, 0]"
231.362887859,,15343,,1583006536,214404106,"""Soft Sip""",[0.023343447595834732],"[0, 0, 1, 0]"
231.39259696,,15344,,1583006536,243458032,"""Soft Sip""",[0.012485282495617867],"[0, 0, 1, 0]"
231.394091845,,15345,,1583006536,251269102,"""Zero Band""",[0.0016592431347817183],"[0, 0, 0, 0]"
231.404494286,,15346,,1583006536,261327028,"""Zero Band""",[-0.0],"[0, 0, 0, 0]"
231.418818474,,15347,,1583006536,275402069,"""Zero Band""",[-0.0],"[0, 0, 0, 0]"
231.438863516,,15348,,1583006536,295475006,"""Zero Band""",[-0.0],"[0, 0, 0, 0]"
231.454279184,,15349,,1583006536,311299085,"""Zero Band""",[-0.0],"[0, 0, 0, 0]"
231.470694304,,15350,,1583006536,327430963,"""Zero Band""",[-0.0],"[0, 0, 0, 0]"
231.67727375,,15351,,1583006536,534261941,"""Zero Band""",[-0.0],"[0, 0, 0, 0]"
231.677304268,,15352,,1583006536,534261941,"""input stopped""",[-0.0],"[0, 0, 0, 0]"
232.385533333,,15353,,1583006537,242296934,"""Zero Band""",[-0.0],"[0, 0, 0, 0]"
232.388603449,,15354,,1583006537,245297908,"""Zero Band""",[-0.0],"[0, 0, 0, 0]"
232.392149925,,15355,,1583006537,249236106,"""Zero Band""",[-0.0],"[0, 0, 0, 0]"
232.393946886,,15356,,1583006537,251230955,"""Zero Band""",[-0.0],"[0, 0, 0, 0]"
232.396051407,,15357,,1583006537,253206968,"""Zero Band""",[0.0016592431347817183],"[0, 0, 0, 0]"
232.40596199,,15358,,1583006537,257266044,"""Soft Sip""",[0.012485282495617867],"[0, 0, 1, 0]"
232.411688089,,15359,,1583006537,264044046,"""Soft Sip""",[0.023343447595834732],"[0, 0, 1, 0]"
232.416370153,,15360,,1583006537,269670963,"""Soft Sip""",[0.03420161083340645],"[0, 0, 1, 0]"
232.422693729,,15361,,1583006537,274357080,"""Soft Sip""",[0.04505977779626846],"[0, 0, 1, 0]"
232.428591728,,15362,,1583006537,280742883,"""Soft Sip""",[0.05591794103384018],"[0, 0, 1, 0]"
232.4344666,,15363,,1583006537,286573886,"""Soft Sip""",[0.06674397736787796],"[0, 0, 1, 0]"
232.441511393,,15364,,1583006537,292427062,"""Soft Sip""",[0.07760214805603027],"[0, 0, 1, 0]"
232.446520805,,15365,,1583006537,299501895,"""Soft Sip""",[0.08846031129360199],"[0, 0, 1, 0]"
232.451601267,,15366,,1583006537,304516077,"""Soft Sip""",[0.0993184745311737],"[0, 0, 1, 0]"
232.456828833,,15367,,1583006537,309567928,"""Soft Sip""",[0.11017663776874542],"[0, 0, 1, 0]"
232.462132931,,15368,,1583006537,314954996,"""Soft Sip""",[0.12103480100631714],"[0, 0, 1, 0]"
232.468446493,,15369,,1583006537,319967985,"""Soft Sip""",[0.13186083734035492],"[0, 0, 1, 0]"
232.474498272,,15370,,1583006537,326561927,"""Soft Sip""",[0.14271900057792664],"[0, 0, 1, 0]"
232.479213953,,15371,,1583006537,332473993,"""Soft Sip""",[0.15357716381549835],"[0, 0, 1, 0]"
232.483745098,,15372,,1583006537,337089061,"""Soft Sip""",[0.16443534195423126],"[0, 0, 1, 0]"
232.489385366,,15373,,1583006537,341720104,"""Soft Sip""",[0.17529350519180298],"[0, 0, 1, 0]"
232.495186567,,15374,,1583006537,347224950,"""Soft Sip""",[0.18611954152584076],"[0, 0, 1, 0]"
232.502836704,,15375,,1583006537,353194952,"""Soft Sip""",[0.19697770476341248],"[0, 0, 1, 0]"
232.507797003,,15376,,1583006537,360810995,"""Soft Sip""",[0.2078358680009842],"[0, 0, 1, 0]"
232.513186932,,15377,,1583006537,365820884,"""Soft Sip""",[0.2186940312385559],"[0, 0, 1, 0]"
232.520287275,,15378,,1583006537,371155977,"""Soft Sip""",[0.22955219447612762],"[0, 0, 1, 0]"
232.525047064,,15379,,1583006537,378295898,"""Soft Sip""",[0.2403782308101654],"[0, 0, 1, 0]"
232.531147718,,15380,,1583006537,383018970,"""Soft Sip""",[0.2512364089488983],"[0, 0, 1, 0]"
232.537299395,,15381,,1583006537,389393091,"""Soft Sip""",[0.26209455728530884],"[0, 0, 1, 0]"
232.541893959,,15382,,1583006537,395207881,"""Soft Sip""",[0.27295273542404175],"[0, 0, 1, 0]"
232.547519445,,15383,,1583006537,399868011,"""Soft Sip""",[0.28381088376045227],"[0, 0, 1, 0]"
232.554131985,,15384,,1583006537,405527114,"""Soft Sip""",[0.2946690618991852],"[0, 0, 1, 0]"
232.554972172,,15385,,1583006537,412110090,"""Soft-Hard Sip Deadband""",[0.30549511313438416],"[0, 0, 0, 0]"
232.555736542,,15386,,1583006537,412940025,"""Soft-Hard Sip Deadband""",[0.3163532614707947],"[0, 0, 0, 0]"
232.556491137,,15387,,1583006537,413706064,"""Soft-Hard Sip Deadband""",[0.3272114396095276],"[0, 0, 0, 0]"
232.557240248,,15388,,1583006537,414448976,"""Soft-Hard Sip Deadband""",[0.3380695879459381],"[0, 0, 0, 0]"
232.557944775,,15389,,1583006537,415215015,"""Soft-Hard Sip Deadband""",[0.348927766084671],"[0, 0, 0, 0]"
232.558650255,,15390,,1583006537,415920972,"""Soft-Hard Sip Deadband""",[0.3597537875175476],"[0, 0, 0, 0]"
232.559593678,,15391,,1583006537,416625022,"""Soft-Hard Sip Deadband""",[0.3706119656562805],"[0, 0, 0, 0]"
232.560587406,,15392,,1583006537,417568922,"""Soft-Hard Sip Deadband""",[0.38147011399269104],"[0, 0, 0, 0]"
232.5613482,,15393,,1583006537,418606996,"""Soft-Hard Sip Deadband""",[0.39232829213142395],"[0, 0, 0, 0]"
232.562089205,,15394,,1583006537,419352054,"""Soft-Hard Sip Deadband""",[0.4031864404678345],"[0, 0, 0, 0]"
232.563101768,,15395,,1583006537,420058012,"""Soft-Hard Sip Deadband""",[0.4140446186065674],"[0, 0, 0, 0]"
232.563735485,,15396,,1583006537,420955896,"""Soft-Hard Sip Deadband""",[0.42487066984176636],"[0, 0, 0, 0]"
232.564494133,,15397,,1583006537,421714067,"""Soft-Hard Sip Deadband""",[0.4357288181781769],"[0, 0, 0, 0]"
232.565425158,,15398,,1583006537,422458887,"""Soft-Hard Sip Deadband""",[0.4465869963169098],"[0, 0, 0, 0]"
232.566468239,,15399,,1583006537,423549890,"""Soft-Hard Sip Deadband""",[0.4574451446533203],"[0, 0, 0, 0]"
232.567575693,,15400,,1583006537,424434900,"""Soft-Hard Sip Deadband""",[0.4683033227920532],"[0, 0, 0, 0]"
232.568625927,,15401,,1583006537,425438880,"""Soft-Hard Sip Deadband""",[0.4791293442249298],"[0, 0, 0, 0]"
232.56947279,,15402,,1583006537,426605939,"""Soft-Hard Sip Deadband""",[0.4899875223636627],"[0, 0, 0, 0]"
232.574310064,,15403,,1583006537,427433967,"""Zero Band""",[0.5008456707000732],"[0, 0, 0, 0]"
232.579381943,,15404,,1583006537,432291984,"""Zero Band""",[0.5117038488388062],"[0, 0, 0, 0]"
232.584237576,,15405,,1583006537,437345981,"""Zero Band""",[0.5225620269775391],"[0, 0, 0, 0]"
232.589811563,,15406,,1583006537,442230939,"""Zero Band""",[0.533388078212738],"[0, 0, 0, 0]"
232.597113371,,15407,,1583006537,447865962,"""Zero Band""",[0.5442461967468262],"[0, 0, 0, 0]"
232.604138851,,15408,,1583006537,455178022,"""Zero Band""",[0.533388078212738],"[0, 0, 0, 0]"
232.608988523,,15409,,1583006537,462222099,"""Zero Band""",[0.5225620269775391],"[0, 0, 0, 0]"
232.614768982,,15410,,1583006537,467035055,"""Zero Band""",[0.5117038488388062],"[0, 0, 0, 0]"
232.62197566,,15411,,1583006537,472821950,"""Zero Band""",[0.5008456707000732],"[0, 0, 0, 0]"
232.622933865,,15412,,1583006537,480159997,"""Soft-Hard Sip Deadband""",[0.4899875223636627],"[0, 0, 0, 0]"
232.623949289,,15413,,1583006537,481076955,"""Soft-Hard Sip Deadband""",[0.4791293442249298],"[0, 0, 0, 0]"
232.624732494,,15414,,1583006537,481920003,"""Soft-Hard Sip Deadband""",[0.4683033227920532],"[0, 0, 0, 0]"
232.62554574,,15415,,1583006537,482712984,"""Soft-Hard Sip Deadband""",[0.4574451446533203],"[0, 0, 0, 0]"
232.626408577,,15416,,1583006537,483612060,"""Soft-Hard Sip Deadband""",[0.4465869963169098],"[0, 0, 0, 0]"
232.628395081,,15417,,1583006537,485337018,"""Soft-Hard Sip Deadband""",[0.4357288181781769],"[0, 0, 0, 0]"
232.65481472,,15418,,1583006537,511409997,"""Soft-Hard Sip Deadband""",[0.4465869963169098],"[0, 0, 0, 0]"
232.664408922,,15419,,1583006537,521348953,"""Soft-Hard Sip Deadband""",[0.4574451446533203],"[0, 0, 0, 0]"
232.672570467,,15420,,1583006537,529350996,"""Soft-Hard Sip Deadband""",[0.4683033227920532],"[0, 0, 0, 0]"
232.678118706,,15421,,1583006537,535226106,"""Soft-Hard Sip Deadband""",[0.4791293442249298],"[0, 0, 0, 0]"
232.69871521,,15422,,1583006537,555362939,"""Soft-Hard Sip Deadband""",[0.4899875223636627],"[0, 0, 0, 0]"
232.711227179,,15423,,1583006537,563350915,"""Zero Band""",[0.5008456707000732],"[0, 0, 0, 0]"
232.716463089,,15424,,1583006537,569315910,"""Zero Band""",[0.5117038488388062],"[0, 0, 0, 0]"
232.723514557,,15425,,1583006537,574491024,"""Zero Band""",[0.533388078212738],"[0, 0, 0, 0]"
232.72900486,,15426,,1583006537,581566095,"""Zero Band""",[0.5442461967468262],"[0, 0, 0, 0]"
232.735253811,,15427,,1583006537,587085962,"""Zero Band""",[0.5551043748855591],"[0, 0, 0, 0]"
232.741729736,,15428,,1583006537,593389034,"""Zero Band""",[0.565962553024292],"[0, 0, 0, 0]"
232.746785641,,15429,,1583006537,599793910,"""Zero Band""",[0.5768207311630249],"[0, 0, 0, 0]"
232.753807545,,15430,,1583006537,604754924,"""Zero Band""",[0.587678849697113],"[0, 0, 0, 0]"
232.759221554,,15431,,1583006537,611902952,"""Zero Band""",[0.598504900932312],"[0, 0, 0, 0]"
232.763953209,,15432,,1583006537,617218017,"""Zero Band""",[0.6093630790710449],"[0, 0, 0, 0]"
232.771677017,,15433,,1583006537,621931076,"""Zero Band""",[0.6202212572097778],"[0, 0, 0, 0]"
232.776958942,,15434,,1583006537,629802942,"""Zero Band""",[0.6310794353485107],"[0, 0, 0, 0]"
232.784434319,,15435,,1583006537,634934902,"""Zero Band""",[0.6419375538825989],"[0, 0, 0, 0]"
232.790973186,,15436,,1583006537,642616987,"""Zero Band""",[0.6527636051177979],"[0, 0, 0, 0]"
232.796643972,,15437,,1583006537,648992061,"""Zero Band""",[0.6636217832565308],"[0, 0, 0, 0]"
232.802681684,,15438,,1583006537,654623031,"""Zero Band""",[0.6744799613952637],"[0, 0, 0, 0]"
232.808939457,,15439,,1583006537,660784006,"""Zero Band""",[0.6853380799293518],"[0, 0, 0, 0]"
232.813541412,,15440,,1583006537,666934967,"""Zero Band""",[0.6961962580680847],"[0, 0, 0, 0]"
232.820207596,,15441,,1583006537,671621084,"""Zero Band""",[0.6853380799293518],"[0, 0, 0, 0]"
232.825118065,,15442,,1583006537,678116083,"""Zero Band""",[0.6744799613952637],"[0, 0, 0, 0]"
232.830423117,,15443,,1583006537,683195114,"""Zero Band""",[0.6636217832565308],"[0, 0, 0, 0]"
232.836229801,,15444,,1583006537,688322067,"""Zero Band""",[0.6527636051177979],"[0, 0, 0, 0]"
232.841354132,,15445,,1583006537,694204092,"""Zero Band""",[0.6419375538825989],"[0, 0, 0, 0]"
232.845827103,,15446,,1583006537,699426889,"""Zero Band""",[0.6310794353485107],"[0, 0, 0, 0]"
232.852069616,,15447,,1583006537,703823089,"""Zero Band""",[0.6202212572097778],"[0, 0, 0, 0]"
232.857666731,,15448,,1583006537,710046052,"""Zero Band""",[0.6093630790710449],"[0, 0, 0, 0]"
232.862916231,,15449,,1583006537,715677022,"""Zero Band""",[0.598504900932312],"[0, 0, 0, 0]"
232.868890524,,15450,,1583006537,721050977,"""Zero Band""",[0.5768207311630249],"[0, 0, 0, 0]"
232.874888897,,15451,,1583006537,726881980,"""Zero Band""",[0.565962553024292],"[0, 0, 0, 0]"
232.879523993,,15452,,1583006537,732883930,"""Zero Band""",[0.5551043748855591],"[0, 0, 0, 0]"
232.885389566,,15453,,1583006537,737524986,"""Zero Band""",[0.533388078212738],"[0, 0, 0, 0]"
232.890381813,,15454,,1583006537,743170022,"""Zero Band""",[0.5117038488388062],"[0, 0, 0, 0]"
232.891332388,,15455,,1583006537,748353004,"""Soft-Hard Sip Deadband""",[0.4899875223636627],"[0, 0, 0, 0]"
232.892206192,,15456,,1583006537,749450922,"""Soft-Hard Sip Deadband""",[0.4574451446533203],"[0, 0, 0, 0]"
232.892933846,,15457,,1583006537,750185966,"""Soft-Hard Sip Deadband""",[0.42487066984176636],"[0, 0, 0, 0]"
232.893697023,,15458,,1583006537,750914096,"""Soft-Hard Sip Deadband""",[0.4140446186065674],"[0, 0, 0, 0]"
232.894412041,,15459,,1583006537,751677989,"""Soft-Hard Sip Deadband""",[0.38147011399269104],"[0, 0, 0, 0]"
232.895195961,,15460,,1583006537,752427101,"""Soft-Hard Sip Deadband""",[0.3597537875175476],"[0, 0, 0, 0]"
232.895974159,,15461,,1583006537,753206014,"""Soft-Hard Sip Deadband""",[0.3380695879459381],"[0, 0, 0, 0]"
232.896758318,,15462,,1583006537,753920078,"""Soft-Hard Sip Deadband""",[0.3163532614707947],"[0, 0, 0, 0]"
232.903315544,,15463,,1583006537,754755973,"""Soft Sip""",[0.2946690618991852],"[0, 0, 1, 0]"
232.908885717,,15464,,1583006537,761467933,"""Soft Sip""",[0.27295273542404175],"[0, 0, 1, 0]"
232.913884401,,15465,,1583006537,766866922,"""Soft Sip""",[0.2512364089488983],"[0, 0, 1, 0]"
232.918543816,,15466,,1583006537,771866083,"""Soft Sip""",[0.22955219447612762],"[0, 0, 1, 0]"
232.922984123,,15467,,1583006537,776423931,"""Soft Sip""",[0.2186940312385559],"[0, 0, 1, 0]"
232.928482533,,15468,,1583006537,780966997,"""Soft Sip""",[0.19697770476341248],"[0, 0, 1, 0]"
232.935814142,,15469,,1583006537,786458969,"""Soft Sip""",[0.17529350519180298],"[0, 0, 1, 0]"
232.942158461,,15470,,1583006537,793608903,"""Soft Sip""",[0.16443534195423126],"[0, 0, 1, 0]"
232.947213888,,15471,,1583006537,800164937,"""Soft Sip""",[0.15357716381549835],"[0, 0, 1, 0]"
232.953301907,,15472,,1583006537,805198907,"""Soft Sip""",[0.13186083734035492],"[0, 0, 1, 0]"
232.958164215,,15473,,1583006537,811275005,"""Soft Sip""",[0.12103480100631714],"[0, 0, 1, 0]"
232.963774443,,15474,,1583006537,816139936,"""Soft Sip""",[0.11017663776874542],"[0, 0, 1, 0]"
232.970217943,,15475,,1583006537,821964979,"""Soft Sip""",[0.08846031129360199],"[0, 0, 1, 0]"
232.975273371,,15476,,1583006537,828222990,"""Soft Sip""",[0.07760214805603027],"[0, 0, 1, 0]"
232.9812994,,15477,,1583006537,833270072,"""Soft Sip""",[0.06674397736787796],"[0, 0, 1, 0]"
232.987465858,,15478,,1583006537,839108943,"""Soft Sip""",[0.05591794103384018],"[0, 0, 1, 0]"
232.992549181,,15479,,1583006537,845455884,"""Soft Sip""",[0.04505977779626846],"[0, 0, 1, 0]"
232.997971296,,15480,,1583006537,850431919,"""Soft Sip""",[0.03420161083340645],"[0, 0, 1, 0]"
233.003962278,,15481,,1583006537,855951070,"""Soft Sip""",[0.023343447595834732],"[0, 0, 1, 0]"
233.009622812,,15482,,1583006537,861814022,"""Soft Sip""",[0.012485282495617867],"[0, 0, 1, 0]"
233.010421753,,15483,,1583006537,867602109,"""Zero Band""",[0.0016592431347817183],"[0, 0, 0, 0]"
233.011098623,,15484,,1583006537,868391990,"""Zero Band""",[-0.0],"[0, 0, 0, 0]"
233.011795998,,15485,,1583006537,869070053,"""Zero Band""",[-0.0],"[0, 0, 0, 0]"
233.012503386,,15486,,1583006537,869766950,"""Zero Band""",[-0.0],"[0, 0, 0, 0]"
233.01317811,,15487,,1583006537,870479106,"""Zero Band""",[-0.0],"[0, 0, 0, 0]"
233.013844013,,15488,,1583006537,871156930,"""Zero Band""",[-0.0],"[0, 0, 0, 0]"
233.014627218,,15489,,1583006537,871901988,"""Zero Band""",[-0.0],"[0, 0, 0, 0]"
233.014702559,,15490,,1583006537,871901988,"""input stopped""",[-0.0],"[0, 0, 0, 0]"
233.197326422,,15491,,1583006538,54234027,"""Zero Band""",[-0.0],"[0, 0, 0, 0]"
233.222557306,,15492,,1583006538,79333066,"""Zero Band""",[-0.0],"[0, 0, 0, 0]"
233.224018574,,15493,,1583006538,81212043,"""Zero Band""",[-0.0],"[0, 0, 0, 0]"
233.226106167,,15494,,1583006538,83239078,"""Zero Band""",[-0.0],"[0, 0, 0, 0]"
233.240552187,,15495,,1583006538,97328901,"""Zero Band""",[-0.0],"[0, 0, 0, 0]"
233.242113113,,15496,,1583006538,99267005,"""Zero Band""",[-0.0],"[0, 0, 0, 0]"
233.256393433,,15497,,1583006538,113353967,"""Zero Band""",[-0.0],"[0, 0, 0, 0]"
233.258025646,,15498,,1583006538,115233898,"""Zero Band""",[-0.0],"[0, 0, 0, 0]"
233.274274588,,15499,,1583006538,131257057,"""Zero Band""",[-0.0],"[0, 0, 0, 0]"
233.310488462,,15500,,1583006538,167354106,"""Zero Band""",[-0.0],"[0, 0, 0, 0]"
233.356575012,,15501,,1583006538,213324069,"""Zero Band""",[-0.0],"[0, 0, 0, 0]"
233.381276131,,15502,,1583006538,238254070,"""Zero Band""",[-0.0],"[0, 0, 0, 0]"
233.381289482,,15503,,1583006538,238254070,"""input stopped""",[-0.0],"[0, 0, 0, 0]"
233.42353034,,15504,,1583006538,280302047,"""Zero Band""",[-0.0],"[0, 0, 0, 0]"
233.426110029,,15505,,1583006538,283263921,"""Zero Band""",[-0.0],"[0, 0, 0, 0]"
233.430340528,,15506,,1583006538,287328004,"""Zero Band""",[-0.0],"[0, 0, 0, 0]"
233.436981678,,15507,,1583006538,289251089,"""Soft Sip""",[0.023343447595834732],"[0, 0, 1, 0]"
233.441543341,,15508,,1583006538,295070886,"""Soft Sip""",[0.04505977779626846],"[0, 0, 1, 0]"
233.446601391,,15509,,1583006538,299631118,"""Soft Sip""",[0.06674397736787796],"[0, 0, 1, 0]"
233.452863455,,15510,,1583006538,304680109,"""Soft Sip""",[0.0993184745311737],"[0, 0, 1, 0]"
233.457836628,,15511,,1583006538,310859918,"""Soft Sip""",[0.12103480100631714],"[0, 0, 1, 0]"
233.462682962,,15512,,1583006538,315876960,"""Soft Sip""",[0.14271900057792664],"[0, 0, 1, 0]"
233.4701581,,15513,,1583006538,320749998,"""Soft Sip""",[0.16443534195423126],"[0, 0, 1, 0]"
233.47694087,,15514,,1583006538,328198909,"""Soft Sip""",[0.19697770476341248],"[0, 0, 1, 0]"
233.481960058,,15515,,1583006538,334922075,"""Soft Sip""",[0.2078358680009842],"[0, 0, 1, 0]"
233.486553669,,15516,,1583006538,339929103,"""Soft Sip""",[0.2403782308101654],"[0, 0, 1, 0]"
233.49328208,,15517,,1583006538,344530105,"""Soft Sip""",[0.26209455728530884],"[0, 0, 1, 0]"
233.500133514,,15518,,1583006538,351388931,"""Soft Sip""",[0.28381088376045227],"[0, 0, 1, 0]"
233.501636505,,15519,,1583006538,358304023,"""Soft-Hard Sip Deadband""",[0.3163532614707947],"[0, 0, 0, 0]"
233.502373219,,15520,,1583006538,359639883,"""Soft-Hard Sip Deadband""",[0.3380695879459381],"[0, 0, 0, 0]"
233.503059387,,15521,,1583006538,360354900,"""Soft-Hard Sip Deadband""",[0.3706119656562805],"[0, 0, 0, 0]"
233.503774643,,15522,,1583006538,361047029,"""Soft-Hard Sip Deadband""",[0.39232829213142395],"[0, 0, 0, 0]"
233.504516602,,15523,,1583006538,361780881,"""Soft-Hard Sip Deadband""",[0.42487066984176636],"[0, 0, 0, 0]"
233.505421877,,15524,,1583006538,362497091,"""Soft-Hard Sip Deadband""",[0.4465869963169098],"[0, 0, 0, 0]"
233.506144762,,15525,,1583006538,363332986,"""Soft-Hard Sip Deadband""",[0.4791293442249298],"[0, 0, 0, 0]"
233.511307955,,15526,,1583006538,364054918,"""Zero Band""",[0.5008456707000732],"[0, 0, 0, 0]"
233.517059326,,15527,,1583006538,369324922,"""Zero Band""",[0.533388078212738],"[0, 0, 0, 0]"
233.523151875,,15528,,1583006538,374913930,"""Zero Band""",[0.565962553024292],"[0, 0, 0, 0]"
233.529411316,,15529,,1583006538,381127119,"""Zero Band""",[0.587678849697113],"[0, 0, 0, 0]"
233.534279823,,15530,,1583006538,387366056,"""Zero Band""",[0.6093630790710449],"[0, 0, 0, 0]"
233.540493965,,15531,,1583006538,392261028,"""Zero Band""",[0.6419375538825989],"[0, 0, 0, 0]"
233.546465158,,15532,,1583006538,398581027,"""Zero Band""",[0.6636217832565308],"[0, 0, 0, 0]"
233.551893234,,15533,,1583006538,404485940,"""Zero Band""",[0.6853380799293518],"[0, 0, 0, 0]"
233.559961319,,15534,,1583006538,410079956,"""Zero Band""",[0.7070544362068176],"[0, 0, 0, 0]"
233.565973043,,15535,,1583006538,417924880,"""Zero Band""",[0.7287386655807495],"[0, 0, 0, 0]"
233.571820736,,15536,,1583006538,423949003,"""Zero Band""",[0.7504549622535706],"[0, 0, 0, 0]"
233.577792168,,15537,,1583006538,429630041,"""Zero Band""",[0.7613131403923035],"[0, 0, 0, 0]"
233.583335876,,15538,,1583006538,435790061,"""Zero Band""",[0.7829973101615906],"[0, 0, 0, 0]"
233.590402603,,15539,,1583006538,441307067,"""Zero Band""",[0.8047136664390564],"[0, 0, 0, 0]"
233.596138954,,15540,,1583006538,448370933,"""Zero Band""",[0.8155718445777893],"[0, 0, 0, 0]"
233.601280689,,15541,,1583006538,454116106,"""Zero Band""",[0.8263978958129883],"[0, 0, 0, 0]"
233.608787775,,15542,,1583006538,459302902,"""Zero Band""",[0.8372560143470764],"[0, 0, 0, 0]"
233.614191055,,15543,,1583006538,466772079,"""Zero Band""",[0.8481141924858093],"[0, 0, 0, 0]"
233.620645523,,15544,,1583006538,472172021,"""Zero Band""",[0.8589723706245422],"[0, 0, 0, 0]"
233.627475977,,15545,,1583006538,478481054,"""Zero Band""",[0.8698305487632751],"[0, 0, 0, 0]"
233.633038759,,15546,,1583006538,485456943,"""Zero Band""",[0.8806886672973633],"[0, 0, 0, 0]"
233.638684034,,15547,,1583006538,491019010,"""Zero Band""",[0.8915147185325623],"[0, 0, 0, 0]"
233.644505739,,15548,,1583006538,496850967,"""Zero Band""",[0.9023728966712952],"[0, 0, 0, 0]"
233.649051428,,15549,,1583006538,502511978,"""Zero Band""",[0.8915147185325623],"[0, 0, 0, 0]"
233.656529665,,15550,,1583006538,507019042,"""Zero Band""",[0.8806886672973633],"[0, 0, 0, 0]"
233.661725998,,15551,,1583006538,514245033,"""Zero Band""",[0.8698305487632751],"[0, 0, 0, 0]"
233.666294813,,15552,,1583006538,519581079,"""Zero Band""",[0.8589723706245422],"[0, 0, 0, 0]"
233.672429323,,15553,,1583006538,524274110,"""Zero Band""",[0.8698305487632751],"[0, 0, 0, 0]"
233.677987576,,15554,,1583006538,530446052,"""Zero Band""",[0.8589723706245422],"[0, 0, 0, 0]"
233.682829857,,15555,,1583006538,535980939,"""Zero Band""",[0.8698305487632751],"[0, 0, 0, 0]"
233.688897848,,15556,,1583006538,540838956,"""Zero Band""",[0.8589723706245422],"[0, 0, 0, 0]"
233.695446968,,15557,,1583006538,546915054,"""Zero Band""",[0.8698305487632751],"[0, 0, 0, 0]"
233.700405121,,15558,,1583006538,553602933,"""Zero Band""",[0.8589723706245422],"[0, 0, 0, 0]"
233.705741882,,15559,,1583006538,558381080,"""Zero Band""",[0.8481141924858093],"[0, 0, 0, 0]"
233.710638046,,15560,,1583006538,563591003,"""Zero Band""",[0.8372560143470764],"[0, 0, 0, 0]"
233.717404366,,15561,,1583006538,568610906,"""Zero Band""",[0.8263978958129883],"[0, 0, 0, 0]"
233.723705053,,15562,,1583006538,575407981,"""Zero Band""",[0.8155718445777893],"[0, 0, 0, 0]"
233.729385376,,15563,,1583006538,581511974,"""Zero Band""",[0.7938554883003235],"[0, 0, 0, 0]"
233.735671759,,15564,,1583006538,587384939,"""Zero Band""",[0.7829973101615906],"[0, 0, 0, 0]"
233.742057085,,15565,,1583006538,593640089,"""Zero Band""",[0.7721391916275024],"[0, 0, 0, 0]"
233.746945381,,15566,,1583006538,600034952,"""Zero Band""",[0.7613131403923035],"[0, 0, 0, 0]"
233.753424883,,15567,,1583006538,605098009,"""Zero Band""",[0.7721391916275024],"[0, 0, 0, 0]"
233.759468079,,15568,,1583006538,611428022,"""Zero Band""",[0.7829973101615906],"[0, 0, 0, 0]"
233.764977932,,15569,,1583006538,617443084,"""Zero Band""",[0.7938554883003235],"[0, 0, 0, 0]"
233.770402431,,15570,,1583006538,622997999,"""Zero Band""",[0.8047136664390564],"[0, 0, 0, 0]"
233.777880907,,15571,,1583006538,628377914,"""Zero Band""",[0.8155718445777893],"[0, 0, 0, 0]"
233.783978462,,15572,,1583006538,635862112,"""Zero Band""",[0.8263978958129883],"[0, 0, 0, 0]"
233.790534019,,15573,,1583006538,641962051,"""Zero Band""",[0.8372560143470764],"[0, 0, 0, 0]"
233.796428204,,15574,,1583006538,648509979,"""Zero Band""",[0.8481141924858093],"[0, 0, 0, 0]"
233.802036047,,15575,,1583006538,654405117,"""Zero Band""",[0.8589723706245422],"[0, 0, 0, 0]"
233.808115244,,15576,,1583006538,659854888,"""Zero Band""",[0.8806886672973633],"[0, 0, 0, 0]"
233.814060211,,15577,,1583006538,666095018,"""Zero Band""",[0.8915147185325623],"[0, 0, 0, 0]"
233.819826126,,15578,,1583006538,671890974,"""Zero Band""",[0.9023728966712952],"[0, 0, 0, 0]"
233.826922178,,15579,,1583006538,677546977,"""Zero Band""",[0.924089252948761],"[0, 0, 0, 0]"
233.831894398,,15580,,1583006538,684947013,"""Zero Band""",[0.9349473714828491],"[0, 0, 0, 0]"
233.837908983,,15581,,1583006538,689887046,"""Zero Band""",[0.956631600856781],"[0, 0, 0, 0]"
233.84488225,,15582,,1583006538,695916891,"""Zero Band""",[0.9674897789955139],"[0, 0, 0, 0]"
233.851526737,,15583,,1583006538,703002929,"""Zero Band""",[0.978347897529602],"[0, 0, 0, 0]"
233.857146978,,15584,,1583006538,709503889,"""Zero Band""",[0.989206075668335],"[0, 0, 0, 0]"
233.863438606,,15585,,1583006538,715126037,"""Zero Band""",[1.0],"[0, 0, 0, 0]"
233.867882967,,15586,,1583006538,721416950,"""Zero Band""",[0.978347897529602],"[0, 0, 0, 0]"
233.873415232,,15587,,1583006538,726088047,"""Zero Band""",[0.9674897789955139],"[0, 0, 0, 0]"
233.879722118,,15588,,1583006538,731422901,"""Zero Band""",[0.956631600856781],"[0, 0, 0, 0]"
233.886511803,,15589,,1583006538,737703084,"""Zero Band""",[0.9457734227180481],"[0, 0, 0, 0]"
233.892169952,,15590,,1583006538,744352102,"""Zero Band""",[0.9349473714828491],"[0, 0, 0, 0]"
233.898786306,,15591,,1583006538,750051021,"""Zero Band""",[0.924089252948761],"[0, 0, 0, 0]"
233.903685093,,15592,,1583006538,756798982,"""Zero Band""",[0.9132310748100281],"[0, 0, 0, 0]"
233.909486055,,15593,,1583006538,761698961,"""Zero Band""",[0.8915147185325623],"[0, 0, 0, 0]"
233.9161551,,15594,,1583006538,767194032,"""Zero Band""",[0.8806886672973633],"[0, 0, 0, 0]"
233.921606541,,15595,,1583006538,774142026,"""Zero Band""",[0.8698305487632751],"[0, 0, 0, 0]"
233.927710056,,15596,,1583006538,779584884,"""Zero Band""",[0.8589723706245422],"[0, 0, 0, 0]"
233.934673548,,15597,,1583006538,785687923,"""Zero Band""",[0.8372560143470764],"[0, 0, 0, 0]"
233.94037056,,15598,,1583006538,793112039,"""Zero Band""",[0.8263978958129883],"[0, 0, 0, 0]"
233.94677496,,15599,,1583006538,798351049,"""Zero Band""",[0.8047136664390564],"[0, 0, 0, 0]"
233.95301795,,15600,,1583006538,804749011,"""Zero Band""",[0.7938554883003235],"[0, 0, 0, 0]"
233.95761323,,15601,,1583006538,810734987,"""Zero Band""",[0.7721391916275024],"[0, 0, 0, 0]"
233.964947224,,15602,,1583006538,815587043,"""Zero Band""",[0.7504549622535706],"[0, 0, 0, 0]"
233.970051765,,15603,,1583006538,822334051,"""Zero Band""",[0.7287386655807495],"[0, 0, 0, 0]"
233.97533989,,15604,,1583006538,827927112,"""Zero Band""",[0.7070544362068176],"[0, 0, 0, 0]"
233.980852127,,15605,,1583006538,833298921,"""Zero Band""",[0.6744799613952637],"[0, 0, 0, 0]"
233.986454725,,15606,,1583006538,838816881,"""Zero Band""",[0.6527636051177979],"[0, 0, 0, 0]"
233.991601229,,15607,,1583006538,844440937,"""Zero Band""",[0.6310794353485107],"[0, 0, 0, 0]"
233.996163607,,15608,,1583006538,849577903,"""Zero Band""",[0.598504900932312],"[0, 0, 0, 0]"
234.00238657,,15609,,1583006538,854141950,"""Zero Band""",[0.565962553024292],"[0, 0, 0, 0]"
234.009327412,,15610,,1583006538,860409975,"""Zero Band""",[0.533388078212738],"[0, 0, 0, 0]"
234.015573025,,15611,,1583006538,867367982,"""Zero Band""",[0.5117038488388062],"[0, 0, 0, 0]"
234.016632557,,15612,,1583006538,873593091,"""Soft-Hard Sip Deadband""",[0.4791293442249298],"[0, 0, 0, 0]"
234.017508745,,15613,,1583006538,874623060,"""Soft-Hard Sip Deadband""",[0.4465869963169098],"[0, 0, 0, 0]"
234.018347502,,15614,,1583006538,875483989,"""Soft-Hard Sip Deadband""",[0.4140446186065674],"[0, 0, 0, 0]"
234.019130945,,15615,,1583006538,876327991,"""Soft-Hard Sip Deadband""",[0.39232829213142395],"[0, 0, 0, 0]"
234.020030737,,15616,,1583006538,877106904,"""Soft-Hard Sip Deadband""",[0.3597537875175476],"[0, 0, 0, 0]"
234.020867109,,15617,,1583006538,878016948,"""Soft-Hard Sip Deadband""",[0.3380695879459381],"[0, 0, 0, 0]"
234.021514416,,15618,,1583006538,878825902,"""Soft-Hard Sip Deadband""",[0.3163532614707947],"[0, 0, 0, 0]"
234.027309179,,15619,,1583006538,879496097,"""Soft Sip""",[0.2946690618991852],"[0, 0, 1, 0]"
234.032569408,,15620,,1583006538,885266065,"""Soft Sip""",[0.27295273542404175],"[0, 0, 1, 0]"
234.039555311,,15621,,1583006538,890436887,"""Soft Sip""",[0.2512364089488983],"[0, 0, 1, 0]"
234.045003176,,15622,,1583006538,897439956,"""Soft Sip""",[0.22955219447612762],"[0, 0, 1, 0]"
234.049459219,,15623,,1583006538,903009891,"""Soft Sip""",[0.2078358680009842],"[0, 0, 1, 0]"
234.056936264,,15624,,1583006538,907744884,"""Soft Sip""",[0.17529350519180298],"[0, 0, 1, 0]"
234.062547922,,15625,,1583006538,914942026,"""Soft Sip""",[0.16443534195423126],"[0, 0, 1, 0]"
234.066958189,,15626,,1583006538,920562982,"""Soft Sip""",[0.15357716381549835],"[0, 0, 1, 0]"
234.07384634,,15627,,1583006538,924932003,"""Soft Sip""",[0.14271900057792664],"[0, 0, 1, 0]"
234.079472303,,15628,,1583006538,931809902,"""Soft Sip""",[0.12103480100631714],"[0, 0, 1, 0]"
234.085125685,,15629,,1583006538,937450885,"""Soft Sip""",[0.11017663776874542],"[0, 0, 1, 0]"
234.090482712,,15630,,1583006538,943099021,"""Soft Sip""",[0.0993184745311737],"[0, 0, 1, 0]"
234.09645462,,15631,,1583006538,948451042,"""Soft Sip""",[0.07760214805603027],"[0, 0, 1, 0]"
234.104949236,,15632,,1583006538,954433917,"""Soft Sip""",[0.06674397736787796],"[0, 0, 1, 0]"
234.112220049,,15633,,1583006538,962910890,"""Soft Sip""",[0.05591794103384018],"[0, 0, 1, 0]"
234.117205143,,15634,,1583006538,970077037,"""Soft Sip""",[0.04505977779626846],"[0, 0, 1, 0]"
234.123862028,,15635,,1583006538,975184917,"""Soft Sip""",[0.03420161083340645],"[0, 0, 1, 0]"
234.129516125,,15636,,1583006538,981832027,"""Soft Sip""",[0.023343447595834732],"[0, 0, 1, 0]"
234.13557601,,15637,,1583006538,987502098,"""Soft Sip""",[0.012485282495617867],"[0, 0, 1, 0]"
234.136824369,,15638,,1583006538,993536949,"""Zero Band""",[0.0016592431347817183],"[0, 0, 0, 0]"
234.138591528,,15639,,1583006538,994793891,"""Zero Band""",[-0.0],"[0, 0, 0, 0]"
234.139328957,,15640,,1583006538,996207952,"""Zero Band""",[-0.0],"[0, 0, 0, 0]"
234.140280724,,15641,,1583006538,997333049,"""Zero Band""",[-0.0],"[0, 0, 0, 0]"
234.14103651,,15642,,1583006538,998255014,"""Zero Band""",[-0.0],"[0, 0, 0, 0]"
234.14178133,,15643,,1583006538,999054908,"""Zero Band""",[-0.0],"[0, 0, 0, 0]"
234.141836166,,15644,,1583006538,999054908,"""input stopped""",[-0.0],"[0, 0, 0, 0]"
234.503691912,,15645,,1583006539,360311985,"""Zero Band""",[-0.0],"[0, 0, 0, 0]"
234.506113529,,15646,,1583006539,363266944,"""Zero Band""",[-0.0],"[0, 0, 0, 0]"
234.510113955,,15647,,1583006539,367253065,"""Zero Band""",[-0.0],"[0, 0, 0, 0]"
234.511985064,,15648,,1583006539,369200944,"""Zero Band""",[-0.0],"[0, 0, 0, 0]"
234.514032602,,15649,,1583006539,371273040,"""Zero Band""",[-0.0],"[0, 0, 0, 0]"
234.51824975,,15650,,1583006539,375256061,"""Zero Band""",[0.0016592431347817183],"[0, 0, 0, 0]"
234.524764299,,15651,,1583006539,377235889,"""Soft Sip""",[0.012485282495617867],"[0, 0, 1, 0]"
234.529326439,,15652,,1583006539,382848978,"""Soft Sip""",[0.023343447595834732],"[0, 0, 1, 0]"
234.53554368,,15653,,1583006539,387264966,"""Soft Sip""",[0.04505977779626846],"[0, 0, 1, 0]"
234.542271852,,15654,,1583006539,393728971,"""Soft Sip""",[0.05591794103384018],"[0, 0, 1, 0]"
234.548406601,,15655,,1583006539,400242090,"""Soft Sip""",[0.06674397736787796],"[0, 0, 1, 0]"
234.555434227,,15656,,1583006539,406383037,"""Soft Sip""",[0.08846031129360199],"[0, 0, 1, 0]"
234.56118083,,15657,,1583006539,413551092,"""Soft Sip""",[0.0993184745311737],"[0, 0, 1, 0]"
234.566040516,,15658,,1583006539,419164896,"""Soft Sip""",[0.11017663776874542],"[0, 0, 1, 0]"
234.573141098,,15659,,1583006539,424026012,"""Soft Sip""",[0.12103480100631714],"[0, 0, 1, 0]"
234.580115795,,15660,,1583006539,431145906,"""Soft Sip""",[0.13186083734035492],"[0, 0, 1, 0]"
234.588045359,,15661,,1583006539,438133955,"""Soft Sip""",[0.14271900057792664],"[0, 0, 1, 0]"
234.593636036,,15662,,1583006539,446150064,"""Soft Sip""",[0.15357716381549835],"[0, 0, 1, 0]"
234.598931551,,15663,,1583006539,451617956,"""Soft Sip""",[0.16443534195423126],"[0, 0, 1, 0]"
234.603341579,,15664,,1583006539,457010030,"""Soft Sip""",[0.17529350519180298],"[0, 0, 1, 0]"
234.608854294,,15665,,1583006539,461359024,"""Soft Sip""",[0.18611954152584076],"[0, 0, 1, 0]"
234.613685608,,15666,,1583006539,466825008,"""Soft Sip""",[0.19697770476341248],"[0, 0, 1, 0]"
234.620476961,,15667,,1583006539,471668958,"""Soft Sip""",[0.2078358680009842],"[0, 0, 1, 0]"
234.626388073,,15668,,1583006539,478476047,"""Soft Sip""",[0.2186940312385559],"[0, 0, 1, 0]"
234.631182909,,15669,,1583006539,484446048,"""Soft Sip""",[0.22955219447612762],"[0, 0, 1, 0]"
234.63683176,,15670,,1583006539,489226102,"""Soft Sip""",[0.2186940312385559],"[0, 0, 1, 0]"
234.642857313,,15671,,1583006539,494854927,"""Soft Sip""",[0.2078358680009842],"[0, 0, 1, 0]"
234.648609877,,15672,,1583006539,500895023,"""Soft Sip""",[0.19697770476341248],"[0, 0, 1, 0]"
234.655472279,,15673,,1583006539,506750106,"""Soft Sip""",[0.18611954152584076],"[0, 0, 1, 0]"
234.660734892,,15674,,1583006539,513536930,"""Soft Sip""",[0.17529350519180298],"[0, 0, 1, 0]"
234.666447639,,15675,,1583006539,518831014,"""Soft Sip""",[0.16443534195423126],"[0, 0, 1, 0]"
234.672178984,,15676,,1583006539,524496078,"""Soft Sip""",[0.15357716381549835],"[0, 0, 1, 0]"
234.677525282,,15677,,1583006539,530199050,"""Soft Sip""",[0.14271900057792664],"[0, 0, 1, 0]"
234.683255911,,15678,,1583006539,535568952,"""Soft Sip""",[0.13186083734035492],"[0, 0, 1, 0]"
234.689162254,,15679,,1583006539,541376113,"""Soft Sip""",[0.12103480100631714],"[0, 0, 1, 0]"
234.694818258,,15680,,1583006539,547224998,"""Soft Sip""",[0.11017663776874542],"[0, 0, 1, 0]"
234.700262308,,15681,,1583006539,553232908,"""Soft Sip""",[0.0993184745311737],"[0, 0, 1, 0]"
234.708739758,,15682,,1583006539,561353921,"""Soft Sip""",[0.08846031129360199],"[0, 0, 1, 0]"
234.724231958,,15683,,1583006539,575377941,"""Soft Sip""",[0.07760214805603027],"[0, 0, 1, 0]"
234.730636358,,15684,,1583006539,582315921,"""Soft Sip""",[0.06674397736787796],"[0, 0, 1, 0]"
234.737200737,,15685,,1583006539,588728904,"""Soft Sip""",[0.05591794103384018],"[0, 0, 1, 0]"
234.750025511,,15686,,1583006539,601434946,"""Soft Sip""",[0.06674397736787796],"[0, 0, 1, 0]"
234.757069588,,15687,,1583006539,609381914,"""Soft Sip""",[0.07760214805603027],"[0, 0, 1, 0]"
234.764131784,,15688,,1583006539,617249965,"""Soft Sip""",[0.0993184745311737],"[0, 0, 1, 0]"
234.77078414,,15689,,1583006539,622150897,"""Soft Sip""",[0.11017663776874542],"[0, 0, 1, 0]"
234.776523829,,15690,,1583006539,628881931,"""Soft Sip""",[0.12103480100631714],"[0, 0, 1, 0]"
234.78306675,,15691,,1583006539,634577035,"""Soft Sip""",[0.13186083734035492],"[0, 0, 1, 0]"
234.79082489,,15692,,1583006539,641222000,"""Soft Sip""",[0.14271900057792664],"[0, 0, 1, 0]"
234.795755386,,15693,,1583006539,648808956,"""Soft Sip""",[0.15357716381549835],"[0, 0, 1, 0]"
234.802267313,,15694,,1583006539,653835058,"""Soft Sip""",[0.16443534195423126],"[0, 0, 1, 0]"
234.808537722,,15695,,1583006539,660164117,"""Soft Sip""",[0.17529350519180298],"[0, 0, 1, 0]"
234.813930035,,15696,,1583006539,666521072,"""Soft Sip""",[0.18611954152584076],"[0, 0, 1, 0]"
234.820936918,,15697,,1583006539,671708106,"""Soft Sip""",[0.19697770476341248],"[0, 0, 1, 0]"
234.826977491,,15698,,1583006539,678852081,"""Soft Sip""",[0.2078358680009842],"[0, 0, 1, 0]"
234.83164382,,15699,,1583006539,684950113,"""Soft Sip""",[0.2186940312385559],"[0, 0, 1, 0]"
234.838461161,,15700,,1583006539,689743995,"""Soft Sip""",[0.22955219447612762],"[0, 0, 1, 0]"
234.84427309,,15701,,1583006539,696552991,"""Soft Sip""",[0.2186940312385559],"[0, 0, 1, 0]"
234.849604845,,15702,,1583006539,702250003,"""Soft Sip""",[0.2078358680009842],"[0, 0, 1, 0]"
234.85583353,,15703,,1583006539,707668066,"""Soft Sip""",[0.19697770476341248],"[0, 0, 1, 0]"
234.861550093,,15704,,1583006539,713908910,"""Soft Sip""",[0.18611954152584076],"[0, 0, 1, 0]"
234.867064714,,15705,,1583006539,719628095,"""Soft Sip""",[0.17529350519180298],"[0, 0, 1, 0]"
234.873527527,,15706,,1583006539,725301027,"""Soft Sip""",[0.16443534195423126],"[0, 0, 1, 0]"
234.883325577,,15707,,1583006539,735299110,"""Soft Sip""",[0.15357716381549835],"[0, 0, 1, 0]"
234.892172575,,15708,,1583006539,743303060,"""Soft Sip""",[0.14271900057792664],"[0, 0, 1, 0]"
234.89951849,,15709,,1583006539,751276969,"""Soft Sip""",[0.13186083734035492],"[0, 0, 1, 0]"
234.906720638,,15710,,1583006539,757605075,"""Soft Sip""",[0.12103480100631714],"[0, 0, 1, 0]"
234.914115906,,15711,,1583006539,767296075,"""Soft Sip""",[0.11017663776874542],"[0, 0, 1, 0]"
234.98270607,,15712,,1583006539,835330009,"""Soft Sip""",[0.12103480100631714],"[0, 0, 1, 0]"
234.998739719,,15713,,1583006539,851391077,"""Soft Sip""",[0.13186083734035492],"[0, 0, 1, 0]"
235.007322073,,15714,,1583006539,859292984,"""Soft Sip""",[0.14271900057792664],"[0, 0, 1, 0]"
235.013680696,,15715,,1583006539,865412950,"""Soft Sip""",[0.15357716381549835],"[0, 0, 1, 0]"
235.01960969,,15716,,1583006539,871803998,"""Soft Sip""",[0.16443534195423126],"[0, 0, 1, 0]"
235.02616477,,15717,,1583006539,877722978,"""Soft Sip""",[0.17529350519180298],"[0, 0, 1, 0]"
235.032147408,,15718,,1583006539,884223937,"""Soft Sip""",[0.18611954152584076],"[0, 0, 1, 0]"
235.03686142,,15719,,1583006539,890214920,"""Soft Sip""",[0.19697770476341248],"[0, 0, 1, 0]"
235.043654442,,15720,,1583006539,894942045,"""Soft Sip""",[0.2078358680009842],"[0, 0, 1, 0]"
235.050076723,,15721,,1583006539,901734113,"""Soft Sip""",[0.2186940312385559],"[0, 0, 1, 0]"
235.055516005,,15722,,1583006539,908148050,"""Soft Sip""",[0.22955219447612762],"[0, 0, 1, 0]"
235.060528278,,15723,,1583006539,913487911,"""Soft Sip""",[0.2403782308101654],"[0, 0, 1, 0]"
235.066234827,,15724,,1583006539,918602943,"""Soft Sip""",[0.2512364089488983],"[0, 0, 1, 0]"
235.070879221,,15725,,1583006539,924216032,"""Soft Sip""",[0.26209455728530884],"[0, 0, 1, 0]"
235.077403545,,15726,,1583006539,928859949,"""Soft Sip""",[0.27295273542404175],"[0, 0, 1, 0]"
235.084020853,,15727,,1583006539,935501098,"""Soft Sip""",[0.28381088376045227],"[0, 0, 1, 0]"
235.089474916,,15728,,1583006539,941988945,"""Soft Sip""",[0.2946690618991852],"[0, 0, 1, 0]"
235.090348244,,15729,,1583006539,947452068,"""Soft-Hard Sip Deadband""",[0.30549511313438416],"[0, 0, 0, 0]"
235.091336012,,15730,,1583006539,948493957,"""Soft-Hard Sip Deadband""",[0.3163532614707947],"[0, 0, 0, 0]"
235.092209339,,15731,,1583006539,949306964,"""Soft-Hard Sip Deadband""",[0.3272114396095276],"[0, 0, 0, 0]"
235.093132019,,15732,,1583006539,950180053,"""Soft-Hard Sip Deadband""",[0.3380695879459381],"[0, 0, 0, 0]"
235.094137192,,15733,,1583006539,951148033,"""Soft-Hard Sip Deadband""",[0.348927766084671],"[0, 0, 0, 0]"
235.094983816,,15734,,1583006539,951980113,"""Soft-Hard Sip Deadband""",[0.3597537875175476],"[0, 0, 0, 0]"
235.095822811,,15735,,1583006539,952845096,"""Soft-Hard Sip Deadband""",[0.3706119656562805],"[0, 0, 0, 0]"
235.096609831,,15736,,1583006539,953793048,"""Soft-Hard Sip Deadband""",[0.38147011399269104],"[0, 0, 0, 0]"
235.097372293,,15737,,1583006539,954667091,"""Soft-Hard Sip Deadband""",[0.39232829213142395],"[0, 0, 0, 0]"
235.106375694,,15738,,1583006539,963335990,"""Soft-Hard Sip Deadband""",[0.4031864404678345],"[0, 0, 0, 0]"
235.128922701,,15739,,1583006539,985359907,"""Soft-Hard Sip Deadband""",[0.39232829213142395],"[0, 0, 0, 0]"
235.134239912,,15740,,1583006539,991308927,"""Soft-Hard Sip Deadband""",[0.38147011399269104],"[0, 0, 0, 0]"
235.142270327,,15741,,1583006539,999324083,"""Soft-Hard Sip Deadband""",[0.3706119656562805],"[0, 0, 0, 0]"
235.146533728,,15742,,1583006540,3400087,"""Soft-Hard Sip Deadband""",[0.3597537875175476],"[0, 0, 0, 0]"
235.152484655,,15743,,1583006540,9341955,"""Soft-Hard Sip Deadband""",[0.348927766084671],"[0, 0, 0, 0]"
235.158232689,,15744,,1583006540,15295028,"""Soft-Hard Sip Deadband""",[0.3380695879459381],"[0, 0, 0, 0]"
235.16426158,,15745,,1583006540,21258115,"""Soft-Hard Sip Deadband""",[0.3272114396095276],"[0, 0, 0, 0]"
235.17265439,,15746,,1583006540,29402971,"""Soft-Hard Sip Deadband""",[0.3163532614707947],"[0, 0, 0, 0]"
235.176338434,,15747,,1583006540,33287048,"""Soft-Hard Sip Deadband""",[0.3272114396095276],"[0, 0, 0, 0]"
235.186280727,,15748,,1583006540,43318986,"""Soft-Hard Sip Deadband""",[0.3163532614707947],"[0, 0, 0, 0]"
235.23242569,,15749,,1583006540,89334964,"""Soft-Hard Sip Deadband""",[0.30549511313438416],"[0, 0, 0, 0]"
235.246439695,,15750,,1583006540,99322080,"""Soft Sip""",[0.2946690618991852],"[0, 0, 1, 0]"
235.255238771,,15751,,1583006540,107239961,"""Soft Sip""",[0.28381088376045227],"[0, 0, 1, 0]"
235.267973661,,15752,,1583006540,119369983,"""Soft Sip""",[0.27295273542404175],"[0, 0, 1, 0]"
235.293730974,,15753,,1583006540,145431041,"""Soft Sip""",[0.28381088376045227],"[0, 0, 1, 0]"
235.299380779,,15754,,1583006540,151748895,"""Soft Sip""",[0.27295273542404175],"[0, 0, 1, 0]"
235.306668997,,15755,,1583006540,157474994,"""Soft Sip""",[0.28381088376045227],"[0, 0, 1, 0]"
235.311962128,,15756,,1583006540,164743900,"""Soft Sip""",[0.2946690618991852],"[0, 0, 1, 0]"
235.314552546,,15757,,1583006540,171329021,"""Soft-Hard Sip Deadband""",[0.30549511313438416],"[0, 0, 0, 0]"
235.326847792,,15758,,1583006540,183424949,"""Soft-Hard Sip Deadband""",[0.3163532614707947],"[0, 0, 0, 0]"
235.336842775,,15759,,1583006540,193417072,"""Soft-Hard Sip Deadband""",[0.3272114396095276],"[0, 0, 0, 0]"
235.350735903,,15760,,1583006540,207374095,"""Soft-Hard Sip Deadband""",[0.3380695879459381],"[0, 0, 0, 0]"
235.387131453,,15761,,1583006540,243444919,"""Soft-Hard Sip Deadband""",[0.3272114396095276],"[0, 0, 0, 0]"
235.395053864,,15762,,1583006540,251442909,"""Soft-Hard Sip Deadband""",[0.3163532614707947],"[0, 0, 0, 0]"
235.400825739,,15763,,1583006540,257352113,"""Soft-Hard Sip Deadband""",[0.30549511313438416],"[0, 0, 0, 0]"
235.409574747,,15764,,1583006540,261296987,"""Soft Sip""",[0.2946690618991852],"[0, 0, 1, 0]"
235.414159775,,15765,,1583006540,267476081,"""Soft Sip""",[0.28381088376045227],"[0, 0, 1, 0]"
235.421669722,,15766,,1583006540,272213935,"""Soft Sip""",[0.27295273542404175],"[0, 0, 1, 0]"
235.428857088,,15767,,1583006540,279755115,"""Soft Sip""",[0.26209455728530884],"[0, 0, 1, 0]"
235.435440779,,15768,,1583006540,286927938,"""Soft Sip""",[0.2512364089488983],"[0, 0, 1, 0]"
235.441906214,,15769,,1583006540,293556928,"""Soft Sip""",[0.2403782308101654],"[0, 0, 1, 0]"
235.448396444,,15770,,1583006540,299879074,"""Soft Sip""",[0.22955219447612762],"[0, 0, 1, 0]"
235.454252243,,15771,,1583006540,306499958,"""Soft Sip""",[0.2186940312385559],"[0, 0, 1, 0]"
235.461497784,,15772,,1583006540,312232971,"""Soft Sip""",[0.2078358680009842],"[0, 0, 1, 0]"
235.467575788,,15773,,1583006540,319469928,"""Soft Sip""",[0.18611954152584076],"[0, 0, 1, 0]"
235.474931479,,15774,,1583006540,325752019,"""Soft Sip""",[0.17529350519180298],"[0, 0, 1, 0]"
235.479863882,,15775,,1583006540,332909107,"""Soft Sip""",[0.16443534195423126],"[0, 0, 1, 0]"
235.486164093,,15776,,1583006540,337842941,"""Soft Sip""",[0.15357716381549835],"[0, 0, 1, 0]"
235.491298437,,15777,,1583006540,344180107,"""Soft Sip""",[0.14271900057792664],"[0, 0, 1, 0]"
235.496517658,,15778,,1583006540,349256038,"""Soft Sip""",[0.13186083734035492],"[0, 0, 1, 0]"
235.50313282,,15779,,1583006540,354629993,"""Soft Sip""",[0.12103480100631714],"[0, 0, 1, 0]"
235.509494543,,15780,,1583006540,361099958,"""Soft Sip""",[0.0993184745311737],"[0, 0, 1, 0]"
235.514593363,,15781,,1583006540,367484092,"""Soft Sip""",[0.08846031129360199],"[0, 0, 1, 0]"
235.52090168,,15782,,1583006540,372592926,"""Soft Sip""",[0.07760214805603027],"[0, 0, 1, 0]"
235.52624464,,15783,,1583006540,378910064,"""Soft Sip""",[0.06674397736787796],"[0, 0, 1, 0]"
235.533514023,,15784,,1583006540,384373903,"""Soft Sip""",[0.05591794103384018],"[0, 0, 1, 0]"
235.541608095,,15785,,1583006540,391483068,"""Soft Sip""",[0.04505977779626846],"[0, 0, 1, 0]"
235.547507524,,15786,,1583006540,399715900,"""Soft Sip""",[0.03420161083340645],"[0, 0, 1, 0]"
235.553714037,,15787,,1583006540,405487060,"""Soft Sip""",[0.023343447595834732],"[0, 0, 1, 0]"
235.558986187,,15788,,1583006540,411766052,"""Soft Sip""",[0.012485282495617867],"[0, 0, 1, 0]"
235.559825897,,15789,,1583006540,416980981,"""Zero Band""",[0.0016592431347817183],"[0, 0, 0, 0]"
235.565879107,,15790,,1583006540,417800903,"""Soft Sip""",[0.012485282495617867],"[0, 0, 1, 0]"
235.57229495,,15791,,1583006540,423851966,"""Soft Sip""",[0.023343447595834732],"[0, 0, 1, 0]"
235.578716755,,15792,,1583006540,430361032,"""Soft Sip""",[0.03420161083340645],"[0, 0, 1, 0]"
235.585079908,,15793,,1583006540,436789035,"""Soft Sip""",[0.04505977779626846],"[0, 0, 1, 0]"
235.592067003,,15794,,1583006540,443128108,"""Soft Sip""",[0.05591794103384018],"[0, 0, 1, 0]"
235.597302198,,15795,,1583006540,450087070,"""Soft Sip""",[0.06674397736787796],"[0, 0, 1, 0]"
235.603211164,,15796,,1583006540,455435037,"""Soft Sip""",[0.05591794103384018],"[0, 0, 1, 0]"
235.608342171,,15797,,1583006540,460987091,"""Soft Sip""",[0.06674397736787796],"[0, 0, 1, 0]"
235.613665581,,15798,,1583006540,466414928,"""Soft Sip""",[0.05591794103384018],"[0, 0, 1, 0]"
235.62002492,,15799,,1583006540,471739053,"""Soft Sip""",[0.06674397736787796],"[0, 0, 1, 0]"
235.625687599,,15800,,1583006540,478003978,"""Soft Sip""",[0.05591794103384018],"[0, 0, 1, 0]"
235.631899595,,15801,,1583006540,483761072,"""Soft Sip""",[0.04505977779626846],"[0, 0, 1, 0]"
235.637036324,,15802,,1583006540,489927053,"""Soft Sip""",[0.03420161083340645],"[0, 0, 1, 0]"
235.646682262,,15803,,1583006540,499305963,"""Soft Sip""",[0.023343447595834732],"[0, 0, 1, 0]"
235.652210951,,15804,,1583006540,505242109,"""Soft Sip""",[0.012485282495617867],"[0, 0, 1, 0]"
235.6607306,,15805,,1583006540,517391920,"""Zero Band""",[0.0016592431347817183],"[0, 0, 0, 0]"
235.670407057,,15806,,1583006540,527327060,"""Zero Band""",[-0.0],"[0, 0, 0, 0]"
235.682350636,,15807,,1583006540,539333105,"""Zero Band""",[-0.0],"[0, 0, 0, 0]"
235.686363697,,15808,,1583006540,543370008,"""Zero Band""",[-0.0],"[0, 0, 0, 0]"
235.688366175,,15809,,1583006540,545248985,"""Zero Band""",[-0.0],"[0, 0, 0, 0]"
235.714491606,,15810,,1583006540,571340084,"""Zero Band""",[-0.0],"[0, 0, 0, 0]"
235.716130733,,15811,,1583006540,573246955,"""Zero Band""",[-0.0],"[0, 0, 0, 0]"
235.720136881,,15812,,1583006540,577266931,"""Zero Band""",[-0.0],"[0, 0, 0, 0]"
235.738730192,,15813,,1583006540,595443964,"""Zero Band""",[0.0016592431347817183],"[0, 0, 0, 0]"
235.751179218,,15814,,1583006540,603260993,"""Soft Sip""",[0.012485282495617867],"[0, 0, 1, 0]"
235.757378101,,15815,,1583006540,609257936,"""Soft Sip""",[0.023343447595834732],"[0, 0, 1, 0]"
235.763164759,,15816,,1583006540,615488052,"""Soft Sip""",[0.03420161083340645],"[0, 0, 1, 0]"
235.769551277,,15817,,1583006540,621294021,"""Soft Sip""",[0.04505977779626846],"[0, 0, 1, 0]"
235.778303385,,15818,,1583006540,631273031,"""Soft Sip""",[0.05591794103384018],"[0, 0, 1, 0]"
235.793034792,,15819,,1583006540,643346071,"""Soft Sip""",[0.06674397736787796],"[0, 0, 1, 0]"
235.79799509,,15820,,1583006540,651141881,"""Soft Sip""",[0.05591794103384018],"[0, 0, 1, 0]"
235.804162741,,15821,,1583006540,656035900,"""Soft Sip""",[0.06674397736787796],"[0, 0, 1, 0]"
235.813100338,,15822,,1583006540,665290117,"""Soft Sip""",[0.05591794103384018],"[0, 0, 1, 0]"
235.820088625,,15823,,1583006540,671190023,"""Soft Sip""",[0.06674397736787796],"[0, 0, 1, 0]"
235.826729059,,15824,,1583006540,678114891,"""Soft Sip""",[0.05591794103384018],"[0, 0, 1, 0]"
235.863929272,,15825,,1583006540,715353012,"""Soft Sip""",[0.04505977779626846],"[0, 0, 1, 0]"
235.873527527,,15826,,1583006540,725326061,"""Soft Sip""",[0.05591794103384018],"[0, 0, 1, 0]"
235.880274534,,15827,,1583006540,731657981,"""Soft Sip""",[0.04505977779626846],"[0, 0, 1, 0]"
235.895619869,,15828,,1583006540,747392892,"""Soft Sip""",[0.05591794103384018],"[0, 0, 1, 0]"
235.901343346,,15829,,1583006540,753707885,"""Soft Sip""",[0.04505977779626846],"[0, 0, 1, 0]"
235.928988695,,15830,,1583006540,781383037,"""Soft Sip""",[0.05591794103384018],"[0, 0, 1, 0]"
235.934946775,,15831,,1583006540,787256002,"""Soft Sip""",[0.04505977779626846],"[0, 0, 1, 0]"
235.941462278,,15832,,1583006540,793258905,"""Soft Sip""",[0.05591794103384018],"[0, 0, 1, 0]"
235.946563482,,15833,,1583006540,799308061,"""Soft Sip""",[0.04505977779626846],"[0, 0, 1, 0]"
235.95429635,,15834,,1583006540,804733991,"""Soft Sip""",[0.05591794103384018],"[0, 0, 1, 0]"
235.959249496,,15835,,1583006540,812306880,"""Soft Sip""",[0.04505977779626846],"[0, 0, 1, 0]"
235.96934557,,15836,,1583006540,821319103,"""Soft Sip""",[0.05591794103384018],"[0, 0, 1, 0]"
235.999571323,,15837,,1583006540,851371049,"""Soft Sip""",[0.06674397736787796],"[0, 0, 1, 0]"
236.005966902,,15838,,1583006540,857559919,"""Soft Sip""",[0.05591794103384018],"[0, 0, 1, 0]"
236.01132679,,15839,,1583006540,864031076,"""Soft Sip""",[0.06674397736787796],"[0, 0, 1, 0]"
236.022152901,,15840,,1583006540,873377084,"""Soft Sip""",[0.07760214805603027],"[0, 0, 1, 0]"
236.030283928,,15841,,1583006540,883259057,"""Soft Sip""",[0.08846031129360199],"[0, 0, 1, 0]"
236.039747715,,15842,,1583006540,891465902,"""Soft Sip""",[0.0993184745311737],"[0, 0, 1, 0]"
236.046778917,,15843,,1583006540,899282932,"""Soft Sip""",[0.11017663776874542],"[0, 0, 1, 0]"
236.053543806,,15844,,1583006540,905332088,"""Soft Sip""",[0.12103480100631714],"[0, 0, 1, 0]"
236.064365149,,15845,,1583006540,917321920,"""Soft Sip""",[0.13186083734035492],"[0, 0, 1, 0]"
236.080474138,,15846,,1583006540,933368921,"""Soft Sip""",[0.12103480100631714],"[0, 0, 1, 0]"
236.116376877,,15847,,1583006540,967416048,"""Soft Sip""",[0.11017663776874542],"[0, 0, 1, 0]"
236.122344017,,15848,,1583006540,974472999,"""Soft Sip""",[0.12103480100631714],"[0, 0, 1, 0]"
236.127592087,,15849,,1583006540,980390071,"""Soft Sip""",[0.11017663776874542],"[0, 0, 1, 0]"
236.180229425,,15850,,1583006541,31368017,"""Soft Sip""",[0.12103480100631714],"[0, 0, 1, 0]"
236.186935425,,15851,,1583006541,38304090,"""Soft Sip""",[0.11017663776874542],"[0, 0, 1, 0]"
236.192702055,,15852,,1583006541,44987916,"""Soft Sip""",[0.12103480100631714],"[0, 0, 1, 0]"
236.19846487,,15853,,1583006541,50759077,"""Soft Sip""",[0.11017663776874542],"[0, 0, 1, 0]"
236.204323292,,15854,,1583006541,56348085,"""Soft Sip""",[0.12103480100631714],"[0, 0, 1, 0]"
236.210186481,,15855,,1583006541,62300920,"""Soft Sip""",[0.11017663776874542],"[0, 0, 1, 0]"
236.215594769,,15856,,1583006541,68234920,"""Soft Sip""",[0.12103480100631714],"[0, 0, 1, 0]"
236.222493887,,15857,,1583006541,73662042,"""Soft Sip""",[0.11017663776874542],"[0, 0, 1, 0]"
236.227860212,,15858,,1583006541,80585002,"""Soft Sip""",[0.12103480100631714],"[0, 0, 1, 0]"
236.232782364,,15859,,1583006541,85927009,"""Soft Sip""",[0.11017663776874542],"[0, 0, 1, 0]"
236.238369703,,15860,,1583006541,90666055,"""Soft Sip""",[0.12103480100631714],"[0, 0, 1, 0]"
236.244630814,,15861,,1583006541,96435070,"""Soft Sip""",[0.11017663776874542],"[0, 0, 1, 0]"
236.250756502,,15862,,1583006541,102695941,"""Soft Sip""",[0.12103480100631714],"[0, 0, 1, 0]"
236.25690794,,15863,,1583006541,108514070,"""Soft Sip""",[0.11017663776874542],"[0, 0, 1, 0]"
236.263519287,,15864,,1583006541,115014076,"""Soft Sip""",[0.12103480100631714],"[0, 0, 1, 0]"
236.27006197,,15865,,1583006541,121483087,"""Soft Sip""",[0.11017663776874542],"[0, 0, 1, 0]"
236.275953531,,15866,,1583006541,128031969,"""Soft Sip""",[0.12103480100631714],"[0, 0, 1, 0]"
236.280917645,,15867,,1583006541,134048938,"""Soft Sip""",[0.11017663776874542],"[0, 0, 1, 0]"
236.286863804,,15868,,1583006541,138813018,"""Soft Sip""",[0.12103480100631714],"[0, 0, 1, 0]"
236.293619633,,15869,,1583006541,144958019,"""Soft Sip""",[0.11017663776874542],"[0, 0, 1, 0]"
236.298785448,,15870,,1583006541,151612043,"""Soft Sip""",[0.12103480100631714],"[0, 0, 1, 0]"
236.305668354,,15871,,1583006541,156800031,"""Soft Sip""",[0.11017663776874542],"[0, 0, 1, 0]"
236.312028408,,15872,,1583006541,163677930,"""Soft Sip""",[0.12103480100631714],"[0, 0, 1, 0]"
236.317038298,,15873,,1583006541,170066118,"""Soft Sip""",[0.13186083734035492],"[0, 0, 1, 0]"
236.333533049,,15874,,1583006541,185363054,"""Soft Sip""",[0.14271900057792664],"[0, 0, 1, 0]"
236.344973326,,15875,,1583006541,197385072,"""Soft Sip""",[0.15357716381549835],"[0, 0, 1, 0]"
236.361914635,,15876,,1583006541,213423967,"""Soft Sip""",[0.16443534195423126],"[0, 0, 1, 0]"
236.367973089,,15877,,1583006541,220017910,"""Soft Sip""",[0.15357716381549835],"[0, 0, 1, 0]"
236.374227047,,15878,,1583006541,226131916,"""Soft Sip""",[0.16443534195423126],"[0, 0, 1, 0]"
236.393382072,,15879,,1583006541,245388984,"""Soft Sip""",[0.17529350519180298],"[0, 0, 1, 0]"
236.399992466,,15880,,1583006541,251451969,"""Soft Sip""",[0.16443534195423126],"[0, 0, 1, 0]"
236.407324314,,15881,,1583006541,258061885,"""Soft Sip""",[0.17529350519180298],"[0, 0, 1, 0]"
236.412064552,,15882,,1583006541,265420913,"""Soft Sip""",[0.16443534195423126],"[0, 0, 1, 0]"
236.417926788,,15883,,1583006541,270046949,"""Soft Sip""",[0.17529350519180298],"[0, 0, 1, 0]"
236.424385071,,15884,,1583006541,275933980,"""Soft Sip""",[0.16443534195423126],"[0, 0, 1, 0]"
236.437985659,,15885,,1583006541,289376020,"""Soft Sip""",[0.15357716381549835],"[0, 0, 1, 0]"
236.457497835,,15886,,1583006541,307384014,"""Soft Sip""",[0.14271900057792664],"[0, 0, 1, 0]"
236.473232985,,15887,,1583006541,323420047,"""Soft Sip""",[0.13186083734035492],"[0, 0, 1, 0]"
236.527554512,,15888,,1583006541,379555940,"""Soft Sip""",[0.12103480100631714],"[0, 0, 1, 0]"
236.545891285,,15889,,1583006541,395411968,"""Soft Sip""",[0.13186083734035492],"[0, 0, 1, 0]"
236.552214384,,15890,,1583006541,403991937,"""Soft Sip""",[0.12103480100631714],"[0, 0, 1, 0]"
236.596396208,,15891,,1583006541,447422981,"""Soft Sip""",[0.11017663776874542],"[0, 0, 1, 0]"
236.602330446,,15892,,1583006541,454391956,"""Soft Sip""",[0.12103480100631714],"[0, 0, 1, 0]"
236.645374298,,15893,,1583006541,497495889,"""Soft Sip""",[0.13186083734035492],"[0, 0, 1, 0]"
236.65092659,,15894,,1583006541,503462076,"""Soft Sip""",[0.12103480100631714],"[0, 0, 1, 0]"
236.658395767,,15895,,1583006541,508996963,"""Soft Sip""",[0.13186083734035492],"[0, 0, 1, 0]"
236.699164629,,15896,,1583006541,551414966,"""Soft Sip""",[0.14271900057792664],"[0, 0, 1, 0]"
236.758216381,,15897,,1583006541,609397888,"""Soft Sip""",[0.15357716381549835],"[0, 0, 1, 0]"
236.792219162,,15898,,1583006541,643412113,"""Soft Sip""",[0.16443534195423126],"[0, 0, 1, 0]"
236.798255444,,15899,,1583006541,650269985,"""Soft Sip""",[0.15357716381549835],"[0, 0, 1, 0]"
236.804294109,,15900,,1583006541,656152009,"""Soft Sip""",[0.16443534195423126],"[0, 0, 1, 0]"
236.809701204,,15901,,1583006541,662354946,"""Soft Sip""",[0.17529350519180298],"[0, 0, 1, 0]"
236.844020128,,15902,,1583006541,695413112,"""Soft Sip""",[0.16443534195423126],"[0, 0, 1, 0]"
236.862026215,,15903,,1583006541,713460922,"""Soft Sip""",[0.15357716381549835],"[0, 0, 1, 0]"
236.876490593,,15904,,1583006541,727293014,"""Soft Sip""",[0.14271900057792664],"[0, 0, 1, 0]"
236.890361786,,15905,,1583006541,741358041,"""Soft Sip""",[0.13186083734035492],"[0, 0, 1, 0]"
236.911391973,,15906,,1583006541,761445045,"""Soft Sip""",[0.12103480100631714],"[0, 0, 1, 0]"
236.917457581,,15907,,1583006541,769493103,"""Soft Sip""",[0.13186083734035492],"[0, 0, 1, 0]"
236.92458725,,15908,,1583006541,775553941,"""Soft Sip""",[0.12103480100631714],"[0, 0, 1, 0]"
236.941342831,,15909,,1583006541,791357040,"""Soft Sip""",[0.11017663776874542],"[0, 0, 1, 0]"
236.94866848,,15910,,1583006541,799429893,"""Soft Sip""",[0.12103480100631714],"[0, 0, 1, 0]"
236.954733849,,15911,,1583006541,806754112,"""Soft Sip""",[0.11017663776874542],"[0, 0, 1, 0]"
236.960100889,,15912,,1583006541,812803983,"""Soft Sip""",[0.0993184745311737],"[0, 0, 1, 0]"
236.975487709,,15913,,1583006541,827316999,"""Soft Sip""",[0.08846031129360199],"[0, 0, 1, 0]"
237.008217573,,15914,,1583006541,859455108,"""Soft Sip""",[0.07760214805603027],"[0, 0, 1, 0]"
237.061254978,,15915,,1583006541,911376953,"""Soft Sip""",[0.06674397736787796],"[0, 0, 1, 0]"
237.06724143,,15916,,1583006541,919359922,"""Soft Sip""",[0.07760214805603027],"[0, 0, 1, 0]"
237.073608875,,15917,,1583006541,925393104,"""Soft Sip""",[0.06674397736787796],"[0, 0, 1, 0]"
237.079227448,,15918,,1583006541,931636095,"""Soft Sip""",[0.07760214805603027],"[0, 0, 1, 0]"
237.087322712,,15919,,1583006541,939275026,"""Soft Sip""",[0.06674397736787796],"[0, 0, 1, 0]"
237.145273209,,15920,,1583006541,997481107,"""Soft Sip""",[0.07760214805603027],"[0, 0, 1, 0]"
237.151040316,,15921,,1583006542,3314018,"""Soft Sip""",[0.06674397736787796],"[0, 0, 1, 0]"
237.155794144,,15922,,1583006542,9088993,"""Soft Sip""",[0.07760214805603027],"[0, 0, 1, 0]"
237.161411047,,15923,,1583006542,13828992,"""Soft Sip""",[0.06674397736787796],"[0, 0, 1, 0]"
237.166689634,,15924,,1583006542,19479036,"""Soft Sip""",[0.07760214805603027],"[0, 0, 1, 0]"
237.178325653,,15925,,1583006542,29314041,"""Soft Sip""",[0.06674397736787796],"[0, 0, 1, 0]"
237.183326244,,15926,,1583006542,36413908,"""Soft Sip""",[0.07760214805603027],"[0, 0, 1, 0]"
237.199350119,,15927,,1583006542,51342010,"""Soft Sip""",[0.06674397736787796],"[0, 0, 1, 0]"
237.231801271,,15928,,1583006542,83401918,"""Soft Sip""",[0.05591794103384018],"[0, 0, 1, 0]"
237.263091803,,15929,,1583006542,115343093,"""Soft Sip""",[0.04505977779626846],"[0, 0, 1, 0]"
237.269080877,,15930,,1583006542,121121883,"""Soft Sip""",[0.05591794103384018],"[0, 0, 1, 0]"
237.27533412,,15931,,1583006542,127173900,"""Soft Sip""",[0.04505977779626846],"[0, 0, 1, 0]"
237.280189991,,15932,,1583006542,133358001,"""Soft Sip""",[0.05591794103384018],"[0, 0, 1, 0]"
237.2851789,,15933,,1583006542,138263940,"""Soft Sip""",[0.04505977779626846],"[0, 0, 1, 0]"
237.299814463,,15934,,1583006542,151365995,"""Soft Sip""",[0.03420161083340645],"[0, 0, 1, 0]"
237.310362101,,15935,,1583006542,161546945,"""Soft Sip""",[0.023343447595834732],"[0, 0, 1, 0]"
237.32175684,,15936,,1583006542,173269033,"""Soft Sip""",[0.012485282495617867],"[0, 0, 1, 0]"
237.328202248,,15937,,1583006542,185292959,"""Zero Band""",[0.0016592431347817183],"[0, 0, 0, 0]"
237.342586279,,15938,,1583006542,199392080,"""Zero Band""",[-0.0],"[0, 0, 0, 0]"
237.358572721,,15939,,1583006542,215398073,"""Zero Band""",[-0.0],"[0, 0, 0, 0]"
237.382531404,,15940,,1583006542,239356994,"""Zero Band""",[-0.0],"[0, 0, 0, 0]"
237.406685829,,15941,,1583006542,263407945,"""Zero Band""",[-0.0],"[0, 0, 0, 0]"
237.432766438,,15942,,1583006542,289405107,"""Zero Band""",[-0.0],"[0, 0, 0, 0]"
237.565580368,,15943,,1583006542,422399044,"""Zero Band""",[-0.0],"[0, 0, 0, 0]"
237.565693855,,15944,,1583006542,422399044,"""input stopped""",[-0.0],"[0, 0, 0, 0]"
237.91135025,,15945,,1583006542,768246889,"""Zero Band""",[-0.0],"[0, 0, 0, 0]"
237.924325228,,15946,,1583006542,781353950,"""Zero Band""",[-0.0],"[0, 0, 0, 0]"
237.928320885,,15947,,1583006542,785257101,"""Zero Band""",[-0.0],"[0, 0, 0, 0]"
237.934163809,,15948,,1583006542,791320085,"""Zero Band""",[-0.0],"[0, 0, 0, 0]"
237.940411329,,15949,,1583006542,797389984,"""Zero Band""",[-0.0],"[0, 0, 0, 0]"
237.944283724,,15950,,1583006542,801305055,"""Zero Band""",[0.0016592431347817183],"[0, 0, 0, 0]"
237.954590082,,15951,,1583006542,807312011,"""Soft Sip""",[0.012485282495617867],"[0, 0, 1, 0]"
237.962256193,,15952,,1583006542,815244913,"""Soft Sip""",[0.023343447595834732],"[0, 0, 1, 0]"
237.971153021,,15953,,1583006542,823354959,"""Soft Sip""",[0.03420161083340645],"[0, 0, 1, 0]"
237.976536274,,15954,,1583006542,829214096,"""Soft Sip""",[0.04505977779626846],"[0, 0, 1, 0]"
237.989074707,,15955,,1583006542,841356039,"""Soft Sip""",[0.05591794103384018],"[0, 0, 1, 0]"
238.008259535,,15956,,1583006542,859323024,"""Soft Sip""",[0.04505977779626846],"[0, 0, 1, 0]"
238.01698637,,15957,,1583006542,869307041,"""Soft Sip""",[0.03420161083340645],"[0, 0, 1, 0]"
238.023532629,,15958,,1583006542,875057935,"""Soft Sip""",[0.023343447595834732],"[0, 0, 1, 0]"
238.029838324,,15959,,1583006542,881658077,"""Soft Sip""",[0.012485282495617867],"[0, 0, 1, 0]"
238.030921221,,15960,,1583006542,887820959,"""Zero Band""",[0.0016592431347817183],"[0, 0, 0, 0]"
238.03173089,,15961,,1583006542,888969898,"""Zero Band""",[-0.0],"[0, 0, 0, 0]"
238.036025763,,15962,,1583006542,893248081,"""Zero Band""",[-0.0],"[0, 0, 0, 0]"
238.038074493,,15963,,1583006542,895260095,"""Zero Band""",[-0.0],"[0, 0, 0, 0]"
238.044360876,,15964,,1583006542,901267051,"""Zero Band""",[-0.0],"[0, 0, 0, 0]"
238.049092054,,15965,,1583006542,905380964,"""Zero Band""",[-0.0],"[0, 0, 0, 0]"
238.077319622,,15966,,1583006542,934252023,"""Zero Band""",[-0.0],"[0, 0, 0, 0]"
238.077413797,,15967,,1583006542,934252023,"""input stopped""",[-0.0],"[0, 0, 0, 0]"
238.121631145,,15968,,1583006542,978358983,"""Zero Band""",[-0.0],"[0, 0, 0, 0]"
238.124387026,,15969,,1583006542,981257915,"""Zero Band""",[-0.0],"[0, 0, 0, 0]"
238.126104593,,15970,,1583006542,983270883,"""Zero Band""",[-0.0],"[0, 0, 0, 0]"
238.130271912,,15971,,1583006542,987303018,"""Zero Band""",[-0.0],"[0, 0, 0, 0]"
238.136113405,,15972,,1583006542,989237070,"""Soft Sip""",[0.012485282495617867],"[0, 0, 1, 0]"
238.142019272,,15973,,1583006542,994151115,"""Soft Sip""",[0.023343447595834732],"[0, 0, 1, 0]"
238.14764452,,15974,,1583006543,16927,"""Soft Sip""",[0.04505977779626846],"[0, 0, 1, 0]"
238.15257287,,15975,,1583006543,5806922,"""Soft Sip""",[0.06674397736787796],"[0, 0, 1, 0]"
238.15852046,,15976,,1583006543,10550975,"""Soft Sip""",[0.07760214805603027],"[0, 0, 1, 0]"
238.164943933,,15977,,1583006543,16688108,"""Soft Sip""",[0.0993184745311737],"[0, 0, 1, 0]"
238.17074132,,15978,,1583006543,22918939,"""Soft Sip""",[0.12103480100631714],"[0, 0, 1, 0]"
238.177872896,,15979,,1583006543,28856039,"""Soft Sip""",[0.13186083734035492],"[0, 0, 1, 0]"
238.183807611,,15980,,1583006543,35903930,"""Soft Sip""",[0.15357716381549835],"[0, 0, 1, 0]"
238.18840766,,15981,,1583006543,41814088,"""Soft Sip""",[0.16443534195423126],"[0, 0, 1, 0]"
238.194006443,,15982,,1583006543,46385049,"""Soft Sip""",[0.18611954152584076],"[0, 0, 1, 0]"
238.201405764,,15983,,1583006543,52139043,"""Soft Sip""",[0.19697770476341248],"[0, 0, 1, 0]"
238.206254244,,15984,,1583006543,59392929,"""Soft Sip""",[0.2186940312385559],"[0, 0, 1, 0]"
238.210992098,,15985,,1583006543,64232110,"""Soft Sip""",[0.22955219447612762],"[0, 0, 1, 0]"
238.217068911,,15986,,1583006543,68968057,"""Soft Sip""",[0.2403782308101654],"[0, 0, 1, 0]"
238.222493172,,15987,,1583006543,75050115,"""Soft Sip""",[0.2512364089488983],"[0, 0, 1, 0]"
238.228604794,,15988,,1583006543,80621004,"""Soft Sip""",[0.26209455728530884],"[0, 0, 1, 0]"
238.236639977,,15989,,1583006543,86582899,"""Soft Sip""",[0.27295273542404175],"[0, 0, 1, 0]"
238.242336035,,15990,,1583006543,94676971,"""Soft Sip""",[0.28381088376045227],"[0, 0, 1, 0]"
238.247373343,,15991,,1583006543,100218057,"""Soft Sip""",[0.2946690618991852],"[0, 0, 1, 0]"
238.24870944,,15992,,1583006543,105415105,"""Soft-Hard Sip Deadband""",[0.30549511313438416],"[0, 0, 0, 0]"
238.249505043,,15993,,1583006543,106674909,"""Soft-Hard Sip Deadband""",[0.3272114396095276],"[0, 0, 0, 0]"
238.250260592,,15994,,1583006543,107481002,"""Soft-Hard Sip Deadband""",[0.3380695879459381],"[0, 0, 0, 0]"
238.251037598,,15995,,1583006543,108227014,"""Soft-Hard Sip Deadband""",[0.3597537875175476],"[0, 0, 0, 0]"
238.251989365,,15996,,1583006543,109170913,"""Soft-Hard Sip Deadband""",[0.3706119656562805],"[0, 0, 0, 0]"
238.252697706,,15997,,1583006543,109914064,"""Soft-Hard Sip Deadband""",[0.38147011399269104],"[0, 0, 0, 0]"
238.253463984,,15998,,1583006543,110680103,"""Soft-Hard Sip Deadband""",[0.39232829213142395],"[0, 0, 0, 0]"
238.254150152,,15999,,1583006543,111393928,"""Soft-Hard Sip Deadband""",[0.4140446186065674],"[0, 0, 0, 0]"
238.254917383,,16000,,1583006543,112150907,"""Soft-Hard Sip Deadband""",[0.42487066984176636],"[0, 0, 0, 0]"
238.255647898,,16001,,1583006543,112886905,"""Soft-Hard Sip Deadband""",[0.4357288181781769],"[0, 0, 0, 0]"
238.256359577,,16002,,1583006543,113626956,"""Soft-Hard Sip Deadband""",[0.4465869963169098],"[0, 0, 0, 0]"
238.257025003,,16003,,1583006543,114337921,"""Soft-Hard Sip Deadband""",[0.4574451446533203],"[0, 0, 0, 0]"
238.257834435,,16004,,1583006543,114995002,"""Soft-Hard Sip Deadband""",[0.4683033227920532],"[0, 0, 0, 0]"
238.258676291,,16005,,1583006543,115719079,"""Soft-Hard Sip Deadband""",[0.4791293442249298],"[0, 0, 0, 0]"
238.259969234,,16006,,1583006543,116848945,"""Soft-Hard Sip Deadband""",[0.4899875223636627],"[0, 0, 0, 0]"
238.265885115,,16007,,1583006543,117940902,"""Zero Band""",[0.5008456707000732],"[0, 0, 0, 0]"
238.271817923,,16008,,1583006543,123862981,"""Zero Band""",[0.5117038488388062],"[0, 0, 0, 0]"
238.278524637,,16009,,1583006543,129893064,"""Zero Band""",[0.5225620269775391],"[0, 0, 0, 0]"
238.302098036,,16010,,1583006543,153357982,"""Zero Band""",[0.533388078212738],"[0, 0, 0, 0]"
238.310202837,,16011,,1583006543,163290023,"""Zero Band""",[0.5442461967468262],"[0, 0, 0, 0]"
238.319115877,,16012,,1583006543,171333074,"""Zero Band""",[0.5551043748855591],"[0, 0, 0, 0]"
238.326971531,,16013,,1583006543,179349899,"""Zero Band""",[0.565962553024292],"[0, 0, 0, 0]"
238.335461855,,16014,,1583006543,187288045,"""Zero Band""",[0.5768207311630249],"[0, 0, 0, 0]"
238.340442419,,16015,,1583006543,193548917,"""Zero Band""",[0.565962553024292],"[0, 0, 0, 0]"
238.345238209,,16016,,1583006543,198484897,"""Zero Band""",[0.5768207311630249],"[0, 0, 0, 0]"
238.351201296,,16017,,1583006543,203315973,"""Zero Band""",[0.565962553024292],"[0, 0, 0, 0]"
238.357176781,,16018,,1583006543,209315061,"""Zero Band""",[0.5551043748855591],"[0, 0, 0, 0]"
238.365323544,,16019,,1583006543,217338085,"""Zero Band""",[0.5442461967468262],"[0, 0, 0, 0]"
238.376629591,,16020,,1583006543,229316949,"""Zero Band""",[0.5551043748855591],"[0, 0, 0, 0]"
238.382967949,,16021,,1583006543,235253095,"""Zero Band""",[0.565962553024292],"[0, 0, 0, 0]"
238.389249086,,16022,,1583006543,241296052,"""Zero Band""",[0.5768207311630249],"[0, 0, 0, 0]"
238.393854856,,16023,,1583006543,247312068,"""Zero Band""",[0.587678849697113],"[0, 0, 0, 0]"
238.39960146,,16024,,1583006543,251888990,"""Zero Band""",[0.598504900932312],"[0, 0, 0, 0]"
238.406054497,,16025,,1583006543,257678985,"""Zero Band""",[0.6093630790710449],"[0, 0, 0, 0]"
238.411632538,,16026,,1583006543,264091014,"""Zero Band""",[0.6202212572097778],"[0, 0, 0, 0]"
238.418516159,,16027,,1583006543,269690990,"""Zero Band""",[0.6310794353485107],"[0, 0, 0, 0]"
238.45028758,,16028,,1583006543,301374912,"""Zero Band""",[0.6202212572097778],"[0, 0, 0, 0]"
238.455942392,,16029,,1583006543,308415889,"""Zero Band""",[0.6093630790710449],"[0, 0, 0, 0]"
238.461149931,,16030,,1583006543,314055919,"""Zero Band""",[0.598504900932312],"[0, 0, 0, 0]"
238.472800016,,16031,,1583006543,325333118,"""Zero Band""",[0.587678849697113],"[0, 0, 0, 0]"
238.479746342,,16032,,1583006543,330905914,"""Zero Band""",[0.5768207311630249],"[0, 0, 0, 0]"
238.486047029,,16033,,1583006543,337800025,"""Zero Band""",[0.565962553024292],"[0, 0, 0, 0]"
238.490735054,,16034,,1583006543,344048023,"""Zero Band""",[0.5551043748855591],"[0, 0, 0, 0]"
238.495742559,,16035,,1583006543,348799943,"""Zero Band""",[0.5442461967468262],"[0, 0, 0, 0]"
238.502436399,,16036,,1583006543,353817939,"""Zero Band""",[0.533388078212738],"[0, 0, 0, 0]"
238.508780718,,16037,,1583006543,360528945,"""Zero Band""",[0.5225620269775391],"[0, 0, 0, 0]"
238.516332865,,16038,,1583006543,366842985,"""Zero Band""",[0.5117038488388062],"[0, 0, 0, 0]"
238.523869753,,16039,,1583006543,374414920,"""Zero Band""",[0.5008456707000732],"[0, 0, 0, 0]"
238.524873734,,16040,,1583006543,381916999,"""Soft-Hard Sip Deadband""",[0.4899875223636627],"[0, 0, 0, 0]"
238.525697947,,16041,,1583006543,382941961,"""Soft-Hard Sip Deadband""",[0.4791293442249298],"[0, 0, 0, 0]"
238.528173685,,16042,,1583006543,385257005,"""Soft-Hard Sip Deadband""",[0.4683033227920532],"[0, 0, 0, 0]"
238.530261278,,16043,,1583006543,387301921,"""Soft-Hard Sip Deadband""",[0.4574451446533203],"[0, 0, 0, 0]"
238.534430027,,16044,,1583006543,391297101,"""Soft-Hard Sip Deadband""",[0.4465869963169098],"[0, 0, 0, 0]"
238.538237095,,16045,,1583006543,395251989,"""Soft-Hard Sip Deadband""",[0.4357288181781769],"[0, 0, 0, 0]"
238.539983034,,16046,,1583006543,397257089,"""Soft-Hard Sip Deadband""",[0.42487066984176636],"[0, 0, 0, 0]"
238.546738863,,16047,,1583006543,403400897,"""Soft-Hard Sip Deadband""",[0.4140446186065674],"[0, 0, 0, 0]"
238.550585508,,16048,,1583006543,407394886,"""Soft-Hard Sip Deadband""",[0.4031864404678345],"[0, 0, 0, 0]"
238.556384563,,16049,,1583006543,413336992,"""Soft-Hard Sip Deadband""",[0.39232829213142395],"[0, 0, 0, 0]"
238.558012247,,16050,,1583006543,415236949,"""Soft-Hard Sip Deadband""",[0.38147011399269104],"[0, 0, 0, 0]"
238.564716101,,16051,,1583006543,421376943,"""Soft-Hard Sip Deadband""",[0.3706119656562805],"[0, 0, 0, 0]"
238.566202402,,16052,,1583006543,423317909,"""Soft-Hard Sip Deadband""",[0.3597537875175476],"[0, 0, 0, 0]"
238.568034887,,16053,,1583006543,425232887,"""Soft-Hard Sip Deadband""",[0.348927766084671],"[0, 0, 0, 0]"
238.572205305,,16054,,1583006543,429269075,"""Soft-Hard Sip Deadband""",[0.3380695879459381],"[0, 0, 0, 0]"
238.576045752,,16055,,1583006543,433267116,"""Soft-Hard Sip Deadband""",[0.3163532614707947],"[0, 0, 0, 0]"
238.582471132,,16056,,1583006543,439340114,"""Soft-Hard Sip Deadband""",[0.30549511313438416],"[0, 0, 0, 0]"
238.589799881,,16057,,1583006543,441257953,"""Soft Sip""",[0.2946690618991852],"[0, 0, 1, 0]"
238.594945431,,16058,,1583006543,447789907,"""Soft Sip""",[0.28381088376045227],"[0, 0, 1, 0]"
238.599766493,,16059,,1583006543,452960014,"""Soft Sip""",[0.27295273542404175],"[0, 0, 1, 0]"
238.606051922,,16060,,1583006543,457870006,"""Soft Sip""",[0.26209455728530884],"[0, 0, 1, 0]"
238.611223459,,16061,,1583006543,463825941,"""Soft Sip""",[0.2512364089488983],"[0, 0, 1, 0]"
238.616009951,,16062,,1583006543,469330072,"""Soft Sip""",[0.2403782308101654],"[0, 0, 1, 0]"
238.623617172,,16063,,1583006543,473982095,"""Soft Sip""",[0.22955219447612762],"[0, 0, 1, 0]"
238.628804207,,16064,,1583006543,481710910,"""Soft Sip""",[0.2186940312385559],"[0, 0, 1, 0]"
238.634569645,,16065,,1583006543,486778020,"""Soft Sip""",[0.2078358680009842],"[0, 0, 1, 0]"
238.640718222,,16066,,1583006543,492542028,"""Soft Sip""",[0.18611954152584076],"[0, 0, 1, 0]"
238.645730972,,16067,,1583006543,498732089,"""Soft Sip""",[0.17529350519180298],"[0, 0, 1, 0]"
238.65170908,,16068,,1583006543,503725051,"""Soft Sip""",[0.16443534195423126],"[0, 0, 1, 0]"
238.657209396,,16069,,1583006543,509804964,"""Soft Sip""",[0.15357716381549835],"[0, 0, 1, 0]"
238.662416458,,16070,,1583006543,515187025,"""Soft Sip""",[0.14271900057792664],"[0, 0, 1, 0]"
238.667036057,,16071,,1583006543,520401954,"""Soft Sip""",[0.13186083734035492],"[0, 0, 1, 0]"
238.671643972,,16072,,1583006543,525015115,"""Soft Sip""",[0.11017663776874542],"[0, 0, 1, 0]"
238.677199841,,16073,,1583006543,529772043,"""Soft Sip""",[0.0993184745311737],"[0, 0, 1, 0]"
238.682641983,,16074,,1583006543,535209894,"""Soft Sip""",[0.08846031129360199],"[0, 0, 1, 0]"
238.687804461,,16075,,1583006543,540635108,"""Soft Sip""",[0.06674397736787796],"[0, 0, 1, 0]"
238.692881107,,16076,,1583006543,545800924,"""Soft Sip""",[0.05591794103384018],"[0, 0, 1, 0]"
238.698342085,,16077,,1583006543,550923109,"""Soft Sip""",[0.04505977779626846],"[0, 0, 1, 0]"
238.704142094,,16078,,1583006543,556320905,"""Soft Sip""",[0.03420161083340645],"[0, 0, 1, 0]"
238.710332394,,16079,,1583006543,562098979,"""Soft Sip""",[0.023343447595834732],"[0, 0, 1, 0]"
238.716822863,,16080,,1583006543,568331956,"""Soft Sip""",[0.012485282495617867],"[0, 0, 1, 0]"
238.717788458,,16081,,1583006543,574812889,"""Zero Band""",[0.0016592431347817183],"[0, 0, 0, 0]"
238.718803883,,16082,,1583006543,575927972,"""Zero Band""",[-0.0],"[0, 0, 0, 0]"
238.719717503,,16083,,1583006543,576776981,"""Zero Band""",[-0.0],"[0, 0, 0, 0]"
238.720571995,,16084,,1583006543,577687025,"""Zero Band""",[-0.0],"[0, 0, 0, 0]"
238.721701384,,16085,,1583006543,578540086,"""Zero Band""",[-0.0],"[0, 0, 0, 0]"
238.722810984,,16086,,1583006543,579684019,"""Zero Band""",[-0.0],"[0, 0, 0, 0]"
238.72715497,,16087,,1583006543,584244012,"""Zero Band""",[-0.0],"[0, 0, 0, 0]"
238.727229357,,16088,,1583006543,584244012,"""input stopped""",[-0.0],"[0, 0, 0, 0]"
239.439645529,,16089,,1583006544,296360015,"""Zero Band""",[-0.0],"[0, 0, 0, 0]"
239.448608398,,16090,,1583006544,305336952,"""Zero Band""",[-0.0],"[0, 0, 0, 0]"
239.452447653,,16091,,1583006544,309308052,"""Zero Band""",[-0.0],"[0, 0, 0, 0]"
239.456611872,,16092,,1583006544,313466072,"""Zero Band""",[-0.0],"[0, 0, 0, 0]"
239.458223104,,16093,,1583006544,315356016,"""Zero Band""",[-0.0],"[0, 0, 0, 0]"
239.462193727,,16094,,1583006544,319300889,"""Zero Band""",[0.0016592431347817183],"[0, 0, 0, 0]"
239.470855951,,16095,,1583006544,323297023,"""Soft Sip""",[0.012485282495617867],"[0, 0, 1, 0]"
239.475719929,,16096,,1583006544,328921079,"""Soft Sip""",[0.023343447595834732],"[0, 0, 1, 0]"
239.480408907,,16097,,1583006544,333770990,"""Soft Sip""",[0.03420161083340645],"[0, 0, 1, 0]"
239.487640619,,16098,,1583006544,338179111,"""Soft Sip""",[0.04505977779626846],"[0, 0, 1, 0]"
239.494861841,,16099,,1583006544,345717906,"""Soft Sip""",[0.05591794103384018],"[0, 0, 1, 0]"
239.501744509,,16100,,1583006544,352966070,"""Soft Sip""",[0.06674397736787796],"[0, 0, 1, 0]"
239.509433508,,16101,,1583006544,359777927,"""Soft Sip""",[0.07760214805603027],"[0, 0, 1, 0]"
239.516030073,,16102,,1583006544,367518901,"""Soft Sip""",[0.08846031129360199],"[0, 0, 1, 0]"
239.520787954,,16103,,1583006544,374016046,"""Soft Sip""",[0.0993184745311737],"[0, 0, 1, 0]"
239.526547909,,16104,,1583006544,378772020,"""Soft Sip""",[0.11017663776874542],"[0, 0, 1, 0]"
239.532942295,,16105,,1583006544,384599924,"""Soft Sip""",[0.12103480100631714],"[0, 0, 1, 0]"
239.539451361,,16106,,1583006544,391026973,"""Soft Sip""",[0.13186083734035492],"[0, 0, 1, 0]"
239.544268131,,16107,,1583006544,397514104,"""Soft Sip""",[0.14271900057792664],"[0, 0, 1, 0]"
239.548955917,,16108,,1583006544,402328968,"""Soft Sip""",[0.15357716381549835],"[0, 0, 1, 0]"
239.554870129,,16109,,1583006544,406930923,"""Soft Sip""",[0.16443534195423126],"[0, 0, 1, 0]"
239.561610222,,16110,,1583006544,412942886,"""Soft Sip""",[0.17529350519180298],"[0, 0, 1, 0]"
239.570064306,,16111,,1583006544,419719934,"""Soft Sip""",[0.18611954152584076],"[0, 0, 1, 0]"
239.575051785,,16112,,1583006544,428045988,"""Soft Sip""",[0.19697770476341248],"[0, 0, 1, 0]"
239.580615997,,16113,,1583006544,433156013,"""Soft Sip""",[0.2078358680009842],"[0, 0, 1, 0]"
239.586607456,,16114,,1583006544,438709020,"""Soft Sip""",[0.2186940312385559],"[0, 0, 1, 0]"
239.591482401,,16115,,1583006544,444619894,"""Soft Sip""",[0.22955219447612762],"[0, 0, 1, 0]"
239.598366737,,16116,,1583006544,449539899,"""Soft Sip""",[0.2186940312385559],"[0, 0, 1, 0]"
239.606694221,,16117,,1583006544,456664085,"""Soft Sip""",[0.2078358680009842],"[0, 0, 1, 0]"
239.612568855,,16118,,1583006544,464773893,"""Soft Sip""",[0.19697770476341248],"[0, 0, 1, 0]"
239.618802547,,16119,,1583006544,470587015,"""Soft Sip""",[0.17529350519180298],"[0, 0, 1, 0]"
239.624095917,,16120,,1583006544,476927995,"""Soft Sip""",[0.16443534195423126],"[0, 0, 1, 0]"
239.631486416,,16121,,1583006544,482089996,"""Soft Sip""",[0.15357716381549835],"[0, 0, 1, 0]"
239.637630701,,16122,,1583006544,489464998,"""Soft Sip""",[0.14271900057792664],"[0, 0, 1, 0]"
239.643189669,,16123,,1583006544,495654106,"""Soft Sip""",[0.12103480100631714],"[0, 0, 1, 0]"
239.649155855,,16124,,1583006544,501290082,"""Soft Sip""",[0.11017663776874542],"[0, 0, 1, 0]"
239.655304432,,16125,,1583006544,507332086,"""Soft Sip""",[0.0993184745311737],"[0, 0, 1, 0]"
239.661507607,,16126,,1583006544,513286113,"""Soft Sip""",[0.07760214805603027],"[0, 0, 1, 0]"
239.667129755,,16127,,1583006544,519481897,"""Soft Sip""",[0.06674397736787796],"[0, 0, 1, 0]"
239.67229414,,16128,,1583006544,525101900,"""Soft Sip""",[0.05591794103384018],"[0, 0, 1, 0]"
239.67864275,,16129,,1583006544,530272006,"""Soft Sip""",[0.03420161083340645],"[0, 0, 1, 0]"
239.686146259,,16130,,1583006544,536640882,"""Soft Sip""",[0.012485282495617867],"[0, 0, 1, 0]"
239.687118053,,16131,,1583006544,544099092,"""Zero Band""",[0.0016592431347817183],"[0, 0, 0, 0]"
239.687966347,,16132,,1583006544,545109987,"""Zero Band""",[-0.0],"[0, 0, 0, 0]"
239.688834906,,16133,,1583006544,546053886,"""Zero Band""",[-0.0],"[0, 0, 0, 0]"
239.689835787,,16134,,1583006544,546809911,"""Zero Band""",[-0.0],"[0, 0, 0, 0]"
239.690752745,,16135,,1583006544,547821998,"""Zero Band""",[-0.0],"[0, 0, 0, 0]"
239.691591263,,16136,,1583006544,548815011,"""Zero Band""",[-0.0],"[0, 0, 0, 0]"
239.691683292,,16137,,1583006544,548815011,"""input stopped""",[-0.0],"[0, 0, 0, 0]"
239.763149261,,16138,,1583006544,620250940,"""Zero Band""",[-0.0],"[0, 0, 0, 0]"
239.766050577,,16139,,1583006544,623258113,"""Zero Band""",[-0.0],"[0, 0, 0, 0]"
239.768069983,,16140,,1583006544,625237941,"""Zero Band""",[-0.0],"[0, 0, 0, 0]"
239.772458315,,16141,,1583006544,629272937,"""Zero Band""",[-0.0],"[0, 0, 0, 0]"
239.774225473,,16142,,1583006544,631283998,"""Zero Band""",[-0.0],"[0, 0, 0, 0]"
239.780175209,,16143,,1583006544,633255004,"""Soft Sip""",[0.012485282495617867],"[0, 0, 1, 0]"
239.785220385,,16144,,1583006544,638240098,"""Soft Sip""",[0.023343447595834732],"[0, 0, 1, 0]"
239.792440891,,16145,,1583006544,643313884,"""Soft Sip""",[0.03420161083340645],"[0, 0, 1, 0]"
239.797245502,,16146,,1583006544,650556087,"""Soft Sip""",[0.04505977779626846],"[0, 0, 1, 0]"
239.802698851,,16147,,1583006544,655278921,"""Soft Sip""",[0.05591794103384018],"[0, 0, 1, 0]"
239.808803558,,16148,,1583006544,660773992,"""Soft Sip""",[0.06674397736787796],"[0, 0, 1, 0]"
239.814699411,,16149,,1583006544,666843891,"""Soft Sip""",[0.08846031129360199],"[0, 0, 1, 0]"
239.821354866,,16150,,1583006544,672847986,"""Soft Sip""",[0.0993184745311737],"[0, 0, 1, 0]"
239.826856852,,16151,,1583006544,679348945,"""Soft Sip""",[0.11017663776874542],"[0, 0, 1, 0]"
239.831358194,,16152,,1583006544,684757947,"""Soft Sip""",[0.12103480100631714],"[0, 0, 1, 0]"
239.835991859,,16153,,1583006544,689337015,"""Soft Sip""",[0.13186083734035492],"[0, 0, 1, 0]"
239.841849327,,16154,,1583006544,694077968,"""Soft Sip""",[0.14271900057792664],"[0, 0, 1, 0]"
239.848265648,,16155,,1583006544,699832916,"""Soft Sip""",[0.15357716381549835],"[0, 0, 1, 0]"
239.85349369,,16156,,1583006544,706250905,"""Soft Sip""",[0.16443534195423126],"[0, 0, 1, 0]"
239.860432625,,16157,,1583006544,711630105,"""Soft Sip""",[0.17529350519180298],"[0, 0, 1, 0]"
239.865766525,,16158,,1583006544,718410968,"""Soft Sip""",[0.18611954152584076],"[0, 0, 1, 0]"
239.86996603,,16159,,1583006544,723524093,"""Soft Sip""",[0.19697770476341248],"[0, 0, 1, 0]"
239.878116369,,16160,,1583006544,727932929,"""Soft Sip""",[0.2078358680009842],"[0, 0, 1, 0]"
239.883671045,,16161,,1583006544,735981941,"""Soft Sip""",[0.2186940312385559],"[0, 0, 1, 0]"
239.888510704,,16162,,1583006544,741687059,"""Soft Sip""",[0.22955219447612762],"[0, 0, 1, 0]"
239.894844055,,16163,,1583006544,746619939,"""Soft Sip""",[0.2403782308101654],"[0, 0, 1, 0]"
239.900855541,,16164,,1583006544,752885103,"""Soft Sip""",[0.2512364089488983],"[0, 0, 1, 0]"
239.907805681,,16165,,1583006544,758933067,"""Soft Sip""",[0.2403782308101654],"[0, 0, 1, 0]"
239.914182901,,16166,,1583006544,765839099,"""Soft Sip""",[0.22955219447612762],"[0, 0, 1, 0]"
239.920562744,,16167,,1583006544,772161006,"""Soft Sip""",[0.2186940312385559],"[0, 0, 1, 0]"
239.926729918,,16168,,1583006544,778537034,"""Soft Sip""",[0.22955219447612762],"[0, 0, 1, 0]"
239.931909084,,16169,,1583006544,784769058,"""Soft Sip""",[0.2403782308101654],"[0, 0, 1, 0]"
239.947052717,,16170,,1583006544,799437999,"""Soft Sip""",[0.22955219447612762],"[0, 0, 1, 0]"
239.952064753,,16171,,1583006544,805119991,"""Soft Sip""",[0.2403782308101654],"[0, 0, 1, 0]"
239.957498312,,16172,,1583006544,810086011,"""Soft Sip""",[0.22955219447612762],"[0, 0, 1, 0]"
239.96861577,,16173,,1583006544,821270942,"""Soft Sip""",[0.2186940312385559],"[0, 0, 1, 0]"
239.977952719,,16174,,1583006544,829407930,"""Soft Sip""",[0.2078358680009842],"[0, 0, 1, 0]"
239.984208345,,16175,,1583006544,836024045,"""Soft Sip""",[0.19697770476341248],"[0, 0, 1, 0]"
239.989492178,,16176,,1583006544,842257976,"""Soft Sip""",[0.18611954152584076],"[0, 0, 1, 0]"
239.997135639,,16177,,1583006544,847666025,"""Soft Sip""",[0.17529350519180298],"[0, 0, 1, 0]"
240.003765821,,16178,,1583006544,855211973,"""Soft Sip""",[0.16443534195423126],"[0, 0, 1, 0]"
240.010032415,,16179,,1583006544,861850023,"""Soft Sip""",[0.15357716381549835],"[0, 0, 1, 0]"
240.016873121,,16180,,1583006544,868189096,"""Soft Sip""",[0.14271900057792664],"[0, 0, 1, 0]"
240.023360014,,16181,,1583006544,874918937,"""Soft Sip""",[0.13186083734035492],"[0, 0, 1, 0]"
240.028633118,,16182,,1583006544,881361961,"""Soft Sip""",[0.12103480100631714],"[0, 0, 1, 0]"
240.035024405,,16183,,1583006544,886615037,"""Soft Sip""",[0.11017663776874542],"[0, 0, 1, 0]"
240.042635679,,16184,,1583006544,893131017,"""Soft Sip""",[0.08846031129360199],"[0, 0, 1, 0]"
240.047477484,,16185,,1583006544,900528907,"""Soft Sip""",[0.07760214805603027],"[0, 0, 1, 0]"
240.05298233,,16186,,1583006544,905431032,"""Soft Sip""",[0.06674397736787796],"[0, 0, 1, 0]"
240.059708595,,16187,,1583006544,910962104,"""Soft Sip""",[0.05591794103384018],"[0, 0, 1, 0]"
240.065615892,,16188,,1583006544,917709112,"""Soft Sip""",[0.03420161083340645],"[0, 0, 1, 0]"
240.071536779,,16189,,1583006544,923743009,"""Soft Sip""",[0.023343447595834732],"[0, 0, 1, 0]"
240.078237534,,16190,,1583006544,929517984,"""Soft Sip""",[0.012485282495617867],"[0, 0, 1, 0]"
240.079038858,,16191,,1583006544,936223030,"""Zero Band""",[0.0016592431347817183],"[0, 0, 0, 0]"
240.079835415,,16192,,1583006544,937016963,"""Zero Band""",[-0.0],"[0, 0, 0, 0]"
240.080566168,,16193,,1583006544,937803983,"""Zero Band""",[-0.0],"[0, 0, 0, 0]"
240.081240416,,16194,,1583006544,938540935,"""Zero Band""",[-0.0],"[0, 0, 0, 0]"
240.081978083,,16195,,1583006544,939311981,"""Zero Band""",[-0.0],"[0, 0, 0, 0]"
240.082649708,,16196,,1583006544,939956903,"""Zero Band""",[-0.0],"[0, 0, 0, 0]"
240.083383083,,16197,,1583006544,940625905,"""Zero Band""",[-0.0],"[0, 0, 0, 0]"
240.084095955,,16198,,1583006544,941354036,"""Zero Band""",[-0.0],"[0, 0, 0, 0]"
240.084835052,,16199,,1583006544,942121028,"""Zero Band""",[0.0016592431347817183],"[0, 0, 0, 0]"
240.090903282,,16200,,1583006544,942812919,"""Soft Sip""",[0.012485282495617867],"[0, 0, 1, 0]"
240.096766233,,16201,,1583006544,948883056,"""Soft Sip""",[0.023343447595834732],"[0, 0, 1, 0]"
240.104352951,,16202,,1583006544,954895019,"""Soft Sip""",[0.03420161083340645],"[0, 0, 1, 0]"
240.111512184,,16203,,1583006544,962440013,"""Soft Sip""",[0.04505977779626846],"[0, 0, 1, 0]"
240.116657495,,16204,,1583006544,969501972,"""Soft Sip""",[0.05591794103384018],"[0, 0, 1, 0]"
240.122163296,,16205,,1583006544,974632024,"""Soft Sip""",[0.06674397736787796],"[0, 0, 1, 0]"
240.128864527,,16206,,1583006544,980235099,"""Soft Sip""",[0.07760214805603027],"[0, 0, 1, 0]"
240.133808374,,16207,,1583006544,986830949,"""Soft Sip""",[0.08846031129360199],"[0, 0, 1, 0]"
240.140087366,,16208,,1583006544,991887092,"""Soft Sip""",[0.0993184745311737],"[0, 0, 1, 0]"
240.145500898,,16209,,1583006544,998059988,"""Soft Sip""",[0.11017663776874542],"[0, 0, 1, 0]"
240.150032759,,16210,,1583006545,3371000,"""Soft Sip""",[0.12103480100631714],"[0, 0, 1, 0]"
240.156562328,,16211,,1583006545,8070945,"""Soft Sip""",[0.13186083734035492],"[0, 0, 1, 0]"
240.163796425,,16212,,1583006545,14662981,"""Soft Sip""",[0.14271900057792664],"[0, 0, 1, 0]"
240.169690609,,16213,,1583006545,21832942,"""Soft Sip""",[0.15357716381549835],"[0, 0, 1, 0]"
240.176310778,,16214,,1583006545,27667999,"""Soft Sip""",[0.16443534195423126],"[0, 0, 1, 0]"
240.181946278,,16215,,1583006545,34288883,"""Soft Sip""",[0.17529350519180298],"[0, 0, 1, 0]"
240.187273741,,16216,,1583006545,40029048,"""Soft Sip""",[0.18611954152584076],"[0, 0, 1, 0]"
240.194589853,,16217,,1583006545,45301914,"""Soft Sip""",[0.19697770476341248],"[0, 0, 1, 0]"
240.200244188,,16218,,1583006545,52794933,"""Soft Sip""",[0.2078358680009842],"[0, 0, 1, 0]"
240.204812288,,16219,,1583006545,58217048,"""Soft Sip""",[0.2186940312385559],"[0, 0, 1, 0]"
240.21075058,,16220,,1583006545,62789916,"""Soft Sip""",[0.22955219447612762],"[0, 0, 1, 0]"
240.216263533,,16221,,1583006545,68444013,"""Soft Sip""",[0.2403782308101654],"[0, 0, 1, 0]"
240.221066952,,16222,,1583006545,74095964,"""Soft Sip""",[0.2512364089488983],"[0, 0, 1, 0]"
240.227214098,,16223,,1583006545,79102993,"""Soft Sip""",[0.26209455728530884],"[0, 0, 1, 0]"
240.233218908,,16224,,1583006545,85350990,"""Soft Sip""",[0.27295273542404175],"[0, 0, 1, 0]"
240.239895105,,16225,,1583006545,91331958,"""Soft Sip""",[0.28381088376045227],"[0, 0, 1, 0]"
240.245637417,,16226,,1583006545,97870111,"""Soft Sip""",[0.2946690618991852],"[0, 0, 1, 0]"
240.246538162,,16227,,1583006545,103602886,"""Soft-Hard Sip Deadband""",[0.30549511313438416],"[0, 0, 0, 0]"
240.247721434,,16228,,1583006545,104507923,"""Soft-Hard Sip Deadband""",[0.3163532614707947],"[0, 0, 0, 0]"
240.248596191,,16229,,1583006545,105694055,"""Soft-Hard Sip Deadband""",[0.3272114396095276],"[0, 0, 0, 0]"
240.249446154,,16230,,1583006545,106625080,"""Soft-Hard Sip Deadband""",[0.3380695879459381],"[0, 0, 0, 0]"
240.250321865,,16231,,1583006545,107536077,"""Soft-Hard Sip Deadband""",[0.348927766084671],"[0, 0, 0, 0]"
240.251204491,,16232,,1583006545,108377933,"""Soft-Hard Sip Deadband""",[0.3597537875175476],"[0, 0, 0, 0]"
240.258753777,,16233,,1583006545,115472078,"""Soft-Hard Sip Deadband""",[0.3706119656562805],"[0, 0, 0, 0]"
240.270555019,,16234,,1583006545,127341985,"""Soft-Hard Sip Deadband""",[0.38147011399269104],"[0, 0, 0, 0]"
240.276874065,,16235,,1583006545,133421897,"""Soft-Hard Sip Deadband""",[0.39232829213142395],"[0, 0, 0, 0]"
240.284389734,,16236,,1583006545,141381025,"""Soft-Hard Sip Deadband""",[0.4031864404678345],"[0, 0, 0, 0]"
240.292831421,,16237,,1583006545,149427890,"""Soft-Hard Sip Deadband""",[0.4140446186065674],"[0, 0, 0, 0]"
240.296249866,,16238,,1583006545,153294086,"""Soft-Hard Sip Deadband""",[0.42487066984176636],"[0, 0, 0, 0]"
240.304312229,,16239,,1583006545,161319971,"""Soft-Hard Sip Deadband""",[0.4357288181781769],"[0, 0, 0, 0]"
240.310529709,,16240,,1583006545,167341947,"""Soft-Hard Sip Deadband""",[0.4465869963169098],"[0, 0, 0, 0]"
240.320439339,,16241,,1583006545,177345991,"""Soft-Hard Sip Deadband""",[0.4574451446533203],"[0, 0, 0, 0]"
240.33038497,,16242,,1583006545,187382936,"""Soft-Hard Sip Deadband""",[0.4683033227920532],"[0, 0, 0, 0]"
240.346703768,,16243,,1583006545,203391075,"""Soft-Hard Sip Deadband""",[0.4791293442249298],"[0, 0, 0, 0]"
240.376817703,,16244,,1583006545,233506917,"""Soft-Hard Sip Deadband""",[0.4683033227920532],"[0, 0, 0, 0]"
240.38215661,,16245,,1583006545,239269971,"""Soft-Hard Sip Deadband""",[0.4574451446533203],"[0, 0, 0, 0]"
240.388356447,,16246,,1583006545,245338916,"""Soft-Hard Sip Deadband""",[0.4465869963169098],"[0, 0, 0, 0]"
240.394497871,,16247,,1583006545,251380920,"""Soft-Hard Sip Deadband""",[0.4357288181781769],"[0, 0, 0, 0]"
240.398066521,,16248,,1583006545,255297899,"""Soft-Hard Sip Deadband""",[0.42487066984176636],"[0, 0, 0, 0]"
240.401968479,,16249,,1583006545,259226083,"""Soft-Hard Sip Deadband""",[0.4140446186065674],"[0, 0, 0, 0]"
240.406124592,,16250,,1583006545,263238906,"""Soft-Hard Sip Deadband""",[0.4031864404678345],"[0, 0, 0, 0]"
240.412195206,,16251,,1583006545,269356966,"""Soft-Hard Sip Deadband""",[0.39232829213142395],"[0, 0, 0, 0]"
240.416057587,,16252,,1583006545,273242950,"""Soft-Hard Sip Deadband""",[0.38147011399269104],"[0, 0, 0, 0]"
240.422267675,,16253,,1583006545,279304027,"""Soft-Hard Sip Deadband""",[0.3706119656562805],"[0, 0, 0, 0]"
240.424347878,,16254,,1583006545,281270027,"""Soft-Hard Sip Deadband""",[0.3597537875175476],"[0, 0, 0, 0]"
240.432666779,,16255,,1583006545,289383888,"""Soft-Hard Sip Deadband""",[0.348927766084671],"[0, 0, 0, 0]"
240.440670252,,16256,,1583006545,297327041,"""Soft-Hard Sip Deadband""",[0.3380695879459381],"[0, 0, 0, 0]"
240.442762852,,16257,,1583006545,299310922,"""Soft-Hard Sip Deadband""",[0.348927766084671],"[0, 0, 0, 0]"
240.446511745,,16258,,1583006545,303287029,"""Soft-Hard Sip Deadband""",[0.3380695879459381],"[0, 0, 0, 0]"
240.450285196,,16259,,1583006545,307276964,"""Soft-Hard Sip Deadband""",[0.348927766084671],"[0, 0, 0, 0]"
240.466493368,,16260,,1583006545,323354959,"""Soft-Hard Sip Deadband""",[0.3597537875175476],"[0, 0, 0, 0]"
240.480666637,,16261,,1583006545,337363004,"""Soft-Hard Sip Deadband""",[0.3706119656562805],"[0, 0, 0, 0]"
240.484519005,,16262,,1583006545,341342926,"""Soft-Hard Sip Deadband""",[0.38147011399269104],"[0, 0, 0, 0]"
240.490246296,,16263,,1583006545,347332954,"""Soft-Hard Sip Deadband""",[0.39232829213142395],"[0, 0, 0, 0]"
240.494347095,,16264,,1583006545,351332902,"""Soft-Hard Sip Deadband""",[0.4031864404678345],"[0, 0, 0, 0]"
240.502110481,,16265,,1583006545,359242916,"""Soft-Hard Sip Deadband""",[0.4140446186065674],"[0, 0, 0, 0]"
240.518346071,,16266,,1583006545,375325918,"""Soft-Hard Sip Deadband""",[0.4031864404678345],"[0, 0, 0, 0]"
240.528638124,,16267,,1583006545,385392904,"""Soft-Hard Sip Deadband""",[0.39232829213142395],"[0, 0, 0, 0]"
240.534695148,,16268,,1583006545,391345024,"""Soft-Hard Sip Deadband""",[0.38147011399269104],"[0, 0, 0, 0]"
240.536248446,,16269,,1583006545,393249034,"""Soft-Hard Sip Deadband""",[0.3706119656562805],"[0, 0, 0, 0]"
240.542353392,,16270,,1583006545,399362087,"""Soft-Hard Sip Deadband""",[0.3597537875175476],"[0, 0, 0, 0]"
240.543958426,,16271,,1583006545,401232004,"""Soft-Hard Sip Deadband""",[0.348927766084671],"[0, 0, 0, 0]"
240.545907736,,16272,,1583006545,403227090,"""Soft-Hard Sip Deadband""",[0.3380695879459381],"[0, 0, 0, 0]"
240.550029516,,16273,,1583006545,407275915,"""Soft-Hard Sip Deadband""",[0.3272114396095276],"[0, 0, 0, 0]"
240.551907778,,16274,,1583006545,409230947,"""Soft-Hard Sip Deadband""",[0.3163532614707947],"[0, 0, 0, 0]"
240.553952932,,16275,,1583006545,411248922,"""Soft-Hard Sip Deadband""",[0.30549511313438416],"[0, 0, 0, 0]"
240.563028336,,16276,,1583006545,415442943,"""Soft Sip""",[0.28381088376045227],"[0, 0, 1, 0]"
240.568984509,,16277,,1583006545,421103954,"""Soft Sip""",[0.27295273542404175],"[0, 0, 1, 0]"
240.575944185,,16278,,1583006545,427053928,"""Soft Sip""",[0.26209455728530884],"[0, 0, 1, 0]"
240.580895424,,16279,,1583006545,434075117,"""Soft Sip""",[0.2403782308101654],"[0, 0, 1, 0]"
240.588221788,,16280,,1583006545,438587903,"""Soft Sip""",[0.22955219447612762],"[0, 0, 1, 0]"
240.594871044,,16281,,1583006545,446300029,"""Soft Sip""",[0.2078358680009842],"[0, 0, 1, 0]"
240.600105286,,16282,,1583006545,452897071,"""Soft Sip""",[0.19697770476341248],"[0, 0, 1, 0]"
240.607048035,,16283,,1583006545,458086013,"""Soft Sip""",[0.17529350519180298],"[0, 0, 1, 0]"
240.613281012,,16284,,1583006545,465183019,"""Soft Sip""",[0.14271900057792664],"[0, 0, 1, 0]"
240.617754698,,16285,,1583006545,471261978,"""Soft Sip""",[0.12103480100631714],"[0, 0, 1, 0]"
240.624328613,,16286,,1583006545,475759029,"""Soft Sip""",[0.0993184745311737],"[0, 0, 1, 0]"
240.630633831,,16287,,1583006545,482295036,"""Soft Sip""",[0.08846031129360199],"[0, 0, 1, 0]"
240.637598276,,16288,,1583006545,488763093,"""Soft Sip""",[0.06674397736787796],"[0, 0, 1, 0]"
240.643582106,,16289,,1583006545,495577096,"""Soft Sip""",[0.05591794103384018],"[0, 0, 1, 0]"
240.648933411,,16290,,1583006545,501599073,"""Soft Sip""",[0.04505977779626846],"[0, 0, 1, 0]"
240.654163837,,16291,,1583006545,506900072,"""Soft Sip""",[0.023343447595834732],"[0, 0, 1, 0]"
240.660369158,,16292,,1583006545,512142896,"""Soft Sip""",[0.012485282495617867],"[0, 0, 1, 0]"
240.661193848,,16293,,1583006545,518325090,"""Zero Band""",[0.0016592431347817183],"[0, 0, 0, 0]"
240.661990404,,16294,,1583006545,519176959,"""Zero Band""",[-0.0],"[0, 0, 0, 0]"
240.662759066,,16295,,1583006545,520090103,"""Zero Band""",[-0.0],"[0, 0, 0, 0]"
240.663486481,,16296,,1583006545,520750999,"""Zero Band""",[-0.0],"[0, 0, 0, 0]"
240.664200544,,16297,,1583006545,521461963,"""Zero Band""",[-0.0],"[0, 0, 0, 0]"
240.664859772,,16298,,1583006545,522175073,"""Zero Band""",[-0.0],"[0, 0, 0, 0]"
240.665539026,,16299,,1583006545,522901058,"""Zero Band""",[-0.0],"[0, 0, 0, 0]"
240.665608883,,16300,,1583006545,522901058,"""input stopped""",[-0.0],"[0, 0, 0, 0]"
240.999268293,,16301,,1583006545,856261014,"""Zero Band""",[-0.0],"[0, 0, 0, 0]"
241.004406691,,16302,,1583006545,861335039,"""Zero Band""",[-0.0],"[0, 0, 0, 0]"
241.010605097,,16303,,1583006545,867330074,"""Zero Band""",[-0.0],"[0, 0, 0, 0]"
241.012098789,,16304,,1583006545,869266033,"""Zero Band""",[-0.0],"[0, 0, 0, 0]"
241.018073082,,16305,,1583006545,875283002,"""Zero Band""",[-0.0],"[0, 0, 0, 0]"
241.026428461,,16306,,1583006545,883320093,"""Zero Band""",[0.0016592431347817183],"[0, 0, 0, 0]"
241.034793854,,16307,,1583006545,887264966,"""Soft Sip""",[0.012485282495617867],"[0, 0, 1, 0]"
241.040270329,,16308,,1583006545,892882108,"""Soft Sip""",[0.023343447595834732],"[0, 0, 1, 0]"
241.045177937,,16309,,1583006545,898339033,"""Soft Sip""",[0.03420161083340645],"[0, 0, 1, 0]"
241.050840378,,16310,,1583006545,903189897,"""Soft Sip""",[0.04505977779626846],"[0, 0, 1, 0]"
241.056610584,,16311,,1583006545,908909082,"""Soft Sip""",[0.05591794103384018],"[0, 0, 1, 0]"
241.062939167,,16312,,1583006545,914586067,"""Soft Sip""",[0.06674397736787796],"[0, 0, 1, 0]"
241.069403172,,16313,,1583006545,921082019,"""Soft Sip""",[0.07760214805603027],"[0, 0, 1, 0]"
241.074445248,,16314,,1583006545,927391052,"""Soft Sip""",[0.08846031129360199],"[0, 0, 1, 0]"
241.07967782,,16315,,1583006545,932427883,"""Soft Sip""",[0.0993184745311737],"[0, 0, 1, 0]"
241.084085703,,16316,,1583006545,937661886,"""Soft Sip""",[0.11017663776874542],"[0, 0, 1, 0]"
241.089473486,,16317,,1583006545,942174911,"""Soft Sip""",[0.12103480100631714],"[0, 0, 1, 0]"
241.096705675,,16318,,1583006545,947562932,"""Soft Sip""",[0.13186083734035492],"[0, 0, 1, 0]"
241.103633881,,16319,,1583006545,954879045,"""Soft Sip""",[0.14271900057792664],"[0, 0, 1, 0]"
241.110069275,,16320,,1583006545,961730003,"""Soft Sip""",[0.15357716381549835],"[0, 0, 1, 0]"
241.116042376,,16321,,1583006545,967865943,"""Soft Sip""",[0.16443534195423126],"[0, 0, 1, 0]"
241.120867729,,16322,,1583006545,974145889,"""Soft Sip""",[0.17529350519180298],"[0, 0, 1, 0]"
241.127952337,,16323,,1583006545,978847026,"""Soft Sip""",[0.18611954152584076],"[0, 0, 1, 0]"
241.13411665,,16324,,1583006545,985960006,"""Soft Sip""",[0.19697770476341248],"[0, 0, 1, 0]"
241.140294075,,16325,,1583006545,992264986,"""Soft Sip""",[0.2078358680009842],"[0, 0, 1, 0]"
241.146114349,,16326,,1583006545,998270988,"""Soft Sip""",[0.2186940312385559],"[0, 0, 1, 0]"
241.151179075,,16327,,1583006546,4084110,"""Soft Sip""",[0.22955219447612762],"[0, 0, 1, 0]"
241.155694962,,16328,,1583006546,9154081,"""Soft Sip""",[0.2403782308101654],"[0, 0, 1, 0]"
241.163084745,,16329,,1583006546,13685941,"""Soft Sip""",[0.2512364089488983],"[0, 0, 1, 0]"
241.169654608,,16330,,1583006546,21306991,"""Soft Sip""",[0.26209455728530884],"[0, 0, 1, 0]"
241.175022125,,16331,,1583006546,27622938,"""Soft Sip""",[0.27295273542404175],"[0, 0, 1, 0]"
241.18214798,,16332,,1583006546,32998085,"""Soft Sip""",[0.2946690618991852],"[0, 0, 1, 0]"
241.183146477,,16333,,1583006546,40158033,"""Soft-Hard Sip Deadband""",[0.30549511313438416],"[0, 0, 0, 0]"
241.184066534,,16334,,1583006546,41141986,"""Soft-Hard Sip Deadband""",[0.3163532614707947],"[0, 0, 0, 0]"
241.184980154,,16335,,1583006546,42061090,"""Soft-Hard Sip Deadband""",[0.3272114396095276],"[0, 0, 0, 0]"
241.185813904,,16336,,1583006546,42963981,"""Soft-Hard Sip Deadband""",[0.3380695879459381],"[0, 0, 0, 0]"
241.186796665,,16337,,1583006546,43962001,"""Soft-Hard Sip Deadband""",[0.348927766084671],"[0, 0, 0, 0]"
241.187666655,,16338,,1583006546,44787883,"""Soft-Hard Sip Deadband""",[0.3597537875175476],"[0, 0, 0, 0]"
241.188645363,,16339,,1583006546,45666933,"""Soft-Hard Sip Deadband""",[0.3706119656562805],"[0, 0, 0, 0]"
241.18956995,,16340,,1583006546,46679019,"""Soft-Hard Sip Deadband""",[0.38147011399269104],"[0, 0, 0, 0]"
241.190451145,,16341,,1583006546,47550916,"""Soft-Hard Sip Deadband""",[0.39232829213142395],"[0, 0, 0, 0]"
241.191376925,,16342,,1583006546,48422098,"""Soft-Hard Sip Deadband""",[0.4031864404678345],"[0, 0, 0, 0]"
241.192306757,,16343,,1583006546,49463987,"""Soft-Hard Sip Deadband""",[0.4140446186065674],"[0, 0, 0, 0]"
241.193287611,,16344,,1583006546,50282001,"""Soft-Hard Sip Deadband""",[0.42487066984176636],"[0, 0, 0, 0]"
241.194371939,,16345,,1583006546,51345109,"""Soft-Hard Sip Deadband""",[0.4357288181781769],"[0, 0, 0, 0]"
241.195592165,,16346,,1583006546,52449941,"""Soft-Hard Sip Deadband""",[0.4465869963169098],"[0, 0, 0, 0]"
241.196549177,,16347,,1583006546,53646087,"""Soft-Hard Sip Deadband""",[0.4574451446533203],"[0, 0, 0, 0]"
241.197612762,,16348,,1583006546,54569959,"""Soft-Hard Sip Deadband""",[0.4683033227920532],"[0, 0, 0, 0]"
241.202284813,,16349,,1583006546,59284925,"""Soft-Hard Sip Deadband""",[0.4791293442249298],"[0, 0, 0, 0]"
241.204236031,,16350,,1583006546,61259984,"""Soft-Hard Sip Deadband""",[0.4899875223636627],"[0, 0, 0, 0]"
241.213628769,,16351,,1583006546,65347909,"""Zero Band""",[0.5008456707000732],"[0, 0, 0, 0]"
241.218919039,,16352,,1583006546,71697950,"""Zero Band""",[0.5117038488388062],"[0, 0, 0, 0]"
241.224431038,,16353,,1583006546,76987028,"""Zero Band""",[0.5225620269775391],"[0, 0, 0, 0]"
241.23196578,,16354,,1583006546,82493066,"""Zero Band""",[0.533388078212738],"[0, 0, 0, 0]"
241.237713814,,16355,,1583006546,90095996,"""Zero Band""",[0.5442461967468262],"[0, 0, 0, 0]"
241.243270397,,16356,,1583006546,95736980,"""Zero Band""",[0.5551043748855591],"[0, 0, 0, 0]"
241.248764992,,16357,,1583006546,101404905,"""Zero Band""",[0.565962553024292],"[0, 0, 0, 0]"
241.254141331,,16358,,1583006546,106807947,"""Zero Band""",[0.5768207311630249],"[0, 0, 0, 0]"
241.259858131,,16359,,1583006546,112205028,"""Zero Band""",[0.587678849697113],"[0, 0, 0, 0]"
241.265369654,,16360,,1583006546,117914915,"""Zero Band""",[0.598504900932312],"[0, 0, 0, 0]"
241.270967722,,16361,,1583006546,123413085,"""Zero Band""",[0.6093630790710449],"[0, 0, 0, 0]"
241.276256084,,16362,,1583006546,129060983,"""Zero Band""",[0.6202212572097778],"[0, 0, 0, 0]"
241.282464266,,16363,,1583006546,134325981,"""Zero Band""",[0.6310794353485107],"[0, 0, 0, 0]"
241.291443825,,16364,,1583006546,143419981,"""Zero Band""",[0.6419375538825989],"[0, 0, 0, 0]"
241.297167301,,16365,,1583006546,149473905,"""Zero Band""",[0.6310794353485107],"[0, 0, 0, 0]"
241.304125547,,16366,,1583006546,155232906,"""Zero Band""",[0.6419375538825989],"[0, 0, 0, 0]"
241.310250521,,16367,,1583006546,162215948,"""Zero Band""",[0.6310794353485107],"[0, 0, 0, 0]"
241.326061964,,16368,,1583006546,177413940,"""Zero Band""",[0.6202212572097778],"[0, 0, 0, 0]"
241.395539999,,16369,,1583006546,247436046,"""Zero Band""",[0.6093630790710449],"[0, 0, 0, 0]"
241.403251648,,16370,,1583006546,255290031,"""Zero Band""",[0.598504900932312],"[0, 0, 0, 0]"
241.40926528,,16371,,1583006546,261321067,"""Zero Band""",[0.587678849697113],"[0, 0, 0, 0]"
241.415081263,,16372,,1583006546,267326116,"""Zero Band""",[0.5768207311630249],"[0, 0, 0, 0]"
241.420952559,,16373,,1583006546,273322105,"""Zero Band""",[0.565962553024292],"[0, 0, 0, 0]"
241.427785873,,16374,,1583006546,279032945,"""Zero Band""",[0.5551043748855591],"[0, 0, 0, 0]"
241.492903471,,16375,,1583006546,313477039,"""Zero Band""",[0.5442461967468262],"[0, 0, 0, 0]"
241.498152256,,16376,,1583006546,350969076,"""Zero Band""",[0.533388078212738],"[0, 0, 0, 0]"
241.502790689,,16377,,1583006546,356259107,"""Zero Band""",[0.5225620269775391],"[0, 0, 0, 0]"
241.50950551,,16378,,1583006546,360821962,"""Zero Band""",[0.5117038488388062],"[0, 0, 0, 0]"
241.515855551,,16379,,1583006546,367470979,"""Zero Band""",[0.5008456707000732],"[0, 0, 0, 0]"
241.516531706,,16380,,1583006546,373610019,"""Soft-Hard Sip Deadband""",[0.4791293442249298],"[0, 0, 0, 0]"
241.517356157,,16381,,1583006546,374501943,"""Soft-Hard Sip Deadband""",[0.4683033227920532],"[0, 0, 0, 0]"
241.518089294,,16382,,1583006546,375253915,"""Soft-Hard Sip Deadband""",[0.4574451446533203],"[0, 0, 0, 0]"
241.518874884,,16383,,1583006546,376054048,"""Soft-Hard Sip Deadband""",[0.4357288181781769],"[0, 0, 0, 0]"
241.51965785,,16384,,1583006546,376842975,"""Soft-Hard Sip Deadband""",[0.42487066984176636],"[0, 0, 0, 0]"
241.520495653,,16385,,1583006546,377731084,"""Soft-Hard Sip Deadband""",[0.4031864404678345],"[0, 0, 0, 0]"
241.521417618,,16386,,1583006546,378463983,"""Soft-Hard Sip Deadband""",[0.38147011399269104],"[0, 0, 0, 0]"
241.522221804,,16387,,1583006546,379345893,"""Soft-Hard Sip Deadband""",[0.3597537875175476],"[0, 0, 0, 0]"
241.523132563,,16388,,1583006546,380342006,"""Soft-Hard Sip Deadband""",[0.3380695879459381],"[0, 0, 0, 0]"
241.524085045,,16389,,1583006546,381122112,"""Soft-Hard Sip Deadband""",[0.30549511313438416],"[0, 0, 0, 0]"
241.528890371,,16390,,1583006546,382065057,"""Soft Sip""",[0.28381088376045227],"[0, 0, 1, 0]"
241.533362865,,16391,,1583006546,386882066,"""Soft Sip""",[0.2403782308101654],"[0, 0, 1, 0]"
241.537919044,,16392,,1583006546,391346931,"""Soft Sip""",[0.2186940312385559],"[0, 0, 1, 0]"
241.544558525,,16393,,1583006546,395934104,"""Soft Sip""",[0.19697770476341248],"[0, 0, 1, 0]"
241.552256584,,16394,,1583006546,402468919,"""Soft Sip""",[0.17529350519180298],"[0, 0, 1, 0]"
241.558395863,,16395,,1583006546,410155057,"""Soft Sip""",[0.13186083734035492],"[0, 0, 1, 0]"
241.56425786,,16396,,1583006546,416682004,"""Soft Sip""",[0.0993184745311737],"[0, 0, 1, 0]"
241.569761515,,16397,,1583006546,422238111,"""Soft Sip""",[0.08846031129360199],"[0, 0, 1, 0]"
241.57477951,,16398,,1583006546,427680015,"""Soft Sip""",[0.05591794103384018],"[0, 0, 1, 0]"
241.581286192,,16399,,1583006546,432777881,"""Soft Sip""",[0.03420161083340645],"[0, 0, 1, 0]"
241.589264631,,16400,,1583006546,439421892,"""Soft Sip""",[0.023343447595834732],"[0, 0, 1, 0]"
241.590117693,,16401,,1583006546,447057962,"""Zero Band""",[0.0016592431347817183],"[0, 0, 0, 0]"
241.590956688,,16402,,1583006546,448106050,"""Zero Band""",[-0.0],"[0, 0, 0, 0]"
241.591743708,,16403,,1583006546,448928117,"""Zero Band""",[-0.0],"[0, 0, 0, 0]"
241.592488766,,16404,,1583006546,449717044,"""Zero Band""",[-0.0],"[0, 0, 0, 0]"
241.593076468,,16405,,1583006546,450383901,"""Zero Band""",[-0.0],"[0, 0, 0, 0]"
241.593805313,,16406,,1583006546,451127052,"""Zero Band""",[-0.0],"[0, 0, 0, 0]"
241.593862772,,16407,,1583006546,451127052,"""input stopped""",[-0.0],"[0, 0, 0, 0]"
242.301449299,,16408,,1583006547,158308029,"""Zero Band""",[-0.0],"[0, 0, 0, 0]"
242.304091215,,16409,,1583006547,161272048,"""Zero Band""",[-0.0],"[0, 0, 0, 0]"
242.310097456,,16410,,1583006547,167294979,"""Zero Band""",[-0.0],"[0, 0, 0, 0]"
242.316145182,,16411,,1583006547,173305034,"""Zero Band""",[-0.0],"[0, 0, 0, 0]"
242.318036795,,16412,,1583006547,175293922,"""Zero Band""",[-0.0],"[0, 0, 0, 0]"
242.319962978,,16413,,1583006547,177247047,"""Zero Band""",[0.0016592431347817183],"[0, 0, 0, 0]"
242.331167221,,16414,,1583006547,183367013,"""Soft Sip""",[0.012485282495617867],"[0, 0, 1, 0]"
242.335921049,,16415,,1583006547,189219951,"""Soft Sip""",[0.023343447595834732],"[0, 0, 1, 0]"
242.341611147,,16416,,1583006547,194003105,"""Soft Sip""",[0.03420161083340645],"[0, 0, 1, 0]"
242.347973824,,16417,,1583006547,199461936,"""Soft Sip""",[0.04505977779626846],"[0, 0, 1, 0]"
242.354335546,,16418,,1583006547,206082105,"""Soft Sip""",[0.05591794103384018],"[0, 0, 1, 0]"
242.361934185,,16419,,1583006547,212209939,"""Soft Sip""",[0.06674397736787796],"[0, 0, 1, 0]"
242.368457317,,16420,,1583006547,219916105,"""Soft Sip""",[0.07760214805603027],"[0, 0, 1, 0]"
242.37417388,,16421,,1583006547,226547956,"""Soft Sip""",[0.08846031129360199],"[0, 0, 1, 0]"
242.38163662,,16422,,1583006547,232152938,"""Soft Sip""",[0.0993184745311737],"[0, 0, 1, 0]"
242.387770891,,16423,,1583006547,239615917,"""Soft Sip""",[0.11017663776874542],"[0, 0, 1, 0]"
242.394961357,,16424,,1583006547,245743036,"""Soft Sip""",[0.12103480100631714],"[0, 0, 1, 0]"
242.400452614,,16425,,1583006547,253051996,"""Soft Sip""",[0.13186083734035492],"[0, 0, 1, 0]"
242.405514717,,16426,,1583006547,258430957,"""Soft Sip""",[0.14271900057792664],"[0, 0, 1, 0]"
242.410596848,,16427,,1583006547,263488054,"""Soft Sip""",[0.15357716381549835],"[0, 0, 1, 0]"
242.417022943,,16428,,1583006547,268743991,"""Soft Sip""",[0.16443534195423126],"[0, 0, 1, 0]"
242.422957659,,16429,,1583006547,274733066,"""Soft Sip""",[0.17529350519180298],"[0, 0, 1, 0]"
242.429050446,,16430,,1583006547,280931949,"""Soft Sip""",[0.18611954152584076],"[0, 0, 1, 0]"
242.434925318,,16431,,1583006547,287029981,"""Soft Sip""",[0.19697770476341248],"[0, 0, 1, 0]"
242.439709187,,16432,,1583006547,292906045,"""Soft Sip""",[0.2078358680009842],"[0, 0, 1, 0]"
242.4455688,,16433,,1583006547,297586917,"""Soft Sip""",[0.22955219447612762],"[0, 0, 1, 0]"
242.451848269,,16434,,1583006547,303553104,"""Soft Sip""",[0.2512364089488983],"[0, 0, 1, 0]"
242.459820509,,16435,,1583006547,309828042,"""Soft Sip""",[0.26209455728530884],"[0, 0, 1, 0]"
242.465807676,,16436,,1583006547,318048954,"""Soft Sip""",[0.27295273542404175],"[0, 0, 1, 0]"
242.471455336,,16437,,1583006547,323787927,"""Soft Sip""",[0.28381088376045227],"[0, 0, 1, 0]"
242.477226496,,16438,,1583006547,329411983,"""Soft Sip""",[0.2946690618991852],"[0, 0, 1, 0]"
242.478036404,,16439,,1583006547,335202932,"""Soft-Hard Sip Deadband""",[0.30549511313438416],"[0, 0, 0, 0]"
242.478798151,,16440,,1583006547,336019039,"""Soft-Hard Sip Deadband""",[0.3163532614707947],"[0, 0, 0, 0]"
242.479811668,,16441,,1583006547,336766004,"""Soft-Hard Sip Deadband""",[0.3272114396095276],"[0, 0, 0, 0]"
242.480723619,,16442,,1583006547,337790012,"""Soft-Hard Sip Deadband""",[0.3380695879459381],"[0, 0, 0, 0]"
242.481582165,,16443,,1583006547,338687896,"""Soft-Hard Sip Deadband""",[0.348927766084671],"[0, 0, 0, 0]"
242.482484102,,16444,,1583006547,339557886,"""Soft-Hard Sip Deadband""",[0.3597537875175476],"[0, 0, 0, 0]"
242.483263016,,16445,,1583006547,340459108,"""Soft-Hard Sip Deadband""",[0.3706119656562805],"[0, 0, 0, 0]"
242.484143019,,16446,,1583006547,341312885,"""Soft-Hard Sip Deadband""",[0.38147011399269104],"[0, 0, 0, 0]"
242.485250473,,16447,,1583006547,342144012,"""Soft-Hard Sip Deadband""",[0.39232829213142395],"[0, 0, 0, 0]"
242.486534834,,16448,,1583006547,343219995,"""Soft-Hard Sip Deadband""",[0.4031864404678345],"[0, 0, 0, 0]"
242.487747431,,16449,,1583006547,344513893,"""Soft-Hard Sip Deadband""",[0.42487066984176636],"[0, 0, 0, 0]"
242.48870635,,16450,,1583006547,345737934,"""Soft-Hard Sip Deadband""",[0.4357288181781769],"[0, 0, 0, 0]"
242.489664793,,16451,,1583006547,346673965,"""Soft-Hard Sip Deadband""",[0.4465869963169098],"[0, 0, 0, 0]"
242.490675211,,16452,,1583006547,347632884,"""Soft-Hard Sip Deadband""",[0.4574451446533203],"[0, 0, 0, 0]"
242.491635799,,16453,,1583006547,348645925,"""Soft-Hard Sip Deadband""",[0.4683033227920532],"[0, 0, 0, 0]"
242.492514849,,16454,,1583006547,349653959,"""Soft-Hard Sip Deadband""",[0.4791293442249298],"[0, 0, 0, 0]"
242.493447542,,16455,,1583006547,350517988,"""Soft-Hard Sip Deadband""",[0.4899875223636627],"[0, 0, 0, 0]"
242.498816967,,16456,,1583006547,351371049,"""Zero Band""",[0.5008456707000732],"[0, 0, 0, 0]"
242.503854275,,16457,,1583006547,356906890,"""Zero Band""",[0.5117038488388062],"[0, 0, 0, 0]"
242.509865284,,16458,,1583006547,361840963,"""Zero Band""",[0.5225620269775391],"[0, 0, 0, 0]"
242.515381098,,16459,,1583006547,367957115,"""Zero Band""",[0.533388078212738],"[0, 0, 0, 0]"
242.52053833,,16460,,1583006547,373267889,"""Zero Band""",[0.5442461967468262],"[0, 0, 0, 0]"
242.526932478,,16461,,1583006547,378424882,"""Zero Band""",[0.5551043748855591],"[0, 0, 0, 0]"
242.532226324,,16462,,1583006547,384912014,"""Zero Band""",[0.565962553024292],"[0, 0, 0, 0]"
242.53821063,,16463,,1583006547,390207052,"""Zero Band""",[0.5768207311630249],"[0, 0, 0, 0]"
242.545183659,,16464,,1583006547,396209001,"""Zero Band""",[0.587678849697113],"[0, 0, 0, 0]"
242.552313089,,16465,,1583006547,403141975,"""Zero Band""",[0.598504900932312],"[0, 0, 0, 0]"
242.557759285,,16466,,1583006547,410280942,"""Zero Band""",[0.6093630790710449],"[0, 0, 0, 0]"
242.563507795,,16467,,1583006547,415956020,"""Zero Band""",[0.598504900932312],"[0, 0, 0, 0]"
242.568974257,,16468,,1583006547,421231985,"""Zero Band""",[0.587678849697113],"[0, 0, 0, 0]"
242.574976683,,16469,,1583006547,426960945,"""Zero Band""",[0.5768207311630249],"[0, 0, 0, 0]"
242.581170797,,16470,,1583006547,432948112,"""Zero Band""",[0.565962553024292],"[0, 0, 0, 0]"
242.588179588,,16471,,1583006547,439132928,"""Zero Band""",[0.5551043748855591],"[0, 0, 0, 0]"
242.593808174,,16472,,1583006547,446053981,"""Zero Band""",[0.5442461967468262],"[0, 0, 0, 0]"
242.600271225,,16473,,1583006547,451777935,"""Zero Band""",[0.533388078212738],"[0, 0, 0, 0]"
242.606884241,,16474,,1583006547,458062887,"""Zero Band""",[0.5225620269775391],"[0, 0, 0, 0]"
242.613201141,,16475,,1583006547,464888095,"""Zero Band""",[0.5117038488388062],"[0, 0, 0, 0]"
242.618970156,,16476,,1583006547,471095085,"""Zero Band""",[0.5008456707000732],"[0, 0, 0, 0]"
242.619831324,,16477,,1583006547,477004051,"""Soft-Hard Sip Deadband""",[0.4899875223636627],"[0, 0, 0, 0]"
242.620662689,,16478,,1583006547,477952003,"""Soft-Hard Sip Deadband""",[0.4791293442249298],"[0, 0, 0, 0]"
242.621326923,,16479,,1583006547,478642940,"""Soft-Hard Sip Deadband""",[0.4683033227920532],"[0, 0, 0, 0]"
242.62197876,,16480,,1583006547,479300022,"""Soft-Hard Sip Deadband""",[0.4574451446533203],"[0, 0, 0, 0]"
242.622657061,,16481,,1583006547,479954004,"""Soft-Hard Sip Deadband""",[0.4465869963169098],"[0, 0, 0, 0]"
242.62350893,,16482,,1583006547,480629920,"""Soft-Hard Sip Deadband""",[0.4357288181781769],"[0, 0, 0, 0]"
242.624222517,,16483,,1583006547,481563091,"""Soft-Hard Sip Deadband""",[0.42487066984176636],"[0, 0, 0, 0]"
242.624942303,,16484,,1583006547,482213020,"""Soft-Hard Sip Deadband""",[0.4140446186065674],"[0, 0, 0, 0]"
242.625688791,,16485,,1583006547,482908964,"""Soft-Hard Sip Deadband""",[0.4031864404678345],"[0, 0, 0, 0]"
242.626696587,,16486,,1583006547,483758926,"""Soft-Hard Sip Deadband""",[0.39232829213142395],"[0, 0, 0, 0]"
242.627499342,,16487,,1583006547,484518051,"""Soft-Hard Sip Deadband""",[0.38147011399269104],"[0, 0, 0, 0]"
242.628272057,,16488,,1583006547,485471963,"""Soft-Hard Sip Deadband""",[0.3706119656562805],"[0, 0, 0, 0]"
242.629332542,,16489,,1583006547,486340999,"""Soft-Hard Sip Deadband""",[0.3597537875175476],"[0, 0, 0, 0]"
242.6300807,,16490,,1583006547,487327098,"""Soft-Hard Sip Deadband""",[0.348927766084671],"[0, 0, 0, 0]"
242.632080317,,16491,,1583006547,489249944,"""Soft-Hard Sip Deadband""",[0.3380695879459381],"[0, 0, 0, 0]"
242.63822484,,16492,,1583006547,495337963,"""Soft-Hard Sip Deadband""",[0.3272114396095276],"[0, 0, 0, 0]"
242.644802809,,16493,,1583006547,501323938,"""Soft-Hard Sip Deadband""",[0.3163532614707947],"[0, 0, 0, 0]"
242.650489569,,16494,,1583006547,507332086,"""Soft-Hard Sip Deadband""",[0.30549511313438416],"[0, 0, 0, 0]"
242.664630413,,16495,,1583006547,521348953,"""Soft-Hard Sip Deadband""",[0.3163532614707947],"[0, 0, 0, 0]"
242.67427969,,16496,,1583006547,531295061,"""Soft-Hard Sip Deadband""",[0.3272114396095276],"[0, 0, 0, 0]"
242.6805408,,16497,,1583006547,537400960,"""Soft-Hard Sip Deadband""",[0.3380695879459381],"[0, 0, 0, 0]"
242.688244104,,16498,,1583006547,545336008,"""Soft-Hard Sip Deadband""",[0.348927766084671],"[0, 0, 0, 0]"
242.692268133,,16499,,1583006547,549302101,"""Soft-Hard Sip Deadband""",[0.3597537875175476],"[0, 0, 0, 0]"
242.700376034,,16500,,1583006547,557349920,"""Soft-Hard Sip Deadband""",[0.3706119656562805],"[0, 0, 0, 0]"
242.708292484,,16501,,1583006547,565300941,"""Soft-Hard Sip Deadband""",[0.38147011399269104],"[0, 0, 0, 0]"
242.716183424,,16502,,1583006547,573257923,"""Soft-Hard Sip Deadband""",[0.39232829213142395],"[0, 0, 0, 0]"
242.722538233,,16503,,1583006547,579334974,"""Soft-Hard Sip Deadband""",[0.4031864404678345],"[0, 0, 0, 0]"
242.732346773,,16504,,1583006547,589313983,"""Soft-Hard Sip Deadband""",[0.4140446186065674],"[0, 0, 0, 0]"
242.762408495,,16505,,1583006547,619362115,"""Soft-Hard Sip Deadband""",[0.42487066984176636],"[0, 0, 0, 0]"
242.774443626,,16506,,1583006547,631340026,"""Soft-Hard Sip Deadband""",[0.4357288181781769],"[0, 0, 0, 0]"
242.792623281,,16507,,1583006547,649374961,"""Soft-Hard Sip Deadband""",[0.4465869963169098],"[0, 0, 0, 0]"
242.794368744,,16508,,1583006547,651351928,"""Soft-Hard Sip Deadband""",[0.4357288181781769],"[0, 0, 0, 0]"
242.84871912,,16509,,1583006547,705390930,"""Soft-Hard Sip Deadband""",[0.4465869963169098],"[0, 0, 0, 0]"
242.862338066,,16510,,1583006547,719340085,"""Soft-Hard Sip Deadband""",[0.4574451446533203],"[0, 0, 0, 0]"
242.872254372,,16511,,1583006547,729331970,"""Soft-Hard Sip Deadband""",[0.4683033227920532],"[0, 0, 0, 0]"
242.886678934,,16512,,1583006547,743356943,"""Soft-Hard Sip Deadband""",[0.4791293442249298],"[0, 0, 0, 0]"
242.894499063,,16513,,1583006547,751333951,"""Soft-Hard Sip Deadband""",[0.4899875223636627],"[0, 0, 0, 0]"
242.909721136,,16514,,1583006547,761290073,"""Zero Band""",[0.5008456707000732],"[0, 0, 0, 0]"
242.917384863,,16515,,1583006547,769249916,"""Zero Band""",[0.5117038488388062],"[0, 0, 0, 0]"
242.925744057,,16516,,1583006547,777268886,"""Zero Band""",[0.5225620269775391],"[0, 0, 0, 0]"
242.933904409,,16517,,1583006547,787300109,"""Zero Band""",[0.533388078212738],"[0, 0, 0, 0]"
242.940546513,,16518,,1583006547,791948080,"""Zero Band""",[0.5442461967468262],"[0, 0, 0, 0]"
242.94600153,,16519,,1583006547,798701047,"""Zero Band""",[0.5551043748855591],"[0, 0, 0, 0]"
242.951474905,,16520,,1583006547,804066896,"""Zero Band""",[0.565962553024292],"[0, 0, 0, 0]"
242.956402302,,16521,,1583006547,809561967,"""Zero Band""",[0.5768207311630249],"[0, 0, 0, 0]"
242.962434769,,16522,,1583006547,814501047,"""Zero Band""",[0.587678849697113],"[0, 0, 0, 0]"
242.968022823,,16523,,1583006547,820415973,"""Zero Band""",[0.598504900932312],"[0, 0, 0, 0]"
242.973663568,,16524,,1583006547,826087951,"""Zero Band""",[0.6093630790710449],"[0, 0, 0, 0]"
242.978922367,,16525,,1583006547,831731081,"""Zero Band""",[0.6202212572097778],"[0, 0, 0, 0]"
242.983679533,,16526,,1583006547,836905956,"""Zero Band""",[0.6310794353485107],"[0, 0, 0, 0]"
242.989633322,,16527,,1583006547,841758966,"""Zero Band""",[0.6419375538825989],"[0, 0, 0, 0]"
242.995691776,,16528,,1583006547,847640037,"""Zero Band""",[0.6527636051177979],"[0, 0, 0, 0]"
243.038766623,,16529,,1583006547,891319036,"""Zero Band""",[0.6419375538825989],"[0, 0, 0, 0]"
243.045383692,,16530,,1583006547,896801948,"""Zero Band""",[0.6527636051177979],"[0, 0, 0, 0]"
243.050900698,,16531,,1583006547,903462886,"""Zero Band""",[0.6419375538825989],"[0, 0, 0, 0]"
243.061160088,,16532,,1583006547,913317918,"""Zero Band""",[0.6310794353485107],"[0, 0, 0, 0]"
243.076403618,,16533,,1583006547,927440881,"""Zero Band""",[0.6202212572097778],"[0, 0, 0, 0]"
243.08245945,,16534,,1583006547,934525012,"""Zero Band""",[0.6310794353485107],"[0, 0, 0, 0]"
243.087452412,,16535,,1583006547,940567016,"""Zero Band""",[0.6202212572097778],"[0, 0, 0, 0]"
243.100878716,,16536,,1583006547,951385974,"""Zero Band""",[0.6310794353485107],"[0, 0, 0, 0]"
243.106025457,,16537,,1583006547,958961009,"""Zero Band""",[0.6202212572097778],"[0, 0, 0, 0]"
243.117643833,,16538,,1583006547,969353914,"""Zero Band""",[0.6093630790710449],"[0, 0, 0, 0]"
243.124954224,,16539,,1583006547,977261066,"""Zero Band""",[0.598504900932312],"[0, 0, 0, 0]"
243.134405613,,16540,,1583006547,985340118,"""Zero Band""",[0.587678849697113],"[0, 0, 0, 0]"
243.145771503,,16541,,1583006547,997383117,"""Zero Band""",[0.5768207311630249],"[0, 0, 0, 0]"
243.168893337,,16542,,1583006548,21415948,"""Zero Band""",[0.587678849697113],"[0, 0, 0, 0]"
243.181830406,,16543,,1583006548,33462047,"""Zero Band""",[0.598504900932312],"[0, 0, 0, 0]"
243.192351341,,16544,,1583006548,43281078,"""Zero Band""",[0.6093630790710449],"[0, 0, 0, 0]"
243.198696852,,16545,,1583006548,50116062,"""Zero Band""",[0.598504900932312],"[0, 0, 0, 0]"
243.204617023,,16546,,1583006548,56797981,"""Zero Band""",[0.6093630790710449],"[0, 0, 0, 0]"
243.211976051,,16547,,1583006548,62707901,"""Zero Band""",[0.598504900932312],"[0, 0, 0, 0]"
243.218211889,,16548,,1583006548,69982051,"""Zero Band""",[0.587678849697113],"[0, 0, 0, 0]"
243.222691059,,16549,,1583006548,76272010,"""Zero Band""",[0.5768207311630249],"[0, 0, 0, 0]"
243.229864597,,16550,,1583006548,80729961,"""Zero Band""",[0.565962553024292],"[0, 0, 0, 0]"
243.257671356,,16551,,1583006548,109419107,"""Zero Band""",[0.5768207311630249],"[0, 0, 0, 0]"
243.26589179,,16552,,1583006548,117397069,"""Zero Band""",[0.587678849697113],"[0, 0, 0, 0]"
243.270855188,,16553,,1583006548,123919963,"""Zero Band""",[0.598504900932312],"[0, 0, 0, 0]"
243.277074814,,16554,,1583006548,129271030,"""Zero Band""",[0.6093630790710449],"[0, 0, 0, 0]"
243.288434744,,16555,,1583006548,141364097,"""Zero Band""",[0.6202212572097778],"[0, 0, 0, 0]"
243.317090988,,16556,,1583006548,167339086,"""Zero Band""",[0.6310794353485107],"[0, 0, 0, 0]"
243.323146582,,16557,,1583006548,175148963,"""Zero Band""",[0.6202212572097778],"[0, 0, 0, 0]"
243.330294847,,16558,,1583006548,181232929,"""Zero Band""",[0.6310794353485107],"[0, 0, 0, 0]"
243.336826801,,16559,,1583006548,188374996,"""Zero Band""",[0.6202212572097778],"[0, 0, 0, 0]"
243.347215176,,16560,,1583006548,199341058,"""Zero Band""",[0.6310794353485107],"[0, 0, 0, 0]"
243.367935419,,16561,,1583006548,219420909,"""Zero Band""",[0.6419375538825989],"[0, 0, 0, 0]"
243.372955322,,16562,,1583006548,226002931,"""Zero Band""",[0.6527636051177979],"[0, 0, 0, 0]"
243.379319906,,16563,,1583006548,231316089,"""Zero Band""",[0.6636217832565308],"[0, 0, 0, 0]"
243.388906002,,16564,,1583006548,239315986,"""Zero Band""",[0.6744799613952637],"[0, 0, 0, 0]"
243.396152735,,16565,,1583006548,247339010,"""Zero Band""",[0.6853380799293518],"[0, 0, 0, 0]"
243.401191711,,16566,,1583006548,254239082,"""Zero Band""",[0.6961962580680847],"[0, 0, 0, 0]"
243.405941963,,16567,,1583006548,259263038,"""Zero Band""",[0.6853380799293518],"[0, 0, 0, 0]"
243.411340475,,16568,,1583006548,263994932,"""Zero Band""",[0.6961962580680847],"[0, 0, 0, 0]"
243.41654563,,16569,,1583006548,269406080,"""Zero Band""",[0.7070544362068176],"[0, 0, 0, 0]"
243.423952818,,16570,,1583006548,275258064,"""Zero Band""",[0.7178804874420166],"[0, 0, 0, 0]"
243.43022418,,16571,,1583006548,282047033,"""Zero Band""",[0.7287386655807495],"[0, 0, 0, 0]"
243.435076475,,16572,,1583006548,288261890,"""Zero Band""",[0.7395967841148376],"[0, 0, 0, 0]"
243.441081047,,16573,,1583006548,293124914,"""Zero Band""",[0.7504549622535706],"[0, 0, 0, 0]"
243.446814537,,16574,,1583006548,299149036,"""Zero Band""",[0.7613131403923035],"[0, 0, 0, 0]"
243.452322721,,16575,,1583006548,304878950,"""Zero Band""",[0.7721391916275024],"[0, 0, 0, 0]"
243.457936764,,16576,,1583006548,310343980,"""Zero Band""",[0.7829973101615906],"[0, 0, 0, 0]"
243.463893652,,16577,,1583006548,317290067,"""Zero Band""",[0.7938554883003235],"[0, 0, 0, 0]"
243.481859922,,16578,,1583006548,333431959,"""Zero Band""",[0.8047136664390564],"[0, 0, 0, 0]"
243.492204666,,16579,,1583006548,343346118,"""Zero Band""",[0.7938554883003235],"[0, 0, 0, 0]"
243.501248121,,16580,,1583006548,353344917,"""Zero Band""",[0.8047136664390564],"[0, 0, 0, 0]"
243.509298563,,16581,,1583006548,361263036,"""Zero Band""",[0.7938554883003235],"[0, 0, 0, 0]"
243.516242027,,16582,,1583006548,367378950,"""Zero Band""",[0.8047136664390564],"[0, 0, 0, 0]"
243.525487423,,16583,,1583006548,377305984,"""Zero Band""",[0.8155718445777893],"[0, 0, 0, 0]"
243.532963276,,16584,,1583006548,385332107,"""Zero Band""",[0.8263978958129883],"[0, 0, 0, 0]"
243.560695171,,16585,,1583006548,411545038,"""Zero Band""",[0.8155718445777893],"[0, 0, 0, 0]"
243.576225519,,16586,,1583006548,427393913,"""Zero Band""",[0.8047136664390564],"[0, 0, 0, 0]"
243.581835508,,16587,,1583006548,434314012,"""Zero Band""",[0.7938554883003235],"[0, 0, 0, 0]"
243.60401392,,16588,,1583006548,455476999,"""Zero Band""",[0.7829973101615906],"[0, 0, 0, 0]"
243.635158539,,16589,,1583006548,487389087,"""Zero Band""",[0.7721391916275024],"[0, 0, 0, 0]"
243.645144463,,16590,,1583006548,495290994,"""Zero Band""",[0.7613131403923035],"[0, 0, 0, 0]"
243.650764704,,16591,,1583006548,503194093,"""Zero Band""",[0.7504549622535706],"[0, 0, 0, 0]"
243.656631708,,16592,,1583006548,508827924,"""Zero Band""",[0.7395967841148376],"[0, 0, 0, 0]"
243.661377668,,16593,,1583006548,514705896,"""Zero Band""",[0.7287386655807495],"[0, 0, 0, 0]"
243.666659832,,16594,,1583006548,519444942,"""Zero Band""",[0.7178804874420166],"[0, 0, 0, 0]"
243.672885656,,16595,,1583006548,524739980,"""Zero Band""",[0.7070544362068176],"[0, 0, 0, 0]"
243.680868626,,16596,,1583006548,530982971,"""Zero Band""",[0.6961962580680847],"[0, 0, 0, 0]"
243.686694145,,16597,,1583006548,538883924,"""Zero Band""",[0.6853380799293518],"[0, 0, 0, 0]"
243.693947077,,16598,,1583006548,544748067,"""Zero Band""",[0.6744799613952637],"[0, 0, 0, 0]"
243.698971987,,16599,,1583006548,551758050,"""Zero Band""",[0.6636217832565308],"[0, 0, 0, 0]"
243.705354929,,16600,,1583006548,557107925,"""Zero Band""",[0.6527636051177979],"[0, 0, 0, 0]"
243.713993549,,16601,,1583006548,563363075,"""Zero Band""",[0.6419375538825989],"[0, 0, 0, 0]"
243.718667984,,16602,,1583006548,571971893,"""Zero Band""",[0.6310794353485107],"[0, 0, 0, 0]"
243.723335981,,16603,,1583006548,576644897,"""Zero Band""",[0.6202212572097778],"[0, 0, 0, 0]"
243.729633808,,16604,,1583006548,581307888,"""Zero Band""",[0.6093630790710449],"[0, 0, 0, 0]"
243.734190464,,16605,,1583006548,587697982,"""Zero Band""",[0.598504900932312],"[0, 0, 0, 0]"
243.740755081,,16606,,1583006548,592195034,"""Zero Band""",[0.587678849697113],"[0, 0, 0, 0]"
243.748571157,,16607,,1583006548,598788022,"""Zero Band""",[0.5768207311630249],"[0, 0, 0, 0]"
243.753998518,,16608,,1583006548,606745958,"""Zero Band""",[0.565962553024292],"[0, 0, 0, 0]"
243.761029243,,16609,,1583006548,611987113,"""Zero Band""",[0.5551043748855591],"[0, 0, 0, 0]"
243.76678586,,16610,,1583006548,619023084,"""Zero Band""",[0.5442461967468262],"[0, 0, 0, 0]"
243.772538424,,16611,,1583006548,624800920,"""Zero Band""",[0.533388078212738],"[0, 0, 0, 0]"
243.777919054,,16612,,1583006548,630520105,"""Zero Band""",[0.5225620269775391],"[0, 0, 0, 0]"
243.783572674,,16613,,1583006548,635889053,"""Zero Band""",[0.5117038488388062],"[0, 0, 0, 0]"
243.788939953,,16614,,1583006548,641531944,"""Zero Band""",[0.5008456707000732],"[0, 0, 0, 0]"
243.790017128,,16615,,1583006548,646950960,"""Soft-Hard Sip Deadband""",[0.4899875223636627],"[0, 0, 0, 0]"
243.791177034,,16616,,1583006548,648217916,"""Soft-Hard Sip Deadband""",[0.4791293442249298],"[0, 0, 0, 0]"
243.792088509,,16617,,1583006548,649159908,"""Soft-Hard Sip Deadband""",[0.4683033227920532],"[0, 0, 0, 0]"
243.79291153,,16618,,1583006548,650082111,"""Soft-Hard Sip Deadband""",[0.4574451446533203],"[0, 0, 0, 0]"
243.793818712,,16619,,1583006548,650876045,"""Soft-Hard Sip Deadband""",[0.4465869963169098],"[0, 0, 0, 0]"
243.794759512,,16620,,1583006548,651781082,"""Soft-Hard Sip Deadband""",[0.4357288181781769],"[0, 0, 0, 0]"
243.795908928,,16621,,1583006548,652770042,"""Soft-Hard Sip Deadband""",[0.42487066984176636],"[0, 0, 0, 0]"
243.79701829,,16622,,1583006548,654086112,"""Soft-Hard Sip Deadband""",[0.4140446186065674],"[0, 0, 0, 0]"
243.797803164,,16623,,1583006548,655021905,"""Soft-Hard Sip Deadband""",[0.4031864404678345],"[0, 0, 0, 0]"
243.798540115,,16624,,1583006548,655788898,"""Soft-Hard Sip Deadband""",[0.38147011399269104],"[0, 0, 0, 0]"
243.799317837,,16625,,1583006548,656507968,"""Soft-Hard Sip Deadband""",[0.3706119656562805],"[0, 0, 0, 0]"
243.8000741,,16626,,1583006548,657197952,"""Soft-Hard Sip Deadband""",[0.3597537875175476],"[0, 0, 0, 0]"
243.800883532,,16627,,1583006548,657932043,"""Soft-Hard Sip Deadband""",[0.348927766084671],"[0, 0, 0, 0]"
243.801769495,,16628,,1583006548,658868074,"""Soft-Hard Sip Deadband""",[0.3380695879459381],"[0, 0, 0, 0]"
243.802590132,,16629,,1583006548,659704923,"""Soft-Hard Sip Deadband""",[0.3272114396095276],"[0, 0, 0, 0]"
243.803452015,,16630,,1583006548,660562038,"""Soft-Hard Sip Deadband""",[0.3380695879459381],"[0, 0, 0, 0]"
243.804448843,,16631,,1583006548,661444902,"""Soft-Hard Sip Deadband""",[0.348927766084671],"[0, 0, 0, 0]"
243.805330753,,16632,,1583006548,662446022,"""Soft-Hard Sip Deadband""",[0.3380695879459381],"[0, 0, 0, 0]"
243.806195021,,16633,,1583006548,663328886,"""Soft-Hard Sip Deadband""",[0.348927766084671],"[0, 0, 0, 0]"
243.807010412,,16634,,1583006548,664247035,"""Soft-Hard Sip Deadband""",[0.30549511313438416],"[0, 0, 0, 0]"
243.812534809,,16635,,1583006548,665030002,"""Soft Sip""",[0.16443534195423126],"[0, 0, 1, 0]"
243.818200827,,16636,,1583006548,670633077,"""Soft Sip""",[0.012485282495617867],"[0, 0, 1, 0]"
243.819173098,,16637,,1583006548,676271915,"""Zero Band""",[-0.0],"[0, 0, 0, 0]"
243.820219517,,16638,,1583006548,677303075,"""Zero Band""",[-0.0],"[0, 0, 0, 0]"
243.822135925,,16639,,1583006548,679280042,"""Zero Band""",[-0.0],"[0, 0, 0, 0]"
243.82527256,,16640,,1583006548,682291030,"""Zero Band""",[-0.0],"[0, 0, 0, 0]"
243.825434685,,16641,,1583006548,682291030,"""input stopped""",[-0.0],"[0, 0, 0, 0]"
244.285398245,,16642,,1583006549,142314910,"""Zero Band""",[-0.0],"[0, 0, 0, 0]"
244.288287401,,16643,,1583006549,145344972,"""Zero Band""",[-0.0],"[0, 0, 0, 0]"
244.290001154,,16644,,1583006549,147247076,"""Zero Band""",[-0.0],"[0, 0, 0, 0]"
244.292132854,,16645,,1583006549,149251937,"""Zero Band""",[-0.0],"[0, 0, 0, 0]"
244.296167374,,16646,,1583006549,153289079,"""Zero Band""",[0.0016592431347817183],"[0, 0, 0, 0]"
244.302556276,,16647,,1583006549,155242919,"""Soft Sip""",[0.023343447595834732],"[0, 0, 1, 0]"
244.307536364,,16648,,1583006549,160618066,"""Soft Sip""",[0.03420161083340645],"[0, 0, 1, 0]"
244.313743353,,16649,,1583006549,165636062,"""Soft Sip""",[0.05591794103384018],"[0, 0, 1, 0]"
244.3196311,,16650,,1583006549,171730995,"""Soft Sip""",[0.06674397736787796],"[0, 0, 1, 0]"
244.324527025,,16651,,1583006549,177525997,"""Soft Sip""",[0.07760214805603027],"[0, 0, 1, 0]"
244.330795527,,16652,,1583006549,182621955,"""Soft Sip""",[0.0993184745311737],"[0, 0, 1, 0]"
244.336796045,,16653,,1583006549,188668012,"""Soft Sip""",[0.12103480100631714],"[0, 0, 1, 0]"
244.341676712,,16654,,1583006549,194859981,"""Soft Sip""",[0.13186083734035492],"[0, 0, 1, 0]"
244.347482443,,16655,,1583006549,199693918,"""Soft Sip""",[0.15357716381549835],"[0, 0, 1, 0]"
244.352021933,,16656,,1583006549,205364942,"""Soft Sip""",[0.16443534195423126],"[0, 0, 1, 0]"
244.357967138,,16657,,1583006549,210021972,"""Soft Sip""",[0.18611954152584076],"[0, 0, 1, 0]"
244.363625526,,16658,,1583006549,216073036,"""Soft Sip""",[0.19697770476341248],"[0, 0, 1, 0]"
244.370182037,,16659,,1583006549,221860885,"""Soft Sip""",[0.2186940312385559],"[0, 0, 1, 0]"
244.375771761,,16660,,1583006549,228176116,"""Soft Sip""",[0.2403782308101654],"[0, 0, 1, 0]"
244.381311417,,16661,,1583006549,233812093,"""Soft Sip""",[0.2512364089488983],"[0, 0, 1, 0]"
244.387298822,,16662,,1583006549,239281892,"""Soft Sip""",[0.26209455728530884],"[0, 0, 1, 0]"
244.392106771,,16663,,1583006549,245178937,"""Soft Sip""",[0.28381088376045227],"[0, 0, 1, 0]"
244.399354458,,16664,,1583006549,250112056,"""Soft Sip""",[0.2946690618991852],"[0, 0, 1, 0]"
244.40039134,,16665,,1583006549,257395029,"""Soft-Hard Sip Deadband""",[0.30549511313438416],"[0, 0, 0, 0]"
244.401538372,,16666,,1583006549,258312940,"""Soft-Hard Sip Deadband""",[0.3163532614707947],"[0, 0, 0, 0]"
244.402220011,,16667,,1583006549,259263038,"""Soft-Hard Sip Deadband""",[0.3380695879459381],"[0, 0, 0, 0]"
244.403146267,,16668,,1583006549,260190010,"""Soft-Hard Sip Deadband""",[0.348927766084671],"[0, 0, 0, 0]"
244.404359579,,16669,,1583006549,261121988,"""Soft-Hard Sip Deadband""",[0.3597537875175476],"[0, 0, 0, 0]"
244.405451536,,16670,,1583006549,262415885,"""Soft-Hard Sip Deadband""",[0.3706119656562805],"[0, 0, 0, 0]"
244.406380892,,16671,,1583006549,263525962,"""Soft-Hard Sip Deadband""",[0.38147011399269104],"[0, 0, 0, 0]"
244.407371521,,16672,,1583006549,264414072,"""Soft-Hard Sip Deadband""",[0.4031864404678345],"[0, 0, 0, 0]"
244.408617258,,16673,,1583006549,265584945,"""Soft-Hard Sip Deadband""",[0.4140446186065674],"[0, 0, 0, 0]"
244.4096632,,16674,,1583006549,266623020,"""Soft-Hard Sip Deadband""",[0.42487066984176636],"[0, 0, 0, 0]"
244.4106071,,16675,,1583006549,267632961,"""Soft-Hard Sip Deadband""",[0.4357288181781769],"[0, 0, 0, 0]"
244.411534309,,16676,,1583006549,268585920,"""Soft-Hard Sip Deadband""",[0.4465869963169098],"[0, 0, 0, 0]"
244.412442207,,16677,,1583006549,269525051,"""Soft-Hard Sip Deadband""",[0.4574451446533203],"[0, 0, 0, 0]"
244.413463354,,16678,,1583006549,270426034,"""Soft-Hard Sip Deadband""",[0.4791293442249298],"[0, 0, 0, 0]"
244.41466856,,16679,,1583006549,271477937,"""Soft-Hard Sip Deadband""",[0.4899875223636627],"[0, 0, 0, 0]"
244.420624495,,16680,,1583006549,272628068,"""Zero Band""",[0.5008456707000732],"[0, 0, 0, 0]"
244.425462723,,16681,,1583006549,278609037,"""Zero Band""",[0.5117038488388062],"[0, 0, 0, 0]"
244.43330884,,16682,,1583006549,283478975,"""Zero Band""",[0.5225620269775391],"[0, 0, 0, 0]"
244.438198805,,16683,,1583006549,291281938,"""Zero Band""",[0.533388078212738],"[0, 0, 0, 0]"
244.444006205,,16684,,1583006549,296171903,"""Zero Band""",[0.5442461967468262],"[0, 0, 0, 0]"
244.452202797,,16685,,1583006549,302004098,"""Zero Band""",[0.5551043748855591],"[0, 0, 0, 0]"
244.458275795,,16686,,1583006549,310208082,"""Zero Band""",[0.565962553024292],"[0, 0, 0, 0]"
244.464363813,,16687,,1583006549,316075086,"""Zero Band""",[0.5768207311630249],"[0, 0, 0, 0]"
244.471346855,,16688,,1583006549,322566986,"""Zero Band""",[0.598504900932312],"[0, 0, 0, 0]"
244.476760149,,16689,,1583006549,329312086,"""Zero Band""",[0.6093630790710449],"[0, 0, 0, 0]"
244.482009649,,16690,,1583006549,334729909,"""Zero Band""",[0.6202212572097778],"[0, 0, 0, 0]"
244.486382008,,16691,,1583006549,339987039,"""Zero Band""",[0.6310794353485107],"[0, 0, 0, 0]"
244.492007732,,16692,,1583006549,344357967,"""Zero Band""",[0.6527636051177979],"[0, 0, 0, 0]"
244.499205828,,16693,,1583006549,349845886,"""Zero Band""",[0.6636217832565308],"[0, 0, 0, 0]"
244.505228758,,16694,,1583006549,357209920,"""Zero Band""",[0.6744799613952637],"[0, 0, 0, 0]"
244.511993408,,16695,,1583006549,363208055,"""Zero Band""",[0.6853380799293518],"[0, 0, 0, 0]"
244.516608477,,16696,,1583006549,369977951,"""Zero Band""",[0.6961962580680847],"[0, 0, 0, 0]"
244.522585154,,16697,,1583006549,374583959,"""Zero Band""",[0.7070544362068176],"[0, 0, 0, 0]"
244.529361963,,16698,,1583006549,380574941,"""Zero Band""",[0.7178804874420166],"[0, 0, 0, 0]"
244.53513217,,16699,,1583006549,387341022,"""Zero Band""",[0.7287386655807495],"[0, 0, 0, 0]"
244.539971113,,16700,,1583006549,393098115,"""Zero Band""",[0.7395967841148376],"[0, 0, 0, 0]"
244.54639411,,16701,,1583006549,397979974,"""Zero Band""",[0.7287386655807495],"[0, 0, 0, 0]"
244.551039934,,16702,,1583006549,404531002,"""Zero Band""",[0.7178804874420166],"[0, 0, 0, 0]"
244.556978226,,16703,,1583006549,409060001,"""Zero Band""",[0.7070544362068176],"[0, 0, 0, 0]"
244.563165188,,16704,,1583006549,414963006,"""Zero Band""",[0.7178804874420166],"[0, 0, 0, 0]"
244.567943096,,16705,,1583006549,421142101,"""Zero Band""",[0.7287386655807495],"[0, 0, 0, 0]"
244.573167086,,16706,,1583006549,425923109,"""Zero Band""",[0.7395967841148376],"[0, 0, 0, 0]"
244.579577684,,16707,,1583006549,431153059,"""Zero Band""",[0.7504549622535706],"[0, 0, 0, 0]"
244.584340572,,16708,,1583006549,437557935,"""Zero Band""",[0.7613131403923035],"[0, 0, 0, 0]"
244.591342449,,16709,,1583006549,442416906,"""Zero Band""",[0.7721391916275024],"[0, 0, 0, 0]"
244.597421885,,16710,,1583006549,449350118,"""Zero Band""",[0.7829973101615906],"[0, 0, 0, 0]"
244.602154016,,16711,,1583006549,455503940,"""Zero Band""",[0.7938554883003235],"[0, 0, 0, 0]"
244.607013702,,16712,,1583006549,460150957,"""Zero Band""",[0.8047136664390564],"[0, 0, 0, 0]"
244.613110542,,16713,,1583006549,464987039,"""Zero Band""",[0.8155718445777893],"[0, 0, 0, 0]"
244.620254278,,16714,,1583006549,471088886,"""Zero Band""",[0.8263978958129883],"[0, 0, 0, 0]"
244.625367641,,16715,,1583006549,478104114,"""Zero Band""",[0.8372560143470764],"[0, 0, 0, 0]"
244.631403685,,16716,,1583006549,483346939,"""Zero Band""",[0.8481141924858093],"[0, 0, 0, 0]"
244.635890484,,16717,,1583006549,489382028,"""Zero Band""",[0.8589723706245422],"[0, 0, 0, 0]"
244.640067577,,16718,,1583006549,493973016,"""Zero Band""",[0.8698305487632751],"[0, 0, 0, 0]"
244.645468712,,16719,,1583006549,498043060,"""Zero Band""",[0.8806886672973633],"[0, 0, 0, 0]"
244.651761293,,16720,,1583006549,503443956,"""Zero Band""",[0.8915147185325623],"[0, 0, 0, 0]"
244.656175137,,16721,,1583006549,509741067,"""Zero Band""",[0.9023728966712952],"[0, 0, 0, 0]"
244.66119194,,16722,,1583006549,514240026,"""Zero Band""",[0.9132310748100281],"[0, 0, 0, 0]"
244.666573286,,16723,,1583006549,519186019,"""Zero Band""",[0.924089252948761],"[0, 0, 0, 0]"
244.672482491,,16724,,1583006549,524544954,"""Zero Band""",[0.9349473714828491],"[0, 0, 0, 0]"
244.679438114,,16725,,1583006549,530518054,"""Zero Band""",[0.9457734227180481],"[0, 0, 0, 0]"
244.685951471,,16726,,1583006549,537439107,"""Zero Band""",[0.956631600856781],"[0, 0, 0, 0]"
244.692337513,,16727,,1583006549,543962001,"""Zero Band""",[0.9674897789955139],"[0, 0, 0, 0]"
244.698346615,,16728,,1583006549,550390005,"""Zero Band""",[0.978347897529602],"[0, 0, 0, 0]"
244.703073263,,16729,,1583006549,556314945,"""Zero Band""",[0.989206075668335],"[0, 0, 0, 0]"
244.708176374,,16730,,1583006549,561047077,"""Zero Band""",[1.0],"[0, 0, 0, 0]"
244.899648905,,16731,,1583006549,751440048,"""Zero Band""",[0.978347897529602],"[0, 0, 0, 0]"
244.905031204,,16732,,1583006549,757354974,"""Zero Band""",[0.956631600856781],"[0, 0, 0, 0]"
244.912299633,,16733,,1583006549,763061046,"""Zero Band""",[0.9457734227180481],"[0, 0, 0, 0]"
244.918191195,,16734,,1583006549,770417928,"""Zero Band""",[0.924089252948761],"[0, 0, 0, 0]"
244.92390871,,16735,,1583006549,776185035,"""Zero Band""",[0.9023728966712952],"[0, 0, 0, 0]"
244.929911137,,16736,,1583006549,781919956,"""Zero Band""",[0.8698305487632751],"[0, 0, 0, 0]"
244.935413361,,16737,,1583006549,787883996,"""Zero Band""",[0.8481141924858093],"[0, 0, 0, 0]"
244.940762997,,16738,,1583006549,793536901,"""Zero Band""",[0.8263978958129883],"[0, 0, 0, 0]"
244.947960615,,16739,,1583006549,798739910,"""Zero Band""",[0.8047136664390564],"[0, 0, 0, 0]"
244.95330596,,16740,,1583006549,805937051,"""Zero Band""",[0.7721391916275024],"[0, 0, 0, 0]"
244.959075212,,16741,,1583006549,810982942,"""Zero Band""",[0.7504549622535706],"[0, 0, 0, 0]"
244.966132641,,16742,,1583006549,816950082,"""Zero Band""",[0.7287386655807495],"[0, 0, 0, 0]"
244.97091794,,16743,,1583006549,824117898,"""Zero Band""",[0.6961962580680847],"[0, 0, 0, 0]"
244.9769032,,16744,,1583006549,828896999,"""Zero Band""",[0.6744799613952637],"[0, 0, 0, 0]"
244.98427248,,16745,,1583006549,834908008,"""Zero Band""",[0.6527636051177979],"[0, 0, 0, 0]"
244.989671707,,16746,,1583006549,841932058,"""Zero Band""",[0.6202212572097778],"[0, 0, 0, 0]"
244.998141766,,16747,,1583006549,847964048,"""Zero Band""",[0.598504900932312],"[0, 0, 0, 0]"
245.003955126,,16748,,1583006549,856142997,"""Zero Band""",[0.5768207311630249],"[0, 0, 0, 0]"
245.008682966,,16749,,1583006549,861932992,"""Zero Band""",[0.5551043748855591],"[0, 0, 0, 0]"
245.013941288,,16750,,1583006549,866669893,"""Zero Band""",[0.5442461967468262],"[0, 0, 0, 0]"
245.019037724,,16751,,1583006549,871864080,"""Zero Band""",[0.5225620269775391],"[0, 0, 0, 0]"
245.024884462,,16752,,1583006549,877042055,"""Zero Band""",[0.5117038488388062],"[0, 0, 0, 0]"
245.031861544,,16753,,1583006549,882862091,"""Zero Band""",[0.5008456707000732],"[0, 0, 0, 0]"
245.032935381,,16754,,1583006549,889817953,"""Soft-Hard Sip Deadband""",[0.4791293442249298],"[0, 0, 0, 0]"
245.033859253,,16755,,1583006549,890939950,"""Soft-Hard Sip Deadband""",[0.4683033227920532],"[0, 0, 0, 0]"
245.034923077,,16756,,1583006549,891825914,"""Soft-Hard Sip Deadband""",[0.4574451446533203],"[0, 0, 0, 0]"
245.035859585,,16757,,1583006549,892899036,"""Soft-Hard Sip Deadband""",[0.4357288181781769],"[0, 0, 0, 0]"
245.036592007,,16758,,1583006549,893856048,"""Soft-Hard Sip Deadband""",[0.42487066984176636],"[0, 0, 0, 0]"
245.03725934,,16759,,1583006549,894565105,"""Soft-Hard Sip Deadband""",[0.4140446186065674],"[0, 0, 0, 0]"
245.037917376,,16760,,1583006549,895239114,"""Soft-Hard Sip Deadband""",[0.42487066984176636],"[0, 0, 0, 0]"
245.038615227,,16761,,1583006549,895895004,"""Soft-Hard Sip Deadband""",[0.4357288181781769],"[0, 0, 0, 0]"
245.039508343,,16762,,1583006549,896799087,"""Soft-Hard Sip Deadband""",[0.4465869963169098],"[0, 0, 0, 0]"
245.04041481,,16763,,1583006549,897480964,"""Soft-Hard Sip Deadband""",[0.4574451446533203],"[0, 0, 0, 0]"
245.041189194,,16764,,1583006549,898394107,"""Soft-Hard Sip Deadband""",[0.4683033227920532],"[0, 0, 0, 0]"
245.042200565,,16765,,1583006549,899161100,"""Soft-Hard Sip Deadband""",[0.4791293442249298],"[0, 0, 0, 0]"
245.043476343,,16766,,1583006549,900171995,"""Soft-Hard Sip Deadband""",[0.4899875223636627],"[0, 0, 0, 0]"
245.048468351,,16767,,1583006549,901462078,"""Zero Band""",[0.5008456707000732],"[0, 0, 0, 0]"
245.05396986,,16768,,1583006549,906339883,"""Zero Band""",[0.5225620269775391],"[0, 0, 0, 0]"
245.061004162,,16769,,1583006549,911984920,"""Zero Band""",[0.5442461967468262],"[0, 0, 0, 0]"
245.066672325,,16770,,1583006549,918977022,"""Zero Band""",[0.565962553024292],"[0, 0, 0, 0]"
245.071359873,,16771,,1583006549,924679040,"""Zero Band""",[0.5768207311630249],"[0, 0, 0, 0]"
245.076464891,,16772,,1583006549,929339885,"""Zero Band""",[0.6093630790710449],"[0, 0, 0, 0]"
245.081850052,,16773,,1583006549,934446096,"""Zero Band""",[0.6202212572097778],"[0, 0, 0, 0]"
245.087552786,,16774,,1583006549,939727067,"""Zero Band""",[0.6419375538825989],"[0, 0, 0, 0]"
245.093427658,,16775,,1583006549,945519924,"""Zero Band""",[0.6744799613952637],"[0, 0, 0, 0]"
245.09966898,,16776,,1583006549,951407909,"""Zero Band""",[0.6961962580680847],"[0, 0, 0, 0]"
245.103949308,,16777,,1583006549,957672119,"""Zero Band""",[0.7287386655807495],"[0, 0, 0, 0]"
245.109242439,,16778,,1583006549,961945056,"""Zero Band""",[0.7613131403923035],"[0, 0, 0, 0]"
245.11464572,,16779,,1583006549,967252016,"""Zero Band""",[0.7829973101615906],"[0, 0, 0, 0]"
245.12103796,,16780,,1583006549,972625017,"""Zero Band""",[0.8047136664390564],"[0, 0, 0, 0]"
245.126386642,,16781,,1583006549,979022026,"""Zero Band""",[0.8481141924858093],"[0, 0, 0, 0]"
245.131817818,,16782,,1583006549,984498977,"""Zero Band""",[0.8698305487632751],"[0, 0, 0, 0]"
245.137179852,,16783,,1583006549,989710092,"""Zero Band""",[0.8915147185325623],"[0, 0, 0, 0]"
245.142180681,,16784,,1583006549,995157003,"""Zero Band""",[0.9132310748100281],"[0, 0, 0, 0]"
245.149157047,,16785,,1583006550,159025,"""Zero Band""",[0.9349473714828491],"[0, 0, 0, 0]"
245.156908035,,16786,,1583006550,7181882,"""Zero Band""",[0.956631600856781],"[0, 0, 0, 0]"
245.162626505,,16787,,1583006550,14905929,"""Zero Band""",[0.978347897529602],"[0, 0, 0, 0]"
245.167873383,,16788,,1583006550,20638942,"""Zero Band""",[0.989206075668335],"[0, 0, 0, 0]"
245.173559189,,16789,,1583006550,25883913,"""Zero Band""",[1.0],"[0, 0, 0, 0]"
245.256753206,,16790,,1583006550,109426021,"""Zero Band""",[0.9674897789955139],"[0, 0, 0, 0]"
245.262909889,,16791,,1583006550,114811897,"""Zero Band""",[0.924089252948761],"[0, 0, 0, 0]"
245.268506765,,16792,,1583006550,120949983,"""Zero Band""",[0.8806886672973633],"[0, 0, 0, 0]"
245.273263693,,16793,,1583006550,126558065,"""Zero Band""",[0.8372560143470764],"[0, 0, 0, 0]"
245.28025651,,16794,,1583006550,131359100,"""Zero Band""",[0.8047136664390564],"[0, 0, 0, 0]"
245.286924362,,16795,,1583006550,138242006,"""Zero Band""",[0.7613131403923035],"[0, 0, 0, 0]"
245.292791843,,16796,,1583006550,144906997,"""Zero Band""",[0.7178804874420166],"[0, 0, 0, 0]"
245.300368547,,16797,,1583006550,150856018,"""Zero Band""",[0.6744799613952637],"[0, 0, 0, 0]"
245.306363106,,16798,,1583006550,158189058,"""Zero Band""",[0.6310794353485107],"[0, 0, 0, 0]"
245.311951876,,16799,,1583006550,164479970,"""Zero Band""",[0.587678849697113],"[0, 0, 0, 0]"
245.318840981,,16800,,1583006550,169917106,"""Zero Band""",[0.5551043748855591],"[0, 0, 0, 0]"
245.325213432,,16801,,1583006550,176820993,"""Zero Band""",[0.5117038488388062],"[0, 0, 0, 0]"
245.326129198,,16802,,1583006550,183228015,"""Soft-Hard Sip Deadband""",[0.4683033227920532],"[0, 0, 0, 0]"
245.326869249,,16803,,1583006550,184102058,"""Soft-Hard Sip Deadband""",[0.42487066984176636],"[0, 0, 0, 0]"
245.327661037,,16804,,1583006550,184842109,"""Soft-Hard Sip Deadband""",[0.39232829213142395],"[0, 0, 0, 0]"
245.328569651,,16805,,1583006550,185626029,"""Soft-Hard Sip Deadband""",[0.348927766084671],"[0, 0, 0, 0]"
245.329446316,,16806,,1583006550,186634063,"""Soft-Hard Sip Deadband""",[0.3163532614707947],"[0, 0, 0, 0]"
245.334868431,,16807,,1583006550,187380075,"""Soft Sip""",[0.28381088376045227],"[0, 0, 1, 0]"
245.339410067,,16808,,1583006550,192832946,"""Soft Sip""",[0.2403782308101654],"[0, 0, 1, 0]"
245.34545517,,16809,,1583006550,197391033,"""Soft Sip""",[0.2078358680009842],"[0, 0, 1, 0]"
245.351651192,,16810,,1583006550,203423976,"""Soft Sip""",[0.18611954152584076],"[0, 0, 1, 0]"
245.357815504,,16811,,1583006550,209788084,"""Soft Sip""",[0.15357716381549835],"[0, 0, 1, 0]"
245.363443375,,16812,,1583006550,215555906,"""Soft Sip""",[0.12103480100631714],"[0, 0, 1, 0]"
245.370236397,,16813,,1583006550,221473932,"""Soft Sip""",[0.0993184745311737],"[0, 0, 1, 0]"
245.375259876,,16814,,1583006550,228235006,"""Soft Sip""",[0.07760214805603027],"[0, 0, 1, 0]"
245.380818129,,16815,,1583006550,233238935,"""Soft Sip""",[0.05591794103384018],"[0, 0, 1, 0]"
245.386523247,,16816,,1583006550,238805055,"""Soft Sip""",[0.03420161083340645],"[0, 0, 1, 0]"
245.391468525,,16817,,1583006550,244508028,"""Soft Sip""",[0.012485282495617867],"[0, 0, 1, 0]"
245.392174006,,16818,,1583006550,249341011,"""Zero Band""",[0.0016592431347817183],"[0, 0, 0, 0]"
245.392891169,,16819,,1583006550,250149011,"""Zero Band""",[-0.0],"[0, 0, 0, 0]"
245.393720388,,16820,,1583006550,250967979,"""Zero Band""",[-0.0],"[0, 0, 0, 0]"
245.394673824,,16821,,1583006550,251691102,"""Zero Band""",[-0.0],"[0, 0, 0, 0]"
245.395519972,,16822,,1583006550,252640008,"""Zero Band""",[-0.0],"[0, 0, 0, 0]"
245.396337271,,16823,,1583006550,253494977,"""Zero Band""",[-0.0],"[0, 0, 0, 0]"
245.396481037,,16824,,1583006550,253494977,"""input stopped""",[-0.0],"[0, 0, 0, 0]"
245.751449585,,16825,,1583006550,608355045,"""Zero Band""",[-0.0],"[0, 0, 0, 0]"
245.754302979,,16826,,1583006550,611289024,"""Zero Band""",[-0.0],"[0, 0, 0, 0]"
245.758444548,,16827,,1583006550,615319013,"""Zero Band""",[-0.0],"[0, 0, 0, 0]"
245.760448933,,16828,,1583006550,617322921,"""Zero Band""",[-0.0],"[0, 0, 0, 0]"
245.762448788,,16829,,1583006550,619292020,"""Zero Band""",[0.0016592431347817183],"[0, 0, 0, 0]"
245.770943642,,16830,,1583006550,623287916,"""Zero Band""",[0.012485282495617867],"[0, 0, 0, 0]"
245.776629925,,16831,,1583006550,629021883,"""Zero Band""",[0.03420161083340645],"[0, 0, 0, 0]"
245.780979633,,16832,,1583006550,634639978,"""Zero Band""",[0.04505977779626846],"[0, 0, 0, 0]"
245.787695169,,16833,,1583006550,639076948,"""Zero Band""",[0.06674397736787796],"[0, 0, 0, 0]"
245.79325366,,16834,,1583006550,645678997,"""Zero Band""",[0.07760214805603027],"[0, 0, 0, 0]"
245.799266338,,16835,,1583006550,651240110,"""Zero Band""",[0.0993184745311737],"[0, 0, 0, 0]"
245.806044817,,16836,,1583006550,657257080,"""Zero Band""",[0.12103480100631714],"[0, 0, 0, 0]"
245.812080383,,16837,,1583006550,664180040,"""Zero Band""",[0.14271900057792664],"[0, 0, 0, 0]"
245.816629648,,16838,,1583006550,669934988,"""Zero Band""",[0.15357716381549835],"[0, 0, 0, 0]"
245.821723223,,16839,,1583006550,674616098,"""Zero Band""",[0.17529350519180298],"[0, 0, 0, 0]"
245.829269171,,16840,,1583006550,679743051,"""Zero Band""",[0.19697770476341248],"[0, 0, 0, 0]"
245.834860802,,16841,,1583006550,686769008,"""Zero Band""",[0.2186940312385559],"[0, 0, 0, 0]"
245.840537071,,16842,,1583006550,692931890,"""Zero Band""",[0.22955219447612762],"[0, 0, 0, 0]"
245.847795248,,16843,,1583006550,698524951,"""Zero Band""",[0.2403782308101654],"[0, 0, 0, 0]"
245.853299141,,16844,,1583006550,705413103,"""Zero Band""",[0.26209455728530884],"[0, 0, 0, 0]"
245.859963655,,16845,,1583006550,711283922,"""Zero Band""",[0.27295273542404175],"[0, 0, 0, 0]"
245.869199991,,16846,,1583006550,717936038,"""Zero Band""",[0.28381088376045227],"[0, 0, 0, 0]"
245.874865532,,16847,,1583006550,727319955,"""Zero Band""",[0.2946690618991852],"[0, 0, 0, 0]"
245.875700712,,16848,,1583006550,732867956,"""Soft-Hard Sip Deadband""",[0.30549511313438416],"[0, 0, 0, 0]"
245.876553059,,16849,,1583006550,733680009,"""Soft-Hard Sip Deadband""",[0.3163532614707947],"[0, 0, 0, 0]"
245.877385616,,16850,,1583006550,734522104,"""Soft-Hard Sip Deadband""",[0.3272114396095276],"[0, 0, 0, 0]"
245.878185749,,16851,,1583006550,735362052,"""Soft-Hard Sip Deadband""",[0.3380695879459381],"[0, 0, 0, 0]"
245.879751205,,16852,,1583006550,736159086,"""Soft-Hard Sip Deadband""",[0.3597537875175476],"[0, 0, 0, 0]"
245.880397081,,16853,,1583006550,737421989,"""Soft-Hard Sip Deadband""",[0.3706119656562805],"[0, 0, 0, 0]"
245.881225824,,16854,,1583006550,738373041,"""Soft-Hard Sip Deadband""",[0.38147011399269104],"[0, 0, 0, 0]"
245.881886482,,16855,,1583006550,739120006,"""Soft-Hard Sip Deadband""",[0.39232829213142395],"[0, 0, 0, 0]"
245.882702351,,16856,,1583006550,740011930,"""Soft-Hard Sip Deadband""",[0.4031864404678345],"[0, 0, 0, 0]"
245.883414268,,16857,,1583006550,740674972,"""Soft-Hard Sip Deadband""",[0.4140446186065674],"[0, 0, 0, 0]"
245.88415575,,16858,,1583006550,741406917,"""Soft-Hard Sip Deadband""",[0.42487066984176636],"[0, 0, 0, 0]"
245.884913683,,16859,,1583006550,742121934,"""Soft-Hard Sip Deadband""",[0.4357288181781769],"[0, 0, 0, 0]"
245.885620356,,16860,,1583006550,742893934,"""Soft-Hard Sip Deadband""",[0.4465869963169098],"[0, 0, 0, 0]"
245.88635087,,16861,,1583006550,743597030,"""Soft-Hard Sip Deadband""",[0.4683033227920532],"[0, 0, 0, 0]"
245.887101173,,16862,,1583006550,744324922,"""Soft-Hard Sip Deadband""",[0.4791293442249298],"[0, 0, 0, 0]"
245.887838125,,16863,,1583006550,745064973,"""Soft-Hard Sip Deadband""",[0.4899875223636627],"[0, 0, 0, 0]"
245.894133091,,16864,,1583006550,745809078,"""Hard Sip""",[0.5117038488388062],"[0, 0, 0, 1]"
245.900783062,,16865,,1583006550,752115964,"""Hard Sip""",[0.5225620269775391],"[0, 0, 0, 1]"
245.905207396,,16866,,1583006550,758764028,"""Hard Sip""",[0.5442461967468262],"[0, 0, 0, 1]"
245.910367966,,16867,,1583006550,763319969,"""Hard Sip""",[0.565962553024292],"[0, 0, 0, 1]"
245.915558815,,16868,,1583006550,768346071,"""Hard Sip""",[0.587678849697113],"[0, 0, 0, 1]"
245.921272755,,16869,,1583006550,773539066,"""Hard Sip""",[0.6093630790710449],"[0, 0, 0, 1]"
245.926302671,,16870,,1583006550,779248952,"""Hard Sip""",[0.6202212572097778],"[0, 0, 0, 1]"
245.933631182,,16871,,1583006550,784265995,"""Zero Band""",[0.6310794353485107],"[0, 0, 0, 0]"
245.939750433,,16872,,1583006550,791650056,"""Zero Band""",[0.6527636051177979],"[0, 0, 0, 0]"
245.945069075,,16873,,1583006550,797947883,"""Zero Band""",[0.6744799613952637],"[0, 0, 0, 0]"
245.951527357,,16874,,1583006550,803071975,"""Zero Band""",[0.6853380799293518],"[0, 0, 0, 0]"
245.956270218,,16875,,1583006550,809504032,"""Zero Band""",[0.7070544362068176],"[0, 0, 0, 0]"
245.961750746,,16876,,1583006550,814234018,"""Zero Band""",[0.7287386655807495],"[0, 0, 0, 0]"
245.968693495,,16877,,1583006550,819731950,"""Zero Band""",[0.7395967841148376],"[0, 0, 0, 0]"
245.974413872,,16878,,1583006550,826680898,"""Zero Band""",[0.7613131403923035],"[0, 0, 0, 0]"
245.979975939,,16879,,1583006550,832396030,"""Zero Band""",[0.7721391916275024],"[0, 0, 0, 0]"
245.986566544,,16880,,1583006550,837945938,"""Zero Band""",[0.7829973101615906],"[0, 0, 0, 0]"
245.993911028,,16881,,1583006550,844892978,"""Zero Band""",[0.7938554883003235],"[0, 0, 0, 0]"
246.000056267,,16882,,1583006550,851921081,"""Zero Band""",[0.8047136664390564],"[0, 0, 0, 0]"
246.005770683,,16883,,1583006550,857770919,"""Zero Band""",[0.8155718445777893],"[0, 0, 0, 0]"
246.012312651,,16884,,1583006550,863780021,"""Zero Band""",[0.8263978958129883],"[0, 0, 0, 0]"
246.019586086,,16885,,1583006550,870286941,"""Zero Band""",[0.8372560143470764],"[0, 0, 0, 0]"
246.026014805,,16886,,1583006550,877640008,"""Zero Band""",[0.8481141924858093],"[0, 0, 0, 0]"
246.032454014,,16887,,1583006550,883997917,"""Zero Band""",[0.8589723706245422],"[0, 0, 0, 0]"
246.038652182,,16888,,1583006550,890413999,"""Zero Band""",[0.8481141924858093],"[0, 0, 0, 0]"
246.045619249,,16889,,1583006550,896677970,"""Zero Band""",[0.8372560143470764],"[0, 0, 0, 0]"
246.053809881,,16890,,1583006550,903594970,"""Zero Band""",[0.8263978958129883],"[0, 0, 0, 0]"
246.059054613,,16891,,1583006550,911766052,"""Zero Band""",[0.8155718445777893],"[0, 0, 0, 0]"
246.065493107,,16892,,1583006550,917035102,"""Zero Band""",[0.8047136664390564],"[0, 0, 0, 0]"
246.072047234,,16893,,1583006550,923324108,"""Zero Band""",[0.7938554883003235],"[0, 0, 0, 0]"
246.077325821,,16894,,1583006550,930023908,"""Zero Band""",[0.7829973101615906],"[0, 0, 0, 0]"
246.082540751,,16895,,1583006550,935303926,"""Zero Band""",[0.7721391916275024],"[0, 0, 0, 0]"
246.090138197,,16896,,1583006550,940541028,"""Zero Band""",[0.7613131403923035],"[0, 0, 0, 0]"
246.097082853,,16897,,1583006550,948122978,"""Zero Band""",[0.7395967841148376],"[0, 0, 0, 0]"
246.102574348,,16898,,1583006550,955334901,"""Zero Band""",[0.7287386655807495],"[0, 0, 0, 0]"
246.10824585,,16899,,1583006550,960287094,"""Zero Band""",[0.7178804874420166],"[0, 0, 0, 0]"
246.113116026,,16900,,1583006550,966260910,"""Zero Band""",[0.6961962580680847],"[0, 0, 0, 0]"
246.119265318,,16901,,1583006550,971087932,"""Zero Band""",[0.6853380799293518],"[0, 0, 0, 0]"
246.126874208,,16902,,1583006550,977245092,"""Zero Band""",[0.6636217832565308],"[0, 0, 0, 0]"
246.132171631,,16903,,1583006550,984850883,"""Zero Band""",[0.6419375538825989],"[0, 0, 0, 0]"
246.137996912,,16904,,1583006550,990149974,"""Zero Band""",[0.6310794353485107],"[0, 0, 0, 0]"
246.145241499,,16905,,1583006550,995965957,"""Zero Band""",[0.598504900932312],"[0, 0, 0, 0]"
246.150461912,,16906,,1583006551,3079891,"""Zero Band""",[0.5768207311630249],"[0, 0, 0, 0]"
246.157209396,,16907,,1583006551,8416891,"""Zero Band""",[0.5551043748855591],"[0, 0, 0, 0]"
246.164068937,,16908,,1583006551,15173912,"""Zero Band""",[0.5225620269775391],"[0, 0, 0, 0]"
246.169281244,,16909,,1583006551,22052049,"""Zero Band""",[0.5008456707000732],"[0, 0, 0, 0]"
246.170151949,,16910,,1583006551,27292013,"""Soft-Hard Sip Deadband""",[0.4683033227920532],"[0, 0, 0, 0]"
246.170866966,,16911,,1583006551,28129100,"""Soft-Hard Sip Deadband""",[0.4465869963169098],"[0, 0, 0, 0]"
246.171736717,,16912,,1583006551,28846979,"""Soft-Hard Sip Deadband""",[0.4140446186065674],"[0, 0, 0, 0]"
246.172697067,,16913,,1583006551,29697895,"""Soft-Hard Sip Deadband""",[0.38147011399269104],"[0, 0, 0, 0]"
246.17346406,,16914,,1583006551,30637979,"""Soft-Hard Sip Deadband""",[0.348927766084671],"[0, 0, 0, 0]"
246.174188852,,16915,,1583006551,31450033,"""Soft-Hard Sip Deadband""",[0.3272114396095276],"[0, 0, 0, 0]"
246.180151939,,16916,,1583006551,32160043,"""Zero Band""",[0.28381088376045227],"[0, 0, 0, 0]"
246.18564105,,16917,,1583006551,38139104,"""Zero Band""",[0.26209455728530884],"[0, 0, 0, 0]"
246.191740274,,16918,,1583006551,43622970,"""Zero Band""",[0.22955219447612762],"[0, 0, 0, 0]"
246.196585894,,16919,,1583006551,49634933,"""Zero Band""",[0.19697770476341248],"[0, 0, 0, 0]"
246.202014685,,16920,,1583006551,54563045,"""Zero Band""",[0.16443534195423126],"[0, 0, 0, 0]"
246.207780361,,16921,,1583006551,59858083,"""Zero Band""",[0.14271900057792664],"[0, 0, 0, 0]"
246.212695837,,16922,,1583006551,65758943,"""Zero Band""",[0.11017663776874542],"[0, 0, 0, 0]"
246.218017101,,16923,,1583006551,70677042,"""Zero Band""",[0.08846031129360199],"[0, 0, 0, 0]"
246.223180056,,16924,,1583006551,75994968,"""Zero Band""",[0.06674397736787796],"[0, 0, 0, 0]"
246.22914052,,16925,,1583006551,81156015,"""Zero Band""",[0.03420161083340645],"[0, 0, 0, 0]"
246.233752251,,16926,,1583006551,87146997,"""Zero Band""",[0.023343447595834732],"[0, 0, 0, 0]"
246.234602213,,16927,,1583006551,91732978,"""Zero Band""",[0.0016592431347817183],"[0, 0, 0, 0]"
246.235468864,,16928,,1583006551,92617988,"""Zero Band""",[-0.0],"[0, 0, 0, 0]"
246.236290455,,16929,,1583006551,93453884,"""Zero Band""",[-0.0],"[0, 0, 0, 0]"
246.237143993,,16930,,1583006551,94276905,"""Zero Band""",[-0.0],"[0, 0, 0, 0]"
246.237974882,,16931,,1583006551,95124006,"""Zero Band""",[-0.0],"[0, 0, 0, 0]"
246.238064528,,16932,,1583006551,95124006,"""input stopped""",[-0.0],"[0, 0, 0, 0]"
246.827502728,,16933,,1583006551,684324979,"""Zero Band""",[-0.0],"[0, 0, 0, 0]"
246.830589294,,16934,,1583006551,687335014,"""Zero Band""",[-0.0],"[0, 0, 0, 0]"
246.832163095,,16935,,1583006551,689317941,"""Zero Band""",[-0.0],"[0, 0, 0, 0]"
246.834156513,,16936,,1583006551,691322088,"""Zero Band""",[-0.0],"[0, 0, 0, 0]"
246.838265896,,16937,,1583006551,695333957,"""Zero Band""",[-0.0],"[0, 0, 0, 0]"
246.840009451,,16938,,1583006551,697290897,"""Zero Band""",[-0.0016271184431388974],"[0, 0, 0, 0]"
246.848147631,,16939,,1583006551,699280977,"""Soft Puff""",[-0.012453158386051655],"[0, 1, 0, 0]"
246.854540825,,16940,,1583006551,706056118,"""Soft Puff""",[-0.023311322554945946],"[0, 1, 0, 0]"
246.859684467,,16941,,1583006551,712529897,"""Soft Puff""",[-0.03416948765516281],"[0, 1, 0, 0]"
246.866039276,,16942,,1583006551,717789888,"""Soft Puff""",[-0.055885814130306244],"[0, 1, 0, 0]"
246.872293234,,16943,,1583006551,724061012,"""Soft Puff""",[-0.06671185791492462],"[0, 1, 0, 0]"
246.878671408,,16944,,1583006551,730273008,"""Soft Puff""",[-0.07757002115249634],"[0, 1, 0, 0]"
246.885815382,,16945,,1583006551,736691951,"""Soft Puff""",[-0.09928634762763977],"[0, 1, 0, 0]"
246.891958714,,16946,,1583006551,743931055,"""Soft Puff""",[-0.11014451086521149],"[0, 1, 0, 0]"
246.899015188,,16947,,1583006551,749942064,"""Soft Puff""",[-0.1210026741027832],"[0, 1, 0, 0]"
246.904845238,,16948,,1583006551,757018089,"""Soft Puff""",[-0.13182871043682098],"[0, 1, 0, 0]"
246.910748959,,16949,,1583006551,762546062,"""Soft Puff""",[-0.1535450518131256],"[0, 1, 0, 0]"
246.916297436,,16950,,1583006551,768860101,"""Soft Puff""",[-0.16440321505069733],"[0, 1, 0, 0]"
246.921380997,,16951,,1583006551,774141073,"""Soft Puff""",[-0.17526137828826904],"[0, 1, 0, 0]"
246.926334381,,16952,,1583006551,779510974,"""Soft Puff""",[-0.18608741462230682],"[0, 1, 0, 0]"
246.932000875,,16953,,1583006551,784333944,"""Soft Puff""",[-0.19694557785987854],"[0, 1, 0, 0]"
246.938081503,,16954,,1583006551,789978027,"""Soft Puff""",[-0.20780374109745026],"[0, 1, 0, 0]"
246.943958759,,16955,,1583006551,796063899,"""Soft Puff""",[-0.21866190433502197],"[0, 1, 0, 0]"
246.950013399,,16956,,1583006551,802005052,"""Soft Puff""",[-0.2295200675725937],"[0, 1, 0, 0]"
246.956138611,,16957,,1583006551,808039903,"""Soft Puff""",[-0.24034611880779266],"[0, 1, 0, 0]"
246.961220264,,16958,,1583006551,814227104,"""Soft Puff""",[-0.2512042820453644],"[0, 1, 0, 0]"
246.967802048,,16959,,1583006551,819266080,"""Soft Puff""",[-0.2620624303817749],"[0, 1, 0, 0]"
246.973914385,,16960,,1583006551,825844049,"""Soft Puff""",[-0.2729206085205078],"[0, 1, 0, 0]"
246.992916107,,16961,,1583006551,845381021,"""Soft Puff""",[-0.28377875685691833],"[0, 1, 0, 0]"
247.041527987,,16962,,1583006551,893403053,"""Soft Puff""",[-0.2729206085205078],"[0, 1, 0, 0]"
247.064880848,,16963,,1583006551,915390014,"""Soft Puff""",[-0.28377875685691833],"[0, 1, 0, 0]"
247.073974609,,16964,,1583006551,925343036,"""Soft Puff""",[-0.29463693499565125],"[0, 1, 0, 0]"
247.082533598,,16965,,1583006551,939459085,"""Soft-Hard Puff Deadband""",[-0.3054629862308502],"[0, 0, 0, 0]"
247.090284109,,16966,,1583006551,947307109,"""Soft-Hard Puff Deadband""",[-0.31632113456726074],"[0, 0, 0, 0]"
247.092036724,,16967,,1583006551,949239969,"""Soft-Hard Puff Deadband""",[-0.32717931270599365],"[0, 0, 0, 0]"
247.098127604,,16968,,1583006551,955293893,"""Soft-Hard Puff Deadband""",[-0.3380374610424042],"[0, 0, 0, 0]"
247.106829882,,16969,,1583006551,963423013,"""Soft-Hard Puff Deadband""",[-0.3488956391811371],"[0, 0, 0, 0]"
247.11431241,,16970,,1583006551,971297025,"""Soft-Hard Puff Deadband""",[-0.35972166061401367],"[0, 0, 0, 0]"
247.122645855,,16971,,1583006551,979398012,"""Soft-Hard Puff Deadband""",[-0.3705798387527466],"[0, 0, 0, 0]"
247.134464979,,16972,,1583006551,991344928,"""Soft-Hard Puff Deadband""",[-0.3814379870891571],"[0, 0, 0, 0]"
247.144472122,,16973,,1583006552,1347064,"""Soft-Hard Puff Deadband""",[-0.39229616522789],"[0, 0, 0, 0]"
247.150611162,,16974,,1583006552,7339954,"""Soft-Hard Puff Deadband""",[-0.4031543433666229],"[0, 0, 0, 0]"
247.154171944,,16975,,1583006552,11298894,"""Soft-Hard Puff Deadband""",[-0.41401249170303345],"[0, 0, 0, 0]"
247.160274982,,16976,,1583006552,17350912,"""Soft-Hard Puff Deadband""",[-0.4248385429382324],"[0, 0, 0, 0]"
247.166470051,,16977,,1583006552,23336887,"""Soft-Hard Puff Deadband""",[-0.43569669127464294],"[0, 0, 0, 0]"
247.170297384,,16978,,1583006552,27329921,"""Soft-Hard Puff Deadband""",[-0.44655486941337585],"[0, 0, 0, 0]"
247.176906824,,16979,,1583006552,33267021,"""Soft-Hard Puff Deadband""",[-0.4574130177497864],"[0, 0, 0, 0]"
247.180379629,,16980,,1583006552,37357091,"""Soft-Hard Puff Deadband""",[-0.4682711958885193],"[0, 0, 0, 0]"
247.212828636,,16981,,1583006552,69437980,"""Soft-Hard Puff Deadband""",[-0.4574130177497864],"[0, 0, 0, 0]"
247.218300581,,16982,,1583006552,75294971,"""Soft-Hard Puff Deadband""",[-0.44655486941337585],"[0, 0, 0, 0]"
247.220241547,,16983,,1583006552,77302932,"""Soft-Hard Puff Deadband""",[-0.4574130177497864],"[0, 0, 0, 0]"
247.222100258,,16984,,1583006552,79261064,"""Soft-Hard Puff Deadband""",[-0.44655486941337585],"[0, 0, 0, 0]"
247.232345343,,16985,,1583006552,89374065,"""Soft-Hard Puff Deadband""",[-0.43569669127464294],"[0, 0, 0, 0]"
247.236200094,,16986,,1583006552,93306064,"""Soft-Hard Puff Deadband""",[-0.4248385429382324],"[0, 0, 0, 0]"
247.244246721,,16987,,1583006552,101325035,"""Soft-Hard Puff Deadband""",[-0.41401249170303345],"[0, 0, 0, 0]"
247.246507406,,16988,,1583006552,103339910,"""Soft-Hard Puff Deadband""",[-0.4031543433666229],"[0, 0, 0, 0]"
247.25245142,,16989,,1583006552,109353065,"""Soft-Hard Puff Deadband""",[-0.39229616522789],"[0, 0, 0, 0]"
247.256172419,,16990,,1583006552,113301038,"""Soft-Hard Puff Deadband""",[-0.3814379870891571],"[0, 0, 0, 0]"
247.258076191,,16991,,1583006552,115298032,"""Soft-Hard Puff Deadband""",[-0.3705798387527466],"[0, 0, 0, 0]"
247.262569427,,16992,,1583006552,119369029,"""Soft-Hard Puff Deadband""",[-0.35972166061401367],"[0, 0, 0, 0]"
247.266115427,,16993,,1583006552,123291015,"""Soft-Hard Puff Deadband""",[-0.3488956391811371],"[0, 0, 0, 0]"
247.270083189,,16994,,1583006552,127291917,"""Soft-Hard Puff Deadband""",[-0.3380374610424042],"[0, 0, 0, 0]"
247.272193909,,16995,,1583006552,129267930,"""Soft-Hard Puff Deadband""",[-0.32717931270599365],"[0, 0, 0, 0]"
247.274120092,,16996,,1583006552,131266117,"""Soft-Hard Puff Deadband""",[-0.31632113456726074],"[0, 0, 0, 0]"
247.27842474,,16997,,1583006552,135365962,"""Soft-Hard Puff Deadband""",[-0.3054629862308502],"[0, 0, 0, 0]"
247.284787416,,16998,,1583006552,137330055,"""Soft Puff""",[-0.29463693499565125],"[0, 1, 0, 0]"
247.290243864,,16999,,1583006552,142863988,"""Soft Puff""",[-0.2729206085205078],"[0, 1, 0, 0]"
247.29502368,,17000,,1583006552,148272037,"""Soft Puff""",[-0.2620624303817749],"[0, 1, 0, 0]"
247.302669525,,17001,,1583006552,153094053,"""Soft Puff""",[-0.2512042820453644],"[0, 1, 0, 0]"
247.308791399,,17002,,1583006552,160653114,"""Soft Puff""",[-0.24034611880779266],"[0, 1, 0, 0]"
247.314980268,,17003,,1583006552,166805982,"""Soft Puff""",[-0.21866190433502197],"[0, 1, 0, 0]"
247.320386887,,17004,,1583006552,173080921,"""Soft Puff""",[-0.20780374109745026],"[0, 1, 0, 0]"
247.326542377,,17005,,1583006552,178363084,"""Soft Puff""",[-0.19694557785987854],"[0, 1, 0, 0]"
247.332196474,,17006,,1583006552,184521913,"""Soft Puff""",[-0.17526137828826904],"[0, 1, 0, 0]"
247.33770895,,17007,,1583006552,190171003,"""Soft Puff""",[-0.16440321505069733],"[0, 1, 0, 0]"
247.342553377,,17008,,1583006552,195664882,"""Soft Puff""",[-0.1426868885755539],"[0, 1, 0, 0]"
247.348586798,,17009,,1583006552,200532913,"""Soft Puff""",[-0.13182871043682098],"[0, 1, 0, 0]"
247.35427475,,17010,,1583006552,206646919,"""Soft Puff""",[-0.11014451086521149],"[0, 1, 0, 0]"
247.359114885,,17011,,1583006552,212250947,"""Soft Puff""",[-0.09928634762763977],"[0, 1, 0, 0]"
247.36500144,,17012,,1583006552,217319965,"""Soft Puff""",[-0.08842818439006805],"[0, 1, 0, 0]"
247.370182753,,17013,,1583006552,223010063,"""Soft Puff""",[-0.07757002115249634],"[0, 1, 0, 0]"
247.375912189,,17014,,1583006552,228157043,"""Soft Puff""",[-0.055885814130306244],"[0, 1, 0, 0]"
247.382736444,,17015,,1583006552,233896970,"""Soft Puff""",[-0.04502765089273453],"[0, 1, 0, 0]"
247.387763977,,17016,,1583006552,240770101,"""Soft Puff""",[-0.03416948765516281],"[0, 1, 0, 0]"
247.3937428,,17017,,1583006552,245738983,"""Soft Puff""",[-0.023311322554945946],"[0, 1, 0, 0]"
247.400585413,,17018,,1583006552,251730918,"""Soft Puff""",[-0.012453158386051655],"[0, 1, 0, 0]"
247.401466846,,17019,,1583006552,258565902,"""Zero Band""",[-0.0016271184431388974],"[0, 0, 0, 0]"
247.402274609,,17020,,1583006552,259440898,"""Zero Band""",[-0.0],"[0, 0, 0, 0]"
247.403019905,,17021,,1583006552,260262012,"""Zero Band""",[-0.0],"[0, 0, 0, 0]"
247.403857946,,17022,,1583006552,260997056,"""Zero Band""",[-0.0],"[0, 0, 0, 0]"
247.404809237,,17023,,1583006552,261938095,"""Zero Band""",[-0.0],"[0, 0, 0, 0]"
247.405729771,,17024,,1583006552,262769937,"""Zero Band""",[-0.0],"[0, 0, 0, 0]"
247.406806707,,17025,,1583006552,263719081,"""Zero Band""",[-0.0],"[0, 0, 0, 0]"
247.407991886,,17026,,1583006552,264692068,"""Zero Band""",[-0.0],"[0, 0, 0, 0]"
247.409152985,,17027,,1583006552,265993118,"""Zero Band""",[-0.0],"[0, 0, 0, 0]"
247.416679382,,17028,,1583006552,273426055,"""Zero Band""",[-0.0],"[0, 0, 0, 0]"
247.420290232,,17029,,1583006552,277331113,"""Zero Band""",[-0.0016271184431388974],"[0, 0, 0, 0]"
247.452558041,,17030,,1583006552,309443950,"""Zero Band""",[-0.0],"[0, 0, 0, 0]"
247.46490097,,17031,,1583006552,321530103,"""Zero Band""",[-0.0],"[0, 0, 0, 0]"
247.472369909,,17032,,1583006552,329356908,"""Zero Band""",[-0.0],"[0, 0, 0, 0]"
247.482559204,,17033,,1583006552,339422941,"""Zero Band""",[-0.0],"[0, 0, 0, 0]"
247.490671158,,17034,,1583006552,347426891,"""Zero Band""",[-0.0],"[0, 0, 0, 0]"
247.531193256,,17035,,1583006552,388286113,"""Zero Band""",[-0.0],"[0, 0, 0, 0]"
247.531260967,,17036,,1583006552,388286113,"""input stopped""",[-0.0],"[0, 0, 0, 0]"
247.653338194,,17037,,1583006552,510324954,"""Zero Band""",[-0.0],"[0, 0, 0, 0]"
247.658250093,,17038,,1583006552,515335083,"""Zero Band""",[-0.0],"[0, 0, 0, 0]"
247.662341833,,17039,,1583006552,519315958,"""Zero Band""",[-0.0],"[0, 0, 0, 0]"
247.668444633,,17040,,1583006552,525394916,"""Zero Band""",[-0.0],"[0, 0, 0, 0]"
247.670013189,,17041,,1583006552,527256011,"""Zero Band""",[-0.0016271184431388974],"[0, 0, 0, 0]"
247.675905466,,17042,,1583006552,529268980,"""Soft Puff""",[-0.012453158386051655],"[0, 1, 0, 0]"
247.681899309,,17043,,1583006552,533987045,"""Soft Puff""",[-0.023311322554945946],"[0, 1, 0, 0]"
247.687663317,,17044,,1583006552,539956092,"""Soft Puff""",[-0.04502765089273453],"[0, 1, 0, 0]"
247.693140745,,17045,,1583006552,545728921,"""Soft Puff""",[-0.055885814130306244],"[0, 1, 0, 0]"
247.699189425,,17046,,1583006552,551219940,"""Soft Puff""",[-0.06671185791492462],"[0, 1, 0, 0]"
247.705624104,,17047,,1583006552,557248115,"""Soft Puff""",[-0.07757002115249634],"[0, 1, 0, 0]"
247.711945534,,17048,,1583006552,563745975,"""Soft Puff""",[-0.08842818439006805],"[0, 1, 0, 0]"
247.718016148,,17049,,1583006552,569941043,"""Soft Puff""",[-0.09928634762763977],"[0, 1, 0, 0]"
247.724323034,,17050,,1583006552,576062917,"""Soft Puff""",[-0.11014451086521149],"[0, 1, 0, 0]"
247.729129076,,17051,,1583006552,582298040,"""Soft Puff""",[-0.1210026741027832],"[0, 1, 0, 0]"
247.736571312,,17052,,1583006552,587219953,"""Soft Puff""",[-0.13182871043682098],"[0, 1, 0, 0]"
247.741440535,,17053,,1583006552,594588994,"""Soft Puff""",[-0.1426868885755539],"[0, 1, 0, 0]"
247.746426821,,17054,,1583006552,599443912,"""Soft Puff""",[-0.1535450518131256],"[0, 1, 0, 0]"
247.752758741,,17055,,1583006552,604384899,"""Soft Puff""",[-0.16440321505069733],"[0, 1, 0, 0]"
247.758482218,,17056,,1583006552,610857963,"""Soft Puff""",[-0.17526137828826904],"[0, 1, 0, 0]"
247.764552116,,17057,,1583006552,616466999,"""Soft Puff""",[-0.18608741462230682],"[0, 1, 0, 0]"
247.770556927,,17058,,1583006552,622759103,"""Soft Puff""",[-0.19694557785987854],"[0, 1, 0, 0]"
247.775537491,,17059,,1583006552,628567934,"""Soft Puff""",[-0.20780374109745026],"[0, 1, 0, 0]"
247.781388283,,17060,,1583006552,633522033,"""Soft Puff""",[-0.21866190433502197],"[0, 1, 0, 0]"
247.786123276,,17061,,1583006552,639420032,"""Soft Puff""",[-0.2295200675725937],"[0, 1, 0, 0]"
247.79263854,,17062,,1583006552,644104003,"""Soft Puff""",[-0.24034611880779266],"[0, 1, 0, 0]"
247.800365686,,17063,,1583006552,650707006,"""Soft Puff""",[-0.2512042820453644],"[0, 1, 0, 0]"
247.80691433,,17064,,1583006552,658529996,"""Soft Puff""",[-0.2620624303817749],"[0, 1, 0, 0]"
247.814169645,,17065,,1583006552,664927959,"""Soft Puff""",[-0.2512042820453644],"[0, 1, 0, 0]"
247.821152449,,17066,,1583006552,671880960,"""Soft Puff""",[-0.2620624303817749],"[0, 1, 0, 0]"
247.8258636,,17067,,1583006552,679122924,"""Soft Puff""",[-0.2512042820453644],"[0, 1, 0, 0]"
247.832393646,,17068,,1583006552,683913946,"""Soft Puff""",[-0.24034611880779266],"[0, 1, 0, 0]"
247.83956027,,17069,,1583006552,690552949,"""Soft Puff""",[-0.2295200675725937],"[0, 1, 0, 0]"
247.846222639,,17070,,1583006552,697654008,"""Soft Puff""",[-0.21866190433502197],"[0, 1, 0, 0]"
247.852814913,,17071,,1583006552,704364061,"""Soft Puff""",[-0.20780374109745026],"[0, 1, 0, 0]"
247.857583284,,17072,,1583006552,710861921,"""Soft Puff""",[-0.19694557785987854],"[0, 1, 0, 0]"
247.865229607,,17073,,1583006552,717314958,"""Soft Puff""",[-0.18608741462230682],"[0, 1, 0, 0]"
247.875418425,,17074,,1583006552,727438926,"""Soft Puff""",[-0.17526137828826904],"[0, 1, 0, 0]"
247.927083015,,17075,,1583006552,779383897,"""Soft Puff""",[-0.18608741462230682],"[0, 1, 0, 0]"
247.938442945,,17076,,1583006552,789418935,"""Soft Puff""",[-0.17526137828826904],"[0, 1, 0, 0]"
247.944125891,,17077,,1583006552,796529054,"""Soft Puff""",[-0.18608741462230682],"[0, 1, 0, 0]"
247.988645554,,17078,,1583006552,841423034,"""Soft Puff""",[-0.17526137828826904],"[0, 1, 0, 0]"
247.993486643,,17079,,1583006552,846703052,"""Soft Puff""",[-0.18608741462230682],"[0, 1, 0, 0]"
247.999551773,,17080,,1583006552,851584911,"""Soft Puff""",[-0.17526137828826904],"[0, 1, 0, 0]"
248.005278587,,17081,,1583006552,857630014,"""Soft Puff""",[-0.18608741462230682],"[0, 1, 0, 0]"
248.01115799,,17082,,1583006552,863348007,"""Soft Puff""",[-0.17526137828826904],"[0, 1, 0, 0]"
248.017089844,,17083,,1583006552,869124889,"""Soft Puff""",[-0.18608741462230682],"[0, 1, 0, 0]"
248.023719549,,17084,,1583006552,875067949,"""Soft Puff""",[-0.17526137828826904],"[0, 1, 0, 0]"
248.029523849,,17085,,1583006552,881724119,"""Soft Puff""",[-0.18608741462230682],"[0, 1, 0, 0]"
248.048103571,,17086,,1583006552,899358987,"""Soft Puff""",[-0.19694557785987854],"[0, 1, 0, 0]"
248.097772121,,17087,,1583006552,949441909,"""Soft Puff""",[-0.20780374109745026],"[0, 1, 0, 0]"
248.104346752,,17088,,1583006552,955945014,"""Soft Puff""",[-0.19694557785987854],"[0, 1, 0, 0]"
248.110849857,,17089,,1583006552,962366104,"""Soft Puff""",[-0.20780374109745026],"[0, 1, 0, 0]"
248.118123293,,17090,,1583006552,969368934,"""Soft Puff""",[-0.19694557785987854],"[0, 1, 0, 0]"
248.127774239,,17091,,1583006552,979391098,"""Soft Puff""",[-0.20780374109745026],"[0, 1, 0, 0]"
248.133710384,,17092,,1583006552,985866069,"""Soft Puff""",[-0.19694557785987854],"[0, 1, 0, 0]"
248.159383297,,17093,,1583006553,11468887,"""Soft Puff""",[-0.18608741462230682],"[0, 1, 0, 0]"
248.165790796,,17094,,1583006553,17482042,"""Soft Puff""",[-0.19694557785987854],"[0, 1, 0, 0]"
248.172043085,,17095,,1583006553,23859024,"""Soft Puff""",[-0.18608741462230682],"[0, 1, 0, 0]"
248.185058594,,17096,,1583006553,35392999,"""Soft Puff""",[-0.17526137828826904],"[0, 1, 0, 0]"
248.190021515,,17097,,1583006553,43215036,"""Soft Puff""",[-0.18608741462230682],"[0, 1, 0, 0]"
248.194559336,,17098,,1583006553,48094987,"""Soft Puff""",[-0.17526137828826904],"[0, 1, 0, 0]"
248.220546246,,17099,,1583006553,71592092,"""Soft Puff""",[-0.16440321505069733],"[0, 1, 0, 0]"
248.226625443,,17100,,1583006553,78623056,"""Soft Puff""",[-0.17526137828826904],"[0, 1, 0, 0]"
248.233259916,,17101,,1583006553,85326910,"""Soft Puff""",[-0.16440321505069733],"[0, 1, 0, 0]"
248.272526979,,17102,,1583006553,123505115,"""Soft Puff""",[-0.17526137828826904],"[0, 1, 0, 0]"
248.28043437,,17103,,1583006553,131283998,"""Soft Puff""",[-0.16440321505069733],"[0, 1, 0, 0]"
248.286667347,,17104,,1583006553,138405084,"""Soft Puff""",[-0.17526137828826904],"[0, 1, 0, 0]"
248.338096857,,17105,,1583006553,189414024,"""Soft Puff""",[-0.18608741462230682],"[0, 1, 0, 0]"
248.344407082,,17106,,1583006553,196162939,"""Soft Puff""",[-0.17526137828826904],"[0, 1, 0, 0]"
248.350367785,,17107,,1583006553,202450990,"""Soft Puff""",[-0.18608741462230682],"[0, 1, 0, 0]"
248.36848402,,17108,,1583006553,219399929,"""Soft Puff""",[-0.19694557785987854],"[0, 1, 0, 0]"
248.403692245,,17109,,1583006553,255415916,"""Soft Puff""",[-0.20780374109745026],"[0, 1, 0, 0]"
248.409904957,,17110,,1583006553,261775970,"""Soft Puff""",[-0.19694557785987854],"[0, 1, 0, 0]"
248.41624403,,17111,,1583006553,267992973,"""Soft Puff""",[-0.20780374109745026],"[0, 1, 0, 0]"
248.42219305,,17112,,1583006553,274317979,"""Soft Puff""",[-0.19694557785987854],"[0, 1, 0, 0]"
248.4283638,,17113,,1583006553,280231952,"""Soft Puff""",[-0.20780374109745026],"[0, 1, 0, 0]"
248.434813261,,17114,,1583006553,286434888,"""Soft Puff""",[-0.19694557785987854],"[0, 1, 0, 0]"
248.445477247,,17115,,1583006553,297353029,"""Soft Puff""",[-0.20780374109745026],"[0, 1, 0, 0]"
248.452602386,,17116,,1583006553,303528070,"""Soft Puff""",[-0.19694557785987854],"[0, 1, 0, 0]"
248.492819786,,17117,,1583006553,345417022,"""Soft Puff""",[-0.18608741462230682],"[0, 1, 0, 0]"
248.571244001,,17118,,1583006553,423484086,"""Soft Puff""",[-0.19694557785987854],"[0, 1, 0, 0]"
248.59378624,,17119,,1583006553,445421934,"""Soft Puff""",[-0.20780374109745026],"[0, 1, 0, 0]"
248.599841118,,17120,,1583006553,451855897,"""Soft Puff""",[-0.19694557785987854],"[0, 1, 0, 0]"
248.60794425,,17121,,1583006553,457941055,"""Soft Puff""",[-0.20780374109745026],"[0, 1, 0, 0]"
248.62557888,,17122,,1583006553,477411985,"""Soft Puff""",[-0.21866190433502197],"[0, 1, 0, 0]"
248.658012152,,17123,,1583006553,509494066,"""Soft Puff""",[-0.2295200675725937],"[0, 1, 0, 0]"
248.686893463,,17124,,1583006553,537478923,"""Soft Puff""",[-0.24034611880779266],"[0, 1, 0, 0]"
248.712155819,,17125,,1583006553,563417911,"""Soft Puff""",[-0.2512042820453644],"[0, 1, 0, 0]"
248.739208698,,17126,,1583006553,591386079,"""Soft Puff""",[-0.2620624303817749],"[0, 1, 0, 0]"
248.769895077,,17127,,1583006553,621387004,"""Soft Puff""",[-0.2729206085205078],"[0, 1, 0, 0]"
248.81451726,,17128,,1583006553,665364980,"""Soft Puff""",[-0.28377875685691833],"[0, 1, 0, 0]"
248.843231201,,17129,,1583006553,695378065,"""Soft Puff""",[-0.29463693499565125],"[0, 1, 0, 0]"
248.849872112,,17130,,1583006553,701323032,"""Soft Puff""",[-0.28377875685691833],"[0, 1, 0, 0]"
248.857929945,,17131,,1583006553,707938909,"""Soft Puff""",[-0.29463693499565125],"[0, 1, 0, 0]"
248.863358736,,17132,,1583006553,715974092,"""Soft Puff""",[-0.28377875685691833],"[0, 1, 0, 0]"
248.869872808,,17133,,1583006553,721417903,"""Soft Puff""",[-0.29463693499565125],"[0, 1, 0, 0]"
248.874992847,,17134,,1583006553,727893114,"""Soft Puff""",[-0.28377875685691833],"[0, 1, 0, 0]"
248.882499933,,17135,,1583006553,733009099,"""Soft Puff""",[-0.29463693499565125],"[0, 1, 0, 0]"
248.906367779,,17136,,1583006553,757466077,"""Soft Puff""",[-0.28377875685691833],"[0, 1, 0, 0]"
248.912724495,,17137,,1583006553,764409065,"""Soft Puff""",[-0.29463693499565125],"[0, 1, 0, 0]"
248.919764757,,17138,,1583006553,770797967,"""Soft Puff""",[-0.28377875685691833],"[0, 1, 0, 0]"
248.929573536,,17139,,1583006553,781357049,"""Soft Puff""",[-0.2729206085205078],"[0, 1, 0, 0]"
248.944409609,,17140,,1583006553,797379016,"""Soft Puff""",[-0.2620624303817749],"[0, 1, 0, 0]"
248.960667849,,17141,,1583006553,813368082,"""Soft Puff""",[-0.2512042820453644],"[0, 1, 0, 0]"
248.987896204,,17142,,1583006553,839509010,"""Soft Puff""",[-0.24034611880779266],"[0, 1, 0, 0]"
249.004860163,,17143,,1583006553,857423067,"""Soft Puff""",[-0.2295200675725937],"[0, 1, 0, 0]"
249.024403572,,17144,,1583006553,877373933,"""Soft Puff""",[-0.21866190433502197],"[0, 1, 0, 0]"
249.051034927,,17145,,1583006553,901607036,"""Soft Puff""",[-0.20780374109745026],"[0, 1, 0, 0]"
249.065382242,,17146,,1583006553,917354106,"""Soft Puff""",[-0.19694557785987854],"[0, 1, 0, 0]"
249.094681978,,17147,,1583006553,945388078,"""Soft Puff""",[-0.18608741462230682],"[0, 1, 0, 0]"
249.135962248,,17148,,1583006553,987349987,"""Soft Puff""",[-0.17526137828826904],"[0, 1, 0, 0]"
249.168597698,,17149,,1583006554,19418001,"""Soft Puff""",[-0.16440321505069733],"[0, 1, 0, 0]"
249.192833662,,17150,,1583006554,45388936,"""Soft Puff""",[-0.1535450518131256],"[0, 1, 0, 0]"
249.199783087,,17151,,1583006554,50826072,"""Soft Puff""",[-0.16440321505069733],"[0, 1, 0, 0]"
249.206786156,,17152,,1583006554,57828903,"""Soft Puff""",[-0.1535450518131256],"[0, 1, 0, 0]"
249.235060453,,17153,,1583006554,85499048,"""Soft Puff""",[-0.16440321505069733],"[0, 1, 0, 0]"
249.240876198,,17154,,1583006554,93163967,"""Soft Puff""",[-0.1535450518131256],"[0, 1, 0, 0]"
249.246134758,,17155,,1583006554,98956108,"""Soft Puff""",[-0.16440321505069733],"[0, 1, 0, 0]"
249.25178647,,17156,,1583006554,104288101,"""Soft Puff""",[-0.1535450518131256],"[0, 1, 0, 0]"
249.257540464,,17157,,1583006554,109796047,"""Soft Puff""",[-0.16440321505069733],"[0, 1, 0, 0]"
249.286471605,,17158,,1583006554,137415885,"""Soft Puff""",[-0.17526137828826904],"[0, 1, 0, 0]"
249.307944059,,17159,,1583006554,159406900,"""Soft Puff""",[-0.18608741462230682],"[0, 1, 0, 0]"
249.325665236,,17160,,1583006554,177469015,"""Soft Puff""",[-0.19694557785987854],"[0, 1, 0, 0]"
249.34500742,,17161,,1583006554,197413921,"""Soft Puff""",[-0.20780374109745026],"[0, 1, 0, 0]"
249.370693922,,17162,,1583006554,221470117,"""Soft Puff""",[-0.21866190433502197],"[0, 1, 0, 0]"
249.3881464,,17163,,1583006554,239368915,"""Soft Puff""",[-0.2295200675725937],"[0, 1, 0, 0]"
249.405866861,,17164,,1583006554,257380008,"""Soft Puff""",[-0.24034611880779266],"[0, 1, 0, 0]"
249.4122262,,17165,,1583006554,264074087,"""Soft Puff""",[-0.2295200675725937],"[0, 1, 0, 0]"
249.41806674,,17166,,1583006554,270287990,"""Soft Puff""",[-0.24034611880779266],"[0, 1, 0, 0]"
249.436094522,,17167,,1583006554,287357091,"""Soft Puff""",[-0.2512042820453644],"[0, 1, 0, 0]"
249.440851212,,17168,,1583006554,294183015,"""Soft Puff""",[-0.24034611880779266],"[0, 1, 0, 0]"
249.445922375,,17169,,1583006554,298893928,"""Soft Puff""",[-0.2512042820453644],"[0, 1, 0, 0]"
249.456839323,,17170,,1583006554,309350013,"""Soft Puff""",[-0.2620624303817749],"[0, 1, 0, 0]"
249.465467215,,17171,,1583006554,314927101,"""Soft Puff""",[-0.2512042820453644],"[0, 1, 0, 0]"
249.471265554,,17172,,1583006554,323544025,"""Soft Puff""",[-0.2620624303817749],"[0, 1, 0, 0]"
249.525402308,,17173,,1583006554,377386093,"""Soft Puff""",[-0.2729206085205078],"[0, 1, 0, 0]"
249.532385349,,17174,,1583006554,383460998,"""Soft Puff""",[-0.2620624303817749],"[0, 1, 0, 0]"
249.538167477,,17175,,1583006554,390494108,"""Soft Puff""",[-0.2729206085205078],"[0, 1, 0, 0]"
249.544654131,,17176,,1583006554,396223068,"""Soft Puff""",[-0.2620624303817749],"[0, 1, 0, 0]"
249.573698282,,17177,,1583006554,425422906,"""Soft Puff""",[-0.2512042820453644],"[0, 1, 0, 0]"
249.601880789,,17178,,1583006554,453408956,"""Soft Puff""",[-0.24034611880779266],"[0, 1, 0, 0]"
249.607530355,,17179,,1583006554,459958076,"""Soft Puff""",[-0.2512042820453644],"[0, 1, 0, 0]"
249.612577915,,17180,,1583006554,465572118,"""Soft Puff""",[-0.24034611880779266],"[0, 1, 0, 0]"
249.637871265,,17181,,1583006554,489650964,"""Soft Puff""",[-0.2295200675725937],"[0, 1, 0, 0]"
249.642952204,,17182,,1583006554,495959997,"""Soft Puff""",[-0.24034611880779266],"[0, 1, 0, 0]"
249.650600672,,17183,,1583006554,500973939,"""Soft Puff""",[-0.2295200675725937],"[0, 1, 0, 0]"
249.657832861,,17184,,1583006554,508687973,"""Soft Puff""",[-0.24034611880779266],"[0, 1, 0, 0]"
249.664250851,,17185,,1583006554,515855073,"""Soft Puff""",[-0.2295200675725937],"[0, 1, 0, 0]"
249.670102835,,17186,,1583006554,522370100,"""Soft Puff""",[-0.24034611880779266],"[0, 1, 0, 0]"
249.675828457,,17187,,1583006554,528090000,"""Soft Puff""",[-0.2295200675725937],"[0, 1, 0, 0]"
249.681851149,,17188,,1583006554,533902883,"""Soft Puff""",[-0.24034611880779266],"[0, 1, 0, 0]"
249.687871218,,17189,,1583006554,539859056,"""Soft Puff""",[-0.2295200675725937],"[0, 1, 0, 0]"
249.734175682,,17190,,1583006554,585460901,"""Soft Puff""",[-0.21866190433502197],"[0, 1, 0, 0]"
249.740049362,,17191,,1583006554,592243909,"""Soft Puff""",[-0.2295200675725937],"[0, 1, 0, 0]"
249.746605158,,17192,,1583006554,598109006,"""Soft Puff""",[-0.21866190433502197],"[0, 1, 0, 0]"
249.809887648,,17193,,1583006554,661444902,"""Soft Puff""",[-0.2295200675725937],"[0, 1, 0, 0]"
249.83544898,,17194,,1583006554,687437057,"""Soft Puff""",[-0.24034611880779266],"[0, 1, 0, 0]"
249.867774487,,17195,,1583006554,719496011,"""Soft Puff""",[-0.2512042820453644],"[0, 1, 0, 0]"
249.896610498,,17196,,1583006554,747423887,"""Soft Puff""",[-0.2620624303817749],"[0, 1, 0, 0]"
249.915838242,,17197,,1583006554,767376899,"""Soft Puff""",[-0.2729206085205078],"[0, 1, 0, 0]"
249.928456783,,17198,,1583006554,779367923,"""Soft Puff""",[-0.28377875685691833],"[0, 1, 0, 0]"
249.941198826,,17199,,1583006554,793385982,"""Soft Puff""",[-0.29463693499565125],"[0, 1, 0, 0]"
249.946271181,,17200,,1583006554,799252986,"""Soft Puff""",[-0.28377875685691833],"[0, 1, 0, 0]"
249.952248573,,17201,,1583006554,804337024,"""Soft Puff""",[-0.29463693499565125],"[0, 1, 0, 0]"
249.953239918,,17202,,1583006554,810348033,"""Soft-Hard Puff Deadband""",[-0.3054629862308502],"[0, 0, 0, 0]"
249.958156347,,17203,,1583006554,811264991,"""Soft Puff""",[-0.29463693499565125],"[0, 1, 0, 0]"
249.959316969,,17204,,1583006554,816276073,"""Soft-Hard Puff Deadband""",[-0.3054629862308502],"[0, 0, 0, 0]"
249.976517439,,17205,,1583006554,833431959,"""Soft-Hard Puff Deadband""",[-0.31632113456726074],"[0, 0, 0, 0]"
250.00256896,,17206,,1583006554,859358072,"""Soft-Hard Puff Deadband""",[-0.32717931270599365],"[0, 0, 0, 0]"
250.074335814,,17207,,1583006554,931360960,"""Soft-Hard Puff Deadband""",[-0.3380374610424042],"[0, 0, 0, 0]"
250.078329802,,17208,,1583006554,935317039,"""Soft-Hard Puff Deadband""",[-0.32717931270599365],"[0, 0, 0, 0]"
250.08027935,,17209,,1583006554,937309026,"""Soft-Hard Puff Deadband""",[-0.3380374610424042],"[0, 0, 0, 0]"
250.104454994,,17210,,1583006554,961429119,"""Soft-Hard Puff Deadband""",[-0.3488956391811371],"[0, 0, 0, 0]"
250.118581533,,17211,,1583006554,975414991,"""Soft-Hard Puff Deadband""",[-0.35972166061401367],"[0, 0, 0, 0]"
250.12254405,,17212,,1583006554,979350090,"""Soft-Hard Puff Deadband""",[-0.3488956391811371],"[0, 0, 0, 0]"
250.124042034,,17213,,1583006554,981262922,"""Soft-Hard Puff Deadband""",[-0.35972166061401367],"[0, 0, 0, 0]"
250.156316042,,17214,,1583006555,13353109,"""Soft-Hard Puff Deadband""",[-0.3705798387527466],"[0, 0, 0, 0]"
250.158175468,,17215,,1583006555,15288114,"""Soft-Hard Puff Deadband""",[-0.35972166061401367],"[0, 0, 0, 0]"
250.168639421,,17216,,1583006555,25392055,"""Soft-Hard Puff Deadband""",[-0.3705798387527466],"[0, 0, 0, 0]"
250.170079708,,17217,,1583006555,27278900,"""Soft-Hard Puff Deadband""",[-0.35972166061401367],"[0, 0, 0, 0]"
250.204365492,,17218,,1583006555,61374902,"""Soft-Hard Puff Deadband""",[-0.3705798387527466],"[0, 0, 0, 0]"
250.208347797,,17219,,1583006555,65315961,"""Soft-Hard Puff Deadband""",[-0.35972166061401367],"[0, 0, 0, 0]"
250.21225667,,17220,,1583006555,69323062,"""Soft-Hard Puff Deadband""",[-0.3705798387527466],"[0, 0, 0, 0]"
250.222678661,,17221,,1583006555,79415082,"""Soft-Hard Puff Deadband""",[-0.3814379870891571],"[0, 0, 0, 0]"
250.230580091,,17222,,1583006555,87424039,"""Soft-Hard Puff Deadband""",[-0.39229616522789],"[0, 0, 0, 0]"
250.244572401,,17223,,1583006555,101397037,"""Soft-Hard Puff Deadband""",[-0.4031543433666229],"[0, 0, 0, 0]"
250.256310225,,17224,,1583006555,113420963,"""Soft-Hard Puff Deadband""",[-0.41401249170303345],"[0, 0, 0, 0]"
250.298591614,,17225,,1583006555,155441999,"""Soft-Hard Puff Deadband""",[-0.4248385429382324],"[0, 0, 0, 0]"
250.300085068,,17226,,1583006555,157320976,"""Soft-Hard Puff Deadband""",[-0.41401249170303345],"[0, 0, 0, 0]"
250.322726488,,17227,,1583006555,179462909,"""Soft-Hard Puff Deadband""",[-0.4031543433666229],"[0, 0, 0, 0]"
250.342721224,,17228,,1583006555,199436902,"""Soft-Hard Puff Deadband""",[-0.39229616522789],"[0, 0, 0, 0]"
250.376357317,,17229,,1583006555,233376026,"""Soft-Hard Puff Deadband""",[-0.4031543433666229],"[0, 0, 0, 0]"
250.40245223,,17230,,1583006555,259429931,"""Soft-Hard Puff Deadband""",[-0.41401249170303345],"[0, 0, 0, 0]"
250.412582159,,17231,,1583006555,269390106,"""Soft-Hard Puff Deadband""",[-0.4248385429382324],"[0, 0, 0, 0]"
250.426335096,,17232,,1583006555,283374071,"""Soft-Hard Puff Deadband""",[-0.43569669127464294],"[0, 0, 0, 0]"
250.442540646,,17233,,1583006555,299371004,"""Soft-Hard Puff Deadband""",[-0.44655486941337585],"[0, 0, 0, 0]"
250.454376698,,17234,,1583006555,311377048,"""Soft-Hard Puff Deadband""",[-0.43569669127464294],"[0, 0, 0, 0]"
250.458225965,,17235,,1583006555,315340042,"""Soft-Hard Puff Deadband""",[-0.44655486941337585],"[0, 0, 0, 0]"
250.460149527,,17236,,1583006555,317295074,"""Soft-Hard Puff Deadband""",[-0.43569669127464294],"[0, 0, 0, 0]"
250.462143183,,17237,,1583006555,319288969,"""Soft-Hard Puff Deadband""",[-0.44655486941337585],"[0, 0, 0, 0]"
250.464416504,,17238,,1583006555,321317911,"""Soft-Hard Puff Deadband""",[-0.43569669127464294],"[0, 0, 0, 0]"
250.484798908,,17239,,1583006555,341509103,"""Soft-Hard Puff Deadband""",[-0.4248385429382324],"[0, 0, 0, 0]"
250.494486332,,17240,,1583006555,351387023,"""Soft-Hard Puff Deadband""",[-0.41401249170303345],"[0, 0, 0, 0]"
250.512506485,,17241,,1583006555,369365930,"""Soft-Hard Puff Deadband""",[-0.4031543433666229],"[0, 0, 0, 0]"
250.536696196,,17242,,1583006555,393486976,"""Soft-Hard Puff Deadband""",[-0.41401249170303345],"[0, 0, 0, 0]"
250.540147543,,17243,,1583006555,397270917,"""Soft-Hard Puff Deadband""",[-0.4031543433666229],"[0, 0, 0, 0]"
250.588594913,,17244,,1583006555,445396900,"""Soft-Hard Puff Deadband""",[-0.39229616522789],"[0, 0, 0, 0]"
250.596445799,,17245,,1583006555,453370094,"""Soft-Hard Puff Deadband""",[-0.3814379870891571],"[0, 0, 0, 0]"
250.602131605,,17246,,1583006555,459283113,"""Soft-Hard Puff Deadband""",[-0.3705798387527466],"[0, 0, 0, 0]"
250.608155251,,17247,,1583006555,465310096,"""Soft-Hard Puff Deadband""",[-0.35972166061401367],"[0, 0, 0, 0]"
250.614561081,,17248,,1583006555,471388101,"""Soft-Hard Puff Deadband""",[-0.3488956391811371],"[0, 0, 0, 0]"
250.616629362,,17249,,1583006555,473361968,"""Soft-Hard Puff Deadband""",[-0.3380374610424042],"[0, 0, 0, 0]"
250.622138977,,17250,,1583006555,479295015,"""Soft-Hard Puff Deadband""",[-0.32717931270599365],"[0, 0, 0, 0]"
250.624105215,,17251,,1583006555,481261014,"""Soft-Hard Puff Deadband""",[-0.31632113456726074],"[0, 0, 0, 0]"
250.626033545,,17252,,1583006555,483284950,"""Soft-Hard Puff Deadband""",[-0.3054629862308502],"[0, 0, 0, 0]"
250.63681221,,17253,,1583006555,489439964,"""Soft Puff""",[-0.29463693499565125],"[0, 1, 0, 0]"
250.642006874,,17254,,1583006555,494857072,"""Soft Puff""",[-0.28377875685691833],"[0, 1, 0, 0]"
250.646504402,,17255,,1583006555,500066041,"""Soft Puff""",[-0.2729206085205078],"[0, 1, 0, 0]"
250.651772261,,17256,,1583006555,504504919,"""Soft Puff""",[-0.2620624303817749],"[0, 1, 0, 0]"
250.658039331,,17257,,1583006555,509835004,"""Soft Puff""",[-0.2512042820453644],"[0, 1, 0, 0]"
250.662855625,,17258,,1583006555,516107082,"""Soft Puff""",[-0.24034611880779266],"[0, 1, 0, 0]"
250.668557405,,17259,,1583006555,520642042,"""Soft Puff""",[-0.2295200675725937],"[0, 1, 0, 0]"
250.674211025,,17260,,1583006555,526640892,"""Soft Puff""",[-0.21866190433502197],"[0, 1, 0, 0]"
250.67912221,,17261,,1583006555,532269954,"""Soft Puff""",[-0.20780374109745026],"[0, 1, 0, 0]"
250.683832169,,17262,,1583006555,537214994,"""Soft Puff""",[-0.19694557785987854],"[0, 1, 0, 0]"
250.688745975,,17263,,1583006555,541820049,"""Soft Puff""",[-0.18608741462230682],"[0, 1, 0, 0]"
250.695183039,,17264,,1583006555,546833992,"""Soft Puff""",[-0.17526137828826904],"[0, 1, 0, 0]"
250.703123331,,17265,,1583006555,553267002,"""Soft Puff""",[-0.16440321505069733],"[0, 1, 0, 0]"
250.708987713,,17266,,1583006555,561208009,"""Soft Puff""",[-0.1535450518131256],"[0, 1, 0, 0]"
250.71515584,,17267,,1583006555,567007064,"""Soft Puff""",[-0.1426868885755539],"[0, 1, 0, 0]"
250.719805956,,17268,,1583006555,573235034,"""Soft Puff""",[-0.13182871043682098],"[0, 1, 0, 0]"
250.724156857,,17269,,1583006555,577836036,"""Soft Puff""",[-0.1210026741027832],"[0, 1, 0, 0]"
250.731332541,,17270,,1583006555,582204103,"""Soft Puff""",[-0.11014451086521149],"[0, 1, 0, 0]"
250.738977432,,17271,,1583006555,589456081,"""Soft Puff""",[-0.09928634762763977],"[0, 1, 0, 0]"
250.743599415,,17272,,1583006555,597076892,"""Soft Puff""",[-0.08842818439006805],"[0, 1, 0, 0]"
250.749242306,,17273,,1583006555,601676940,"""Soft Puff""",[-0.07757002115249634],"[0, 1, 0, 0]"
250.753942966,,17274,,1583006555,607229948,"""Soft Puff""",[-0.06671185791492462],"[0, 1, 0, 0]"
250.759538412,,17275,,1583006555,611980915,"""Soft Puff""",[-0.055885814130306244],"[0, 1, 0, 0]"
250.765259981,,17276,,1583006555,617640018,"""Soft Puff""",[-0.04502765089273453],"[0, 1, 0, 0]"
250.771032572,,17277,,1583006555,623244047,"""Soft Puff""",[-0.03416948765516281],"[0, 1, 0, 0]"
250.77674222,,17278,,1583006555,629009008,"""Soft Puff""",[-0.023311322554945946],"[0, 1, 0, 0]"
250.783800364,,17279,,1583006555,634838104,"""Soft Puff""",[-0.012453158386051655],"[0, 1, 0, 0]"
250.784656286,,17280,,1583006555,641571044,"""Zero Band""",[-0.0016271184431388974],"[0, 0, 0, 0]"
250.785473108,,17281,,1583006555,642630100,"""Zero Band""",[-0.0],"[0, 0, 0, 0]"
250.786275387,,17282,,1583006555,643439054,"""Zero Band""",[-0.0],"[0, 0, 0, 0]"
250.787050724,,17283,,1583006555,644319057,"""Zero Band""",[-0.0],"[0, 0, 0, 0]"
250.78783989,,17284,,1583006555,645029067,"""Zero Band""",[-0.0],"[0, 0, 0, 0]"
250.788672447,,17285,,1583006555,645910024,"""Zero Band""",[-0.0],"[0, 0, 0, 0]"
250.803632021,,17287,,1583006555,660367965,"""input stopped""",[-0.0],"[0, 0, 0, 0]"
251.159218311,,17288,,1583006556,16283988,"""Zero Band""",[-0.0],"[0, 0, 0, 0]"
251.162085295,,17289,,1583006556,19273042,"""Zero Band""",[-0.0],"[0, 0, 0, 0]"
251.164378166,,17290,,1583006556,21346092,"""Zero Band""",[-0.0],"[0, 0, 0, 0]"
251.168595552,,17291,,1583006556,25441884,"""Zero Band""",[-0.0],"[0, 0, 0, 0]"
251.170300484,,17292,,1583006556,27312040,"""Zero Band""",[-0.0],"[0, 0, 0, 0]"
251.172233343,,17293,,1583006556,29293060,"""Zero Band""",[-0.0016271184431388974],"[0, 0, 0, 0]"
251.18192625,,17294,,1583006556,33272981,"""Soft Puff""",[-0.012453158386051655],"[0, 1, 0, 0]"
251.186600685,,17295,,1583006556,40003061,"""Soft Puff""",[-0.023311322554945946],"[0, 1, 0, 0]"
251.192065001,,17296,,1583006556,44588088,"""Soft Puff""",[-0.03416948765516281],"[0, 1, 0, 0]"
251.197901011,,17297,,1583006556,50184965,"""Soft Puff""",[-0.04502765089273453],"[0, 1, 0, 0]"
251.202741385,,17298,,1583006556,55898904,"""Soft Puff""",[-0.055885814130306244],"[0, 1, 0, 0]"
251.208769083,,17299,,1583006556,60726881,"""Soft Puff""",[-0.07757002115249634],"[0, 1, 0, 0]"
251.216160297,,17300,,1583006556,66745996,"""Soft Puff""",[-0.08842818439006805],"[0, 1, 0, 0]"
251.220774889,,17301,,1583006556,74256896,"""Soft Puff""",[-0.09928634762763977],"[0, 1, 0, 0]"
251.226126194,,17302,,1583006556,78751087,"""Soft Puff""",[-0.11014451086521149],"[0, 1, 0, 0]"
251.230635881,,17303,,1583006556,84110021,"""Soft Puff""",[-0.1210026741027832],"[0, 1, 0, 0]"
251.236292362,,17304,,1583006556,88625907,"""Soft Puff""",[-0.13182871043682098],"[0, 1, 0, 0]"
251.243631124,,17305,,1583006556,94398975,"""Soft Puff""",[-0.1426868885755539],"[0, 1, 0, 0]"
251.251163006,,17306,,1583006556,101587057,"""Soft Puff""",[-0.1535450518131256],"[0, 1, 0, 0]"
251.257203102,,17307,,1583006556,109172105,"""Soft Puff""",[-0.16440321505069733],"[0, 1, 0, 0]"
251.262897491,,17308,,1583006556,115204095,"""Soft Puff""",[-0.17526137828826904],"[0, 1, 0, 0]"
251.269193649,,17309,,1583006556,120982885,"""Soft Puff""",[-0.18608741462230682],"[0, 1, 0, 0]"
251.275067091,,17310,,1583006556,127188920,"""Soft Puff""",[-0.19694557785987854],"[0, 1, 0, 0]"
251.280616999,,17311,,1583006556,133048057,"""Soft Puff""",[-0.20780374109745026],"[0, 1, 0, 0]"
251.285953283,,17312,,1583006556,138691902,"""Soft Puff""",[-0.21866190433502197],"[0, 1, 0, 0]"
251.290757895,,17313,,1583006556,143934965,"""Soft Puff""",[-0.2295200675725937],"[0, 1, 0, 0]"
251.296565533,,17314,,1583006556,148679018,"""Soft Puff""",[-0.24034611880779266],"[0, 1, 0, 0]"
251.302763939,,17315,,1583006556,154542922,"""Soft Puff""",[-0.2512042820453644],"[0, 1, 0, 0]"
251.308397055,,17316,,1583006556,160828113,"""Soft Puff""",[-0.2620624303817749],"[0, 1, 0, 0]"
251.313930511,,17317,,1583006556,166505098,"""Soft Puff""",[-0.2729206085205078],"[0, 1, 0, 0]"
251.320469618,,17318,,1583006556,171915054,"""Soft Puff""",[-0.2620624303817749],"[0, 1, 0, 0]"
251.32595849,,17319,,1583006556,178445100,"""Soft Puff""",[-0.2729206085205078],"[0, 1, 0, 0]"
251.332269907,,17320,,1583006556,184065103,"""Zero Band""",[-0.28377875685691833],"[0, 0, 0, 0]"
251.339497805,,17321,,1583006556,190241098,"""Zero Band""",[-0.2729206085205078],"[0, 0, 0, 0]"
251.34424901,,17322,,1583006556,197563886,"""Zero Band""",[-0.28377875685691833],"[0, 0, 0, 0]"
251.349584579,,17323,,1583006556,202287912,"""Zero Band""",[-0.29463693499565125],"[0, 0, 0, 0]"
251.37856698,,17324,,1583006556,235397100,"""Soft-Hard Puff Deadband""",[-0.3054629862308502],"[0, 0, 0, 0]"
251.402796745,,17325,,1583006556,259480953,"""Soft-Hard Puff Deadband""",[-0.31632113456726074],"[0, 0, 0, 0]"
251.412525892,,17326,,1583006556,269373893,"""Soft-Hard Puff Deadband""",[-0.32717931270599365],"[0, 0, 0, 0]"
251.422768831,,17327,,1583006556,279395103,"""Soft-Hard Puff Deadband""",[-0.3380374610424042],"[0, 0, 0, 0]"
251.440470695,,17328,,1583006556,297380924,"""Soft-Hard Puff Deadband""",[-0.3488956391811371],"[0, 0, 0, 0]"
251.454825163,,17329,,1583006556,311398029,"""Soft-Hard Puff Deadband""",[-0.35972166061401367],"[0, 0, 0, 0]"
251.470708847,,17330,,1583006556,327389955,"""Soft-Hard Puff Deadband""",[-0.3705798387527466],"[0, 0, 0, 0]"
251.480512142,,17331,,1583006556,337377071,"""Soft-Hard Puff Deadband""",[-0.3814379870891571],"[0, 0, 0, 0]"
251.488688231,,17332,,1583006556,345319986,"""Soft-Hard Puff Deadband""",[-0.39229616522789],"[0, 0, 0, 0]"
251.500793934,,17333,,1583006556,357460021,"""Soft-Hard Puff Deadband""",[-0.4031543433666229],"[0, 0, 0, 0]"
251.524568081,,17334,,1583006556,381397962,"""Soft-Hard Puff Deadband""",[-0.41401249170303345],"[0, 0, 0, 0]"
251.534836292,,17335,,1583006556,391500949,"""Soft-Hard Puff Deadband""",[-0.4248385429382324],"[0, 0, 0, 0]"
251.544467926,,17336,,1583006556,401401996,"""Soft-Hard Puff Deadband""",[-0.43569669127464294],"[0, 0, 0, 0]"
251.560590982,,17337,,1583006556,417388916,"""Soft-Hard Puff Deadband""",[-0.44655486941337585],"[0, 0, 0, 0]"
251.5666008,,17338,,1583006556,423347949,"""Soft-Hard Puff Deadband""",[-0.4574130177497864],"[0, 0, 0, 0]"
251.56808424,,17339,,1583006556,425287008,"""Soft-Hard Puff Deadband""",[-0.44655486941337585],"[0, 0, 0, 0]"
251.569972515,,17340,,1583006556,427258968,"""Soft-Hard Puff Deadband""",[-0.4574130177497864],"[0, 0, 0, 0]"
251.586610079,,17341,,1583006556,443413972,"""Soft-Hard Puff Deadband""",[-0.44655486941337585],"[0, 0, 0, 0]"
251.600525618,,17342,,1583006556,457499027,"""Soft-Hard Puff Deadband""",[-0.43569669127464294],"[0, 0, 0, 0]"
251.610272169,,17343,,1583006556,467367887,"""Soft-Hard Puff Deadband""",[-0.4248385429382324],"[0, 0, 0, 0]"
251.618208647,,17344,,1583006556,475322008,"""Soft-Hard Puff Deadband""",[-0.41401249170303345],"[0, 0, 0, 0]"
251.622014999,,17345,,1583006556,479278087,"""Soft-Hard Puff Deadband""",[-0.4031543433666229],"[0, 0, 0, 0]"
251.628522158,,17346,,1583006556,485379934,"""Soft-Hard Puff Deadband""",[-0.39229616522789],"[0, 0, 0, 0]"
251.630186558,,17347,,1583006556,487327098,"""Soft-Hard Puff Deadband""",[-0.3814379870891571],"[0, 0, 0, 0]"
251.636413097,,17348,,1583006556,493388891,"""Soft-Hard Puff Deadband""",[-0.3705798387527466],"[0, 0, 0, 0]"
251.638121843,,17349,,1583006556,495280981,"""Soft-Hard Puff Deadband""",[-0.35972166061401367],"[0, 0, 0, 0]"
251.642310381,,17350,,1583006556,499291896,"""Soft-Hard Puff Deadband""",[-0.3488956391811371],"[0, 0, 0, 0]"
251.646150827,,17351,,1583006556,503287076,"""Soft-Hard Puff Deadband""",[-0.3380374610424042],"[0, 0, 0, 0]"
251.648187637,,17352,,1583006556,505296945,"""Soft-Hard Puff Deadband""",[-0.32717931270599365],"[0, 0, 0, 0]"
251.652279377,,17353,,1583006556,509337902,"""Soft-Hard Puff Deadband""",[-0.31632113456726074],"[0, 0, 0, 0]"
251.654054642,,17354,,1583006556,511315107,"""Soft-Hard Puff Deadband""",[-0.3054629862308502],"[0, 0, 0, 0]"
251.660387993,,17355,,1583006556,513288974,"""Zero Band""",[-0.28377875685691833],"[0, 0, 0, 0]"
251.666017056,,17356,,1583006556,519273042,"""Zero Band""",[-0.2620624303817749],"[0, 0, 0, 0]"
251.670784473,,17357,,1583006556,524079084,"""Zero Band""",[-0.2512042820453644],"[0, 0, 0, 0]"
251.676546812,,17358,,1583006556,528861999,"""Zero Band""",[-0.24034611880779266],"[0, 0, 0, 0]"
251.681658983,,17359,,1583006556,534615993,"""Zero Band""",[-0.2295200675725937],"[0, 0, 0, 0]"
251.686593294,,17360,,1583006556,539742946,"""Zero Band""",[-0.20780374109745026],"[0, 0, 0, 0]"
251.693299055,,17361,,1583006556,544578075,"""Zero Band""",[-0.19694557785987854],"[0, 0, 0, 0]"
251.699621677,,17362,,1583006556,551371097,"""Zero Band""",[-0.18608741462230682],"[0, 0, 0, 0]"
251.704196692,,17363,,1583006556,557589054,"""Zero Band""",[-0.17526137828826904],"[0, 0, 0, 0]"
251.709425926,,17364,,1583006556,562172889,"""Zero Band""",[-0.16440321505069733],"[0, 0, 0, 0]"
251.713884354,,17365,,1583006556,567517995,"""Zero Band""",[-0.1535450518131256],"[0, 0, 0, 0]"
251.71891737,,17366,,1583006556,571885108,"""Zero Band""",[-0.13182871043682098],"[0, 0, 0, 0]"
251.724772692,,17367,,1583006556,576899051,"""Zero Band""",[-0.1210026741027832],"[0, 0, 0, 0]"
251.729752064,,17368,,1583006556,582886934,"""Zero Band""",[-0.11014451086521149],"[0, 0, 0, 0]"
251.735011578,,17369,,1583006556,587719917,"""Zero Band""",[-0.09928634762763977],"[0, 0, 0, 0]"
251.741001129,,17370,,1583006556,592983961,"""Zero Band""",[-0.07757002115249634],"[0, 0, 0, 0]"
251.746380329,,17371,,1583006556,598992109,"""Zero Band""",[-0.06671185791492462],"[0, 0, 0, 0]"
251.75191474,,17372,,1583006556,604336977,"""Zero Band""",[-0.04502765089273453],"[0, 0, 0, 0]"
251.758580208,,17373,,1583006556,609910011,"""Zero Band""",[-0.03416948765516281],"[0, 0, 0, 0]"
251.764374733,,17374,,1583006556,616715908,"""Zero Band""",[-0.023311322554945946],"[0, 0, 0, 0]"
251.771265745,,17375,,1583006556,622355937,"""Zero Band""",[-0.012453158386051655],"[0, 0, 0, 0]"
251.772143126,,17376,,1583006556,629257917,"""Zero Band""",[-0.0],"[0, 0, 0, 0]"
251.772907734,,17377,,1583006556,630146980,"""Zero Band""",[-0.0],"[0, 0, 0, 0]"
251.77372098,,17378,,1583006556,630985021,"""Zero Band""",[-0.0],"[0, 0, 0, 0]"
251.774470568,,17379,,1583006556,631695032,"""Zero Band""",[-0.0],"[0, 0, 0, 0]"
251.775255442,,17380,,1583006556,632447957,"""Zero Band""",[-0.0],"[0, 0, 0, 0]"
251.776129484,,17381,,1583006556,633263111,"""Zero Band""",[-0.0],"[0, 0, 0, 0]"
251.776176929,,17382,,1583006556,633263111,"""input stopped""",[-0.0],"[0, 0, 0, 0]"
251.911719799,,17383,,1583006556,768390893,"""Zero Band""",[-0.0],"[0, 0, 0, 0]"
251.914626598,,17384,,1583006556,771387100,"""Zero Band""",[-0.0],"[0, 0, 0, 0]"
251.916428804,,17385,,1583006556,773298978,"""Zero Band""",[-0.0],"[0, 0, 0, 0]"
251.92491889,,17386,,1583006556,777389049,"""Zero Band""",[0.03420161083340645],"[0, 0, 0, 0]"
251.931236982,,17387,,1583006556,782984972,"""Zero Band""",[0.07760214805603027],"[0, 0, 0, 0]"
251.938064098,,17388,,1583006556,789366006,"""Zero Band""",[0.12103480100631714],"[0, 0, 0, 0]"
251.943172932,,17389,,1583006556,796127080,"""Zero Band""",[0.16443534195423126],"[0, 0, 0, 0]"
251.948746681,,17390,,1583006556,801146030,"""Zero Band""",[0.2186940312385559],"[0, 0, 0, 0]"
251.955688238,,17391,,1583006556,806760072,"""Zero Band""",[0.27295273542404175],"[0, 0, 0, 0]"
251.956631422,,17392,,1583006556,813769102,"""Soft-Hard Sip Deadband""",[0.3272114396095276],"[0, 0, 0, 0]"
251.957397223,,17393,,1583006556,814614057,"""Soft-Hard Sip Deadband""",[0.4031864404678345],"[0, 0, 0, 0]"
251.958243847,,17394,,1583006556,815504074,"""Soft-Hard Sip Deadband""",[0.4683033227920532],"[0, 0, 0, 0]"
251.964251041,,17395,,1583006556,816257953,"""Hard Sip""",[0.533388078212738],"[0, 0, 0, 1]"
251.972679615,,17396,,1583006556,822199106,"""Hard Sip""",[0.6093630790710449],"[0, 0, 0, 1]"
251.977341175,,17397,,1583006556,830656051,"""Hard Sip""",[0.6853380799293518],"[0, 0, 0, 1]"
251.982269764,,17398,,1583006556,835319042,"""Hard Sip""",[0.7613131403923035],"[0, 0, 0, 1]"
251.989926815,,17399,,1583006556,840245008,"""Hard Sip""",[0.8481141924858093],"[0, 0, 0, 1]"
251.99574399,,17400,,1583006556,847932100,"""Hard Sip""",[0.9349473714828491],"[0, 0, 0, 1]"
252.001133204,,17401,,1583006556,853849887,"""Zero Band""",[1.0],"[0, 0, 0, 0]"
252.325626135,,17402,,1583006557,177551031,"""Zero Band""",[0.989206075668335],"[0, 0, 0, 0]"
252.331226587,,17403,,1583006557,183733940,"""Zero Band""",[0.9023728966712952],"[0, 0, 0, 0]"
252.337397337,,17404,,1583006557,189207077,"""Zero Band""",[0.8155718445777893],"[0, 0, 0, 0]"
252.342838287,,17405,,1583006557,195564031,"""Zero Band""",[0.7395967841148376],"[0, 0, 0, 0]"
252.348703623,,17406,,1583006557,200870990,"""Zero Band""",[0.6527636051177979],"[0, 0, 0, 0]"
252.354250193,,17407,,1583006557,206686019,"""Zero Band""",[0.5768207311630249],"[0, 0, 0, 0]"
252.360608339,,17408,,1583006557,212228059,"""Zero Band""",[0.5225620269775391],"[0, 0, 0, 0]"
252.361572504,,17409,,1583006557,218602895,"""Soft-Hard Sip Deadband""",[0.4357288181781769],"[0, 0, 0, 0]"
252.362623453,,17410,,1583006557,219764947,"""Soft-Hard Sip Deadband""",[0.38147011399269104],"[0, 0, 0, 0]"
252.363550663,,17411,,1583006557,220613002,"""Soft-Hard Sip Deadband""",[0.3272114396095276],"[0, 0, 0, 0]"
252.369740248,,17412,,1583006557,221546888,"""Zero Band""",[0.26209455728530884],"[0, 0, 0, 0]"
252.375014782,,17413,,1583006557,227570056,"""Zero Band""",[0.2186940312385559],"[0, 0, 0, 0]"
252.379994869,,17414,,1583006557,233032941,"""Zero Band""",[0.17529350519180298],"[0, 0, 0, 0]"
252.386261463,,17415,,1583006557,237931966,"""Zero Band""",[0.12103480100631714],"[0, 0, 0, 0]"
252.39278245,,17416,,1583006557,244221925,"""Zero Band""",[0.08846031129360199],"[0, 0, 0, 0]"
252.399023294,,17417,,1583006557,250773906,"""Zero Band""",[0.05591794103384018],"[0, 0, 0, 0]"
252.405269146,,17418,,1583006557,256997108,"""Zero Band""",[0.023343447595834732],"[0, 0, 0, 0]"
252.406499863,,17419,,1583006557,263387918,"""Zero Band""",[-0.0],"[0, 0, 0, 0]"
252.407410622,,17420,,1583006557,264573097,"""Zero Band""",[-0.0],"[0, 0, 0, 0]"
252.408103943,,17421,,1583006557,265383958,"""Zero Band""",[-0.0],"[0, 0, 0, 0]"
252.408813,,17422,,1583006557,266078948,"""Zero Band""",[-0.0],"[0, 0, 0, 0]"
252.408866167,,17423,,1583006557,266078948,"""input stopped""",[-0.0],"[0, 0, 0, 0]"
252.965593338,,17424,,1583006557,822351932,"""Zero Band""",[-0.0],"[0, 0, 0, 0]"
252.969009399,,17425,,1583006557,825508117,"""Zero Band""",[-0.0],"[0, 0, 0, 0]"
252.970585823,,17426,,1583006557,827327966,"""Zero Band""",[-0.0],"[0, 0, 0, 0]"
252.972183466,,17427,,1583006557,829353094,"""Zero Band""",[-0.0],"[0, 0, 0, 0]"
252.976238489,,17428,,1583006557,833359003,"""Zero Band""",[-0.0],"[0, 0, 0, 0]"
252.97825551,,17429,,1583006557,835315942,"""Zero Band""",[-0.0016271184431388974],"[0, 0, 0, 0]"
252.984237909,,17430,,1583006557,837258100,"""Soft Puff""",[-0.012453158386051655],"[0, 1, 0, 0]"
252.989403486,,17431,,1583006557,842291116,"""Soft Puff""",[-0.023311322554945946],"[0, 1, 0, 0]"
252.994614124,,17432,,1583006557,847445964,"""Soft Puff""",[-0.03416948765516281],"[0, 1, 0, 0]"
253.001215696,,17433,,1583006557,852597951,"""Soft Puff""",[-0.04502765089273453],"[0, 1, 0, 0]"
253.006574154,,17434,,1583006557,859374046,"""Soft Puff""",[-0.055885814130306244],"[0, 1, 0, 0]"
253.011587858,,17435,,1583006557,864556074,"""Soft Puff""",[-0.07757002115249634],"[0, 1, 0, 0]"
253.017668486,,17436,,1583006557,869404077,"""Soft Puff""",[-0.08842818439006805],"[0, 1, 0, 0]"
253.022851706,,17437,,1583006557,875790119,"""Soft Puff""",[-0.09928634762763977],"[0, 1, 0, 0]"
253.02784133,,17438,,1583006557,880834102,"""Soft Puff""",[-0.11014451086521149],"[0, 1, 0, 0]"
253.032847643,,17439,,1583006557,885848045,"""Soft Puff""",[-0.1210026741027832],"[0, 1, 0, 0]"
253.039799929,,17440,,1583006557,890832901,"""Soft Puff""",[-0.13182871043682098],"[0, 1, 0, 0]"
253.047923326,,17441,,1583006557,897897005,"""Soft Puff""",[-0.1535450518131256],"[0, 1, 0, 0]"
253.054138184,,17442,,1583006557,905893087,"""Soft Puff""",[-0.16440321505069733],"[0, 1, 0, 0]"
253.060032845,,17443,,1583006557,912276029,"""Soft Puff""",[-0.17526137828826904],"[0, 1, 0, 0]"
253.064594746,,17444,,1583006557,918011903,"""Soft Puff""",[-0.18608741462230682],"[0, 1, 0, 0]"
253.071075439,,17445,,1583006557,922605037,"""Soft Puff""",[-0.19694557785987854],"[0, 1, 0, 0]"
253.076911211,,17446,,1583006557,929059982,"""Soft Puff""",[-0.20780374109745026],"[0, 1, 0, 0]"
253.083657742,,17447,,1583006557,934916019,"""Soft Puff""",[-0.21866190433502197],"[0, 1, 0, 0]"
253.089543819,,17448,,1583006557,941632986,"""Soft Puff""",[-0.2295200675725937],"[0, 1, 0, 0]"
253.0949471,,17449,,1583006557,947637081,"""Soft Puff""",[-0.24034611880779266],"[0, 1, 0, 0]"
253.101819515,,17450,,1583006557,952930927,"""Soft Puff""",[-0.2512042820453644],"[0, 1, 0, 0]"
253.108370066,,17451,,1583006557,959907054,"""Soft Puff""",[-0.2620624303817749],"[0, 1, 0, 0]"
253.113331318,,17452,,1583006557,966355085,"""Soft Puff""",[-0.2729206085205078],"[0, 1, 0, 0]"
253.118878126,,17453,,1583006557,971409082,"""Soft Puff""",[-0.28377875685691833],"[0, 1, 0, 0]"
253.123795986,,17454,,1583006557,976975917,"""Soft Puff""",[-0.29463693499565125],"[0, 1, 0, 0]"
253.12607789,,17455,,1583006557,983319997,"""Soft-Hard Puff Deadband""",[-0.3054629862308502],"[0, 0, 0, 0]"
253.134688616,,17456,,1583006557,991398096,"""Soft-Hard Puff Deadband""",[-0.31632113456726074],"[0, 0, 0, 0]"
253.148646355,,17457,,1583006558,5446910,"""Soft-Hard Puff Deadband""",[-0.32717931270599365],"[0, 0, 0, 0]"
253.158452511,,17458,,1583006558,15414953,"""Soft-Hard Puff Deadband""",[-0.3380374610424042],"[0, 0, 0, 0]"
253.16908741,,17459,,1583006558,25512933,"""Soft-Hard Puff Deadband""",[-0.3488956391811371],"[0, 0, 0, 0]"
253.176550627,,17460,,1583006558,33394098,"""Soft-Hard Puff Deadband""",[-0.35972166061401367],"[0, 0, 0, 0]"
253.186692715,,17461,,1583006558,43467044,"""Soft-Hard Puff Deadband""",[-0.3705798387527466],"[0, 0, 0, 0]"
253.204230785,,17462,,1583006558,61345100,"""Soft-Hard Puff Deadband""",[-0.3814379870891571],"[0, 0, 0, 0]"
253.220730543,,17463,,1583006558,77474117,"""Soft-Hard Puff Deadband""",[-0.39229616522789],"[0, 0, 0, 0]"
253.234966278,,17464,,1583006558,91473102,"""Soft-Hard Puff Deadband""",[-0.4031543433666229],"[0, 0, 0, 0]"
253.290831804,,17465,,1583006558,147459030,"""Soft-Hard Puff Deadband""",[-0.41401249170303345],"[0, 0, 0, 0]"
253.306519032,,17466,,1583006558,163364887,"""Soft-Hard Puff Deadband""",[-0.4248385429382324],"[0, 0, 0, 0]"
253.31653142,,17467,,1583006558,173430919,"""Soft-Hard Puff Deadband""",[-0.43569669127464294],"[0, 0, 0, 0]"
253.338398695,,17468,,1583006558,195410966,"""Soft-Hard Puff Deadband""",[-0.44655486941337585],"[0, 0, 0, 0]"
253.356688976,,17469,,1583006558,213445901,"""Soft-Hard Puff Deadband""",[-0.4574130177497864],"[0, 0, 0, 0]"
253.38480258,,17470,,1583006558,241360902,"""Soft-Hard Puff Deadband""",[-0.4682711958885193],"[0, 0, 0, 0]"
253.400841475,,17471,,1583006558,257499933,"""Soft-Hard Puff Deadband""",[-0.4574130177497864],"[0, 0, 0, 0]"
253.402440071,,17472,,1583006558,259340047,"""Soft-Hard Puff Deadband""",[-0.4682711958885193],"[0, 0, 0, 0]"
253.404133797,,17473,,1583006558,261290073,"""Soft-Hard Puff Deadband""",[-0.4574130177497864],"[0, 0, 0, 0]"
253.428740501,,17474,,1583006558,285468101,"""Soft-Hard Puff Deadband""",[-0.4682711958885193],"[0, 0, 0, 0]"
253.438446522,,17475,,1583006558,295413017,"""Soft-Hard Puff Deadband""",[-0.4790972173213959],"[0, 0, 0, 0]"
253.444165468,,17476,,1583006558,301311016,"""Soft-Hard Puff Deadband""",[-0.4899553954601288],"[0, 0, 0, 0]"
253.481037855,,17477,,1583006558,333462953,"""Zero Band""",[-0.5008135437965393],"[0, 0, 0, 0]"
253.481878042,,17478,,1583006558,339060068,"""Soft-Hard Puff Deadband""",[-0.4899553954601288],"[0, 0, 0, 0]"
253.494530439,,17479,,1583006558,351413011,"""Soft-Hard Puff Deadband""",[-0.4790972173213959],"[0, 0, 0, 0]"
253.502532005,,17480,,1583006558,359416007,"""Soft-Hard Puff Deadband""",[-0.4682711958885193],"[0, 0, 0, 0]"
253.506145954,,17481,,1583006558,363296985,"""Soft-Hard Puff Deadband""",[-0.4574130177497864],"[0, 0, 0, 0]"
253.51288867,,17482,,1583006558,369478940,"""Soft-Hard Puff Deadband""",[-0.44655486941337585],"[0, 0, 0, 0]"
253.516214371,,17483,,1583006558,373327970,"""Soft-Hard Puff Deadband""",[-0.43569669127464294],"[0, 0, 0, 0]"
253.556699514,,17484,,1583006558,413477897,"""Soft-Hard Puff Deadband""",[-0.4248385429382324],"[0, 0, 0, 0]"
253.572695971,,17485,,1583006558,429478883,"""Soft-Hard Puff Deadband""",[-0.41401249170303345],"[0, 0, 0, 0]"
253.582439899,,17486,,1583006558,439399957,"""Soft-Hard Puff Deadband""",[-0.4031543433666229],"[0, 0, 0, 0]"
253.584321022,,17487,,1583006558,441364049,"""Soft-Hard Puff Deadband""",[-0.39229616522789],"[0, 0, 0, 0]"
253.592193604,,17488,,1583006558,449316978,"""Soft-Hard Puff Deadband""",[-0.3814379870891571],"[0, 0, 0, 0]"
253.594074249,,17489,,1583006558,451280117,"""Soft-Hard Puff Deadband""",[-0.3705798387527466],"[0, 0, 0, 0]"
253.600623369,,17490,,1583006558,457405090,"""Soft-Hard Puff Deadband""",[-0.35972166061401367],"[0, 0, 0, 0]"
253.602317572,,17491,,1583006558,459315061,"""Soft-Hard Puff Deadband""",[-0.3488956391811371],"[0, 0, 0, 0]"
253.606186628,,17492,,1583006558,463310956,"""Soft-Hard Puff Deadband""",[-0.3380374610424042],"[0, 0, 0, 0]"
253.608114958,,17493,,1583006558,465327978,"""Soft-Hard Puff Deadband""",[-0.32717931270599365],"[0, 0, 0, 0]"
253.610225916,,17494,,1583006558,467336893,"""Soft-Hard Puff Deadband""",[-0.31632113456726074],"[0, 0, 0, 0]"
253.614191055,,17495,,1583006558,471317052,"""Soft-Hard Puff Deadband""",[-0.3054629862308502],"[0, 0, 0, 0]"
253.621906519,,17496,,1583006558,473299980,"""Soft Puff""",[-0.29463693499565125],"[0, 1, 0, 0]"
253.626667976,,17497,,1583006558,479981899,"""Soft Puff""",[-0.28377875685691833],"[0, 1, 0, 0]"
253.632310867,,17498,,1583006558,484693050,"""Soft Puff""",[-0.2620624303817749],"[0, 1, 0, 0]"
253.638530016,,17499,,1583006558,490384101,"""Soft Puff""",[-0.2512042820453644],"[0, 1, 0, 0]"
253.643405914,,17500,,1583006558,496607065,"""Soft Puff""",[-0.24034611880779266],"[0, 1, 0, 0]"
253.648239374,,17501,,1583006558,501388072,"""Soft Puff""",[-0.2295200675725937],"[0, 1, 0, 0]"
253.656599045,,17502,,1583006558,506376028,"""Soft Puff""",[-0.20780374109745026],"[0, 1, 0, 0]"
253.662323713,,17503,,1583006558,514759063,"""Soft Puff""",[-0.18608741462230682],"[0, 1, 0, 0]"
253.667365789,,17504,,1583006558,520301103,"""Soft Puff""",[-0.17526137828826904],"[0, 1, 0, 0]"
253.674047947,,17505,,1583006558,525362014,"""Soft Puff""",[-0.16440321505069733],"[0, 1, 0, 0]"
253.678806305,,17506,,1583006558,532031059,"""Soft Puff""",[-0.1535450518131256],"[0, 1, 0, 0]"
253.683548689,,17507,,1583006558,536825895,"""Soft Puff""",[-0.1426868885755539],"[0, 1, 0, 0]"
253.690256834,,17508,,1583006558,541531085,"""Soft Puff""",[-0.13182871043682098],"[0, 1, 0, 0]"
253.695512533,,17509,,1583006558,548325061,"""Soft Puff""",[-0.1210026741027832],"[0, 1, 0, 0]"
253.701078176,,17510,,1583006558,553517103,"""Soft Puff""",[-0.11014451086521149],"[0, 1, 0, 0]"
253.707906961,,17511,,1583006558,559104919,"""Soft Puff""",[-0.09928634762763977],"[0, 1, 0, 0]"
253.715331793,,17512,,1583006558,566041946,"""Soft Puff""",[-0.11014451086521149],"[0, 1, 0, 0]"
253.722725391,,17513,,1583006558,572933912,"""Soft Puff""",[-0.09928634762763977],"[0, 1, 0, 0]"
253.73256731,,17514,,1583006558,585386991,"""Soft Puff""",[-0.08842818439006805],"[0, 1, 0, 0]"
253.738880634,,17515,,1583006558,590641021,"""Soft Puff""",[-0.09928634762763977],"[0, 1, 0, 0]"
253.744072914,,17516,,1583006558,596936941,"""Soft Puff""",[-0.08842818439006805],"[0, 1, 0, 0]"
253.753209352,,17517,,1583006558,605519056,"""Soft Puff""",[-0.07757002115249634],"[0, 1, 0, 0]"
253.771684647,,17518,,1583006558,623380899,"""Soft Puff""",[-0.06671185791492462],"[0, 1, 0, 0]"
253.783140182,,17519,,1583006558,633393049,"""Soft Puff""",[-0.055885814130306244],"[0, 1, 0, 0]"
253.790483236,,17520,,1583006558,641230106,"""Soft Puff""",[-0.04502765089273453],"[0, 1, 0, 0]"
253.79707408,,17521,,1583006558,649372100,"""Soft Puff""",[-0.03416948765516281],"[0, 1, 0, 0]"
253.801549911,,17522,,1583006558,655153989,"""Soft Puff""",[-0.04502765089273453],"[0, 1, 0, 0]"
253.814825535,,17523,,1583006558,663341999,"""Soft Puff""",[-0.055885814130306244],"[0, 1, 0, 0]"
253.820997715,,17524,,1583006558,673382997,"""Soft Puff""",[-0.06671185791492462],"[0, 1, 0, 0]"
253.826032877,,17525,,1583006558,679316997,"""Soft Puff""",[-0.07757002115249634],"[0, 1, 0, 0]"
253.834022522,,17526,,1583006558,685359001,"""Soft Puff""",[-0.08842818439006805],"[0, 1, 0, 0]"
253.840865612,,17527,,1583006558,693365097,"""Soft Puff""",[-0.09928634762763977],"[0, 1, 0, 0]"
253.85850668,,17528,,1583006558,709449052,"""Soft Puff""",[-0.11014451086521149],"[0, 1, 0, 0]"
253.866787195,,17529,,1583006558,717252016,"""Soft Puff""",[-0.1210026741027832],"[0, 1, 0, 0]"
253.871774435,,17530,,1583006558,724824905,"""Soft Puff""",[-0.13182871043682098],"[0, 1, 0, 0]"
253.879744053,,17531,,1583006558,729823112,"""Soft Puff""",[-0.1426868885755539],"[0, 1, 0, 0]"
253.885215759,,17532,,1583006558,737950086,"""Soft Puff""",[-0.1535450518131256],"[0, 1, 0, 0]"
253.889863014,,17533,,1583006558,743307113,"""Soft Puff""",[-0.16440321505069733],"[0, 1, 0, 0]"
253.89652729,,17534,,1583006558,747924089,"""Soft Puff""",[-0.17526137828826904],"[0, 1, 0, 0]"
253.901936531,,17535,,1583006558,754674911,"""Soft Puff""",[-0.18608741462230682],"[0, 1, 0, 0]"
253.90741539,,17536,,1583006558,759979009,"""Soft Puff""",[-0.19694557785987854],"[0, 1, 0, 0]"
253.914591789,,17537,,1583006558,765480995,"""Soft Puff""",[-0.20780374109745026],"[0, 1, 0, 0]"
253.919392824,,17538,,1583006558,772567033,"""Soft Puff""",[-0.21866190433502197],"[0, 1, 0, 0]"
253.924084187,,17539,,1583006558,777503013,"""Soft Puff""",[-0.2295200675725937],"[0, 1, 0, 0]"
253.930082798,,17540,,1583006558,782150983,"""Soft Puff""",[-0.24034611880779266],"[0, 1, 0, 0]"
253.958972931,,17541,,1583006558,811389923,"""Soft Puff""",[-0.2512042820453644],"[0, 1, 0, 0]"
253.96804738,,17542,,1583006558,819468975,"""Soft Puff""",[-0.2620624303817749],"[0, 1, 0, 0]"
253.97740531,,17543,,1583006558,829396009,"""Soft Puff""",[-0.2729206085205078],"[0, 1, 0, 0]"
253.987630606,,17544,,1583006558,839385032,"""Soft Puff""",[-0.28377875685691833],"[0, 1, 0, 0]"
253.995324373,,17545,,1583006558,847300052,"""Soft Puff""",[-0.29463693499565125],"[0, 1, 0, 0]"
254.006599188,,17546,,1583006558,863373994,"""Soft-Hard Puff Deadband""",[-0.3054629862308502],"[0, 0, 0, 0]"
254.013783216,,17547,,1583006558,865309953,"""Soft Puff""",[-0.29463693499565125],"[0, 1, 0, 0]"
254.04442668,,17548,,1583006558,901360034,"""Soft-Hard Puff Deadband""",[-0.3054629862308502],"[0, 0, 0, 0]"
254.052390575,,17549,,1583006558,909396886,"""Soft-Hard Puff Deadband""",[-0.31632113456726074],"[0, 0, 0, 0]"
254.066565514,,17550,,1583006558,923420906,"""Soft-Hard Puff Deadband""",[-0.32717931270599365],"[0, 0, 0, 0]"
254.074231863,,17551,,1583006558,931318044,"""Soft-Hard Puff Deadband""",[-0.3380374610424042],"[0, 0, 0, 0]"
254.120644093,,17552,,1583006558,977479934,"""Soft-Hard Puff Deadband""",[-0.32717931270599365],"[0, 0, 0, 0]"
254.152663469,,17553,,1583006559,9543895,"""Soft-Hard Puff Deadband""",[-0.3380374610424042],"[0, 0, 0, 0]"
254.154084206,,17554,,1583006559,11287927,"""Soft-Hard Puff Deadband""",[-0.32717931270599365],"[0, 0, 0, 0]"
254.160198212,,17555,,1583006559,17319917,"""Soft-Hard Puff Deadband""",[-0.3380374610424042],"[0, 0, 0, 0]"
254.186854362,,17556,,1583006559,43421030,"""Soft-Hard Puff Deadband""",[-0.3488956391811371],"[0, 0, 0, 0]"
254.208520174,,17557,,1583006559,65413951,"""Soft-Hard Puff Deadband""",[-0.35972166061401367],"[0, 0, 0, 0]"
254.238474131,,17558,,1583006559,95400094,"""Soft-Hard Puff Deadband""",[-0.3705798387527466],"[0, 0, 0, 0]"
254.240234613,,17559,,1583006559,97345113,"""Soft-Hard Puff Deadband""",[-0.35972166061401367],"[0, 0, 0, 0]"
254.248477936,,17560,,1583006559,105362892,"""Soft-Hard Puff Deadband""",[-0.3705798387527466],"[0, 0, 0, 0]"
254.250904799,,17561,,1583006559,107433080,"""Soft-Hard Puff Deadband""",[-0.35972166061401367],"[0, 0, 0, 0]"
254.262507439,,17562,,1583006559,119404077,"""Soft-Hard Puff Deadband""",[-0.3705798387527466],"[0, 0, 0, 0]"
254.264303207,,17563,,1583006559,121329069,"""Soft-Hard Puff Deadband""",[-0.35972166061401367],"[0, 0, 0, 0]"
254.266391516,,17564,,1583006559,123315095,"""Soft-Hard Puff Deadband""",[-0.3705798387527466],"[0, 0, 0, 0]"
254.344578505,,17565,,1583006559,201493978,"""Soft-Hard Puff Deadband""",[-0.3814379870891571],"[0, 0, 0, 0]"
254.352777958,,17566,,1583006559,209503889,"""Soft-Hard Puff Deadband""",[-0.3705798387527466],"[0, 0, 0, 0]"
254.354170322,,17567,,1583006559,211302995,"""Soft-Hard Puff Deadband""",[-0.3814379870891571],"[0, 0, 0, 0]"
254.358151197,,17568,,1583006559,215300083,"""Soft-Hard Puff Deadband""",[-0.3705798387527466],"[0, 0, 0, 0]"
254.420550585,,17569,,1583006559,277436017,"""Soft-Hard Puff Deadband""",[-0.35972166061401367],"[0, 0, 0, 0]"
254.424227715,,17570,,1583006559,281363964,"""Soft-Hard Puff Deadband""",[-0.3705798387527466],"[0, 0, 0, 0]"
254.428126574,,17571,,1583006559,285319089,"""Soft-Hard Puff Deadband""",[-0.35972166061401367],"[0, 0, 0, 0]"
254.440387249,,17572,,1583006559,297435045,"""Soft-Hard Puff Deadband""",[-0.3488956391811371],"[0, 0, 0, 0]"
254.454611778,,17573,,1583006559,311459064,"""Soft-Hard Puff Deadband""",[-0.3380374610424042],"[0, 0, 0, 0]"
254.45812726,,17574,,1583006559,315284013,"""Soft-Hard Puff Deadband""",[-0.32717931270599365],"[0, 0, 0, 0]"
254.474500179,,17575,,1583006559,331387042,"""Soft-Hard Puff Deadband""",[-0.31632113456726074],"[0, 0, 0, 0]"
254.492313862,,17576,,1583006559,349441051,"""Soft-Hard Puff Deadband""",[-0.3054629862308502],"[0, 0, 0, 0]"
254.521101952,,17577,,1583006559,373445987,"""Soft Puff""",[-0.29463693499565125],"[0, 1, 0, 0]"
254.531314373,,17578,,1583006559,383326053,"""Soft Puff""",[-0.28377875685691833],"[0, 1, 0, 0]"
254.538837194,,17579,,1583006559,391313076,"""Soft Puff""",[-0.2729206085205078],"[0, 1, 0, 0]"
254.550501585,,17580,,1583006559,401345014,"""Soft Puff""",[-0.2620624303817749],"[0, 1, 0, 0]"
254.556624889,,17581,,1583006559,408564090,"""Soft Puff""",[-0.2512042820453644],"[0, 1, 0, 0]"
254.561964512,,17582,,1583006559,414700031,"""Soft Puff""",[-0.24034611880779266],"[0, 1, 0, 0]"
254.567737103,,17583,,1583006559,420017004,"""Soft Puff""",[-0.2295200675725937],"[0, 1, 0, 0]"
254.574220896,,17584,,1583006559,427313089,"""Soft Puff""",[-0.21866190433502197],"[0, 1, 0, 0]"
254.584904432,,17585,,1583006559,435339927,"""Soft Puff""",[-0.20780374109745026],"[0, 1, 0, 0]"
254.600984812,,17586,,1583006559,451425075,"""Soft Puff""",[-0.19694557785987854],"[0, 1, 0, 0]"
254.620014191,,17587,,1583006559,471431970,"""Soft Puff""",[-0.18608741462230682],"[0, 1, 0, 0]"
254.633388042,,17588,,1583006559,485428094,"""Soft Puff""",[-0.17526137828826904],"[0, 1, 0, 0]"
254.639089823,,17589,,1583006559,491522073,"""Soft Puff""",[-0.16440321505069733],"[0, 1, 0, 0]"
254.647415876,,17590,,1583006559,497380971,"""Soft Puff""",[-0.1535450518131256],"[0, 1, 0, 0]"
254.65426755,,17591,,1583006559,505508899,"""Soft Puff""",[-0.1426868885755539],"[0, 1, 0, 0]"
254.66037488,,17592,,1583006559,512370109,"""Soft Puff""",[-0.13182871043682098],"[0, 1, 0, 0]"
254.666932821,,17593,,1583006559,518457889,"""Soft Puff""",[-0.1210026741027832],"[0, 1, 0, 0]"
254.6722188,,17594,,1583006559,525047063,"""Soft Puff""",[-0.11014451086521149],"[0, 1, 0, 0]"
254.678247929,,17595,,1583006559,530311107,"""Soft Puff""",[-0.09928634762763977],"[0, 1, 0, 0]"
254.685110807,,17596,,1583006559,536230087,"""Soft Puff""",[-0.08842818439006805],"[0, 1, 0, 0]"
254.690499306,,17597,,1583006559,543180942,"""Soft Puff""",[-0.07757002115249634],"[0, 1, 0, 0]"
254.696336746,,17598,,1583006559,548546075,"""Soft Puff""",[-0.06671185791492462],"[0, 1, 0, 0]"
254.701749086,,17599,,1583006559,554318904,"""Soft Puff""",[-0.055885814130306244],"[0, 1, 0, 0]"
254.706538439,,17600,,1583006559,559724092,"""Soft Puff""",[-0.04502765089273453],"[0, 1, 0, 0]"
254.712934017,,17601,,1583006559,564537048,"""Soft Puff""",[-0.03416948765516281],"[0, 1, 0, 0]"
254.720569372,,17602,,1583006559,571069002,"""Soft Puff""",[-0.023311322554945946],"[0, 1, 0, 0]"
254.724934816,,17603,,1583006559,578550100,"""Soft Puff""",[-0.012453158386051655],"[0, 1, 0, 0]"
254.725821257,,17604,,1583006559,583051919,"""Zero Band""",[-0.0016271184431388974],"[0, 0, 0, 0]"
254.726553679,,17605,,1583006559,583806037,"""Zero Band""",[-0.0],"[0, 0, 0, 0]"
254.727315187,,17606,,1583006559,584537982,"""Zero Band""",[-0.0],"[0, 0, 0, 0]"
254.728039503,,17607,,1583006559,585319995,"""Zero Band""",[-0.0],"[0, 0, 0, 0]"
254.72881031,,17608,,1583006559,586018085,"""Zero Band""",[-0.0],"[0, 0, 0, 0]"
254.729501009,,17609,,1583006559,586796045,"""Zero Band""",[-0.0],"[0, 0, 0, 0]"
254.730331421,,17610,,1583006559,587558984,"""Zero Band""",[-0.0],"[0, 0, 0, 0]"
254.73051095,,17611,,1583006559,587558984,"""input stopped""",[-0.0],"[0, 0, 0, 0]"
255.037547588,,17612,,1583006559,894381999,"""Zero Band""",[-0.0],"[0, 0, 0, 0]"
255.044579506,,17613,,1583006559,901417970,"""Zero Band""",[-0.0],"[0, 0, 0, 0]"
255.046322107,,17614,,1583006559,903332948,"""Zero Band""",[-0.0],"[0, 0, 0, 0]"
255.052551508,,17615,,1583006559,909322977,"""Zero Band""",[-0.0],"[0, 0, 0, 0]"
255.054273129,,17616,,1583006559,911338090,"""Zero Band""",[-0.0],"[0, 0, 0, 0]"
255.060312748,,17617,,1583006559,917349100,"""Zero Band""",[-0.0016271184431388974],"[0, 0, 0, 0]"
255.066802502,,17618,,1583006559,919315099,"""Soft Puff""",[-0.012453158386051655],"[0, 1, 0, 0]"
255.074166536,,17619,,1583006559,927293062,"""Soft Puff""",[-0.023311322554945946],"[0, 1, 0, 0]"
255.081035376,,17620,,1583006559,933317899,"""Soft Puff""",[-0.03416948765516281],"[0, 1, 0, 0]"
255.08706522,,17621,,1583006559,939085960,"""Soft Puff""",[-0.04502765089273453],"[0, 1, 0, 0]"
255.091499805,,17622,,1583006559,945069074,"""Soft Puff""",[-0.055885814130306244],"[0, 1, 0, 0]"
255.099494934,,17623,,1583006559,949551105,"""Soft Puff""",[-0.06671185791492462],"[0, 1, 0, 0]"
255.105545044,,17624,,1583006559,957566976,"""Soft Puff""",[-0.07757002115249634],"[0, 1, 0, 0]"
255.110223532,,17625,,1583006559,963572025,"""Soft Puff""",[-0.08842818439006805],"[0, 1, 0, 0]"
255.12089777,,17626,,1583006559,971319913,"""Soft Puff""",[-0.09928634762763977],"[0, 1, 0, 0]"
255.128254652,,17627,,1583006559,979341983,"""Soft Puff""",[-0.11014451086521149],"[0, 1, 0, 0]"
255.138874054,,17628,,1583006559,989352941,"""Soft Puff""",[-0.1210026741027832],"[0, 1, 0, 0]"
255.1443398,,17629,,1583006559,997359037,"""Soft Puff""",[-0.13182871043682098],"[0, 1, 0, 0]"
255.154555559,,17630,,1583006560,5345106,"""Soft Puff""",[-0.1426868885755539],"[0, 1, 0, 0]"
255.161323071,,17631,,1583006560,12607097,"""Soft Puff""",[-0.1535450518131256],"[0, 1, 0, 0]"
255.168995619,,17632,,1583006560,21339893,"""Soft Puff""",[-0.16440321505069733],"[0, 1, 0, 0]"
255.174954176,,17633,,1583006560,27160882,"""Soft Puff""",[-0.17526137828826904],"[0, 1, 0, 0]"
255.181141138,,17634,,1583006560,33023118,"""Soft Puff""",[-0.18608741462230682],"[0, 1, 0, 0]"
255.191017151,,17635,,1583006560,41407108,"""Soft Puff""",[-0.19694557785987854],"[0, 1, 0, 0]"
255.196058035,,17636,,1583006560,49196958,"""Soft Puff""",[-0.20780374109745026],"[0, 1, 0, 0]"
255.206816912,,17637,,1583006560,57368040,"""Soft Puff""",[-0.21866190433502197],"[0, 1, 0, 0]"
255.22541523,,17638,,1583006560,75371980,"""Soft Puff""",[-0.2295200675725937],"[0, 1, 0, 0]"
255.23817277,,17639,,1583006560,89354991,"""Soft Puff""",[-0.24034611880779266],"[0, 1, 0, 0]"
255.246572733,,17640,,1583006560,99344015,"""Soft Puff""",[-0.2512042820453644],"[0, 1, 0, 0]"
255.255999804,,17641,,1583006560,107316970,"""Soft Puff""",[-0.2620624303817749],"[0, 1, 0, 0]"
255.264658928,,17642,,1583006560,117388010,"""Soft Puff""",[-0.2729206085205078],"[0, 1, 0, 0]"
255.32038784,,17643,,1583006560,171442985,"""Soft Puff""",[-0.28377875685691833],"[0, 1, 0, 0]"
255.341705322,,17644,,1583006560,193468093,"""Soft Puff""",[-0.29463693499565125],"[0, 1, 0, 0]"
255.348460197,,17645,,1583006560,199799060,"""Soft Puff""",[-0.28377875685691833],"[0, 1, 0, 0]"
255.355326414,,17646,,1583006560,206501007,"""Soft Puff""",[-0.29463693499565125],"[0, 1, 0, 0]"
255.378744364,,17647,,1583006560,235466003,"""Soft-Hard Puff Deadband""",[-0.3054629862308502],"[0, 0, 0, 0]"
255.400650501,,17648,,1583006560,257481098,"""Soft-Hard Puff Deadband""",[-0.31632113456726074],"[0, 0, 0, 0]"
255.424713135,,17649,,1583006560,281474113,"""Soft-Hard Puff Deadband""",[-0.32717931270599365],"[0, 0, 0, 0]"
255.453009844,,17650,,1583006560,309468030,"""Soft-Hard Puff Deadband""",[-0.3380374610424042],"[0, 0, 0, 0]"
255.466444969,,17651,,1583006560,323338985,"""Soft-Hard Puff Deadband""",[-0.3488956391811371],"[0, 0, 0, 0]"
255.486651897,,17652,,1583006560,343449115,"""Soft-Hard Puff Deadband""",[-0.35972166061401367],"[0, 0, 0, 0]"
255.530539513,,17653,,1583006560,387368917,"""Soft-Hard Puff Deadband""",[-0.3488956391811371],"[0, 0, 0, 0]"
255.534392118,,17654,,1583006560,391381025,"""Soft-Hard Puff Deadband""",[-0.35972166061401367],"[0, 0, 0, 0]"
255.5362885,,17655,,1583006560,393336057,"""Soft-Hard Puff Deadband""",[-0.3488956391811371],"[0, 0, 0, 0]"
255.608891964,,17656,,1583006560,465445995,"""Soft-Hard Puff Deadband""",[-0.35972166061401367],"[0, 0, 0, 0]"
255.622532845,,17657,,1583006560,479383945,"""Soft-Hard Puff Deadband""",[-0.3705798387527466],"[0, 0, 0, 0]"
255.624186039,,17658,,1583006560,481303930,"""Soft-Hard Puff Deadband""",[-0.35972166061401367],"[0, 0, 0, 0]"
255.628157616,,17659,,1583006560,485320091,"""Soft-Hard Puff Deadband""",[-0.3705798387527466],"[0, 0, 0, 0]"
255.640578985,,17660,,1583006560,497452974,"""Soft-Hard Puff Deadband""",[-0.3814379870891571],"[0, 0, 0, 0]"
255.656622648,,17661,,1583006560,513422966,"""Soft-Hard Puff Deadband""",[-0.39229616522789],"[0, 0, 0, 0]"
255.672448874,,17662,,1583006560,529383897,"""Soft-Hard Puff Deadband""",[-0.4031543433666229],"[0, 0, 0, 0]"
255.690876961,,17663,,1583006560,547375917,"""Soft-Hard Puff Deadband""",[-0.41401249170303345],"[0, 0, 0, 0]"
255.72862339,,17664,,1583006560,585419893,"""Soft-Hard Puff Deadband""",[-0.4248385429382324],"[0, 0, 0, 0]"
255.765011549,,17665,,1583006560,621460914,"""Soft-Hard Puff Deadband""",[-0.41401249170303345],"[0, 0, 0, 0]"
255.790529966,,17666,,1583006560,647439956,"""Soft-Hard Puff Deadband""",[-0.4031543433666229],"[0, 0, 0, 0]"
255.804629564,,17667,,1583006560,661406993,"""Soft-Hard Puff Deadband""",[-0.39229616522789],"[0, 0, 0, 0]"
255.816394329,,17668,,1583006560,673368930,"""Soft-Hard Puff Deadband""",[-0.3814379870891571],"[0, 0, 0, 0]"
255.828556061,,17669,,1583006560,685399055,"""Soft-Hard Puff Deadband""",[-0.3705798387527466],"[0, 0, 0, 0]"
255.836338282,,17670,,1583006560,693391084,"""Soft-Hard Puff Deadband""",[-0.35972166061401367],"[0, 0, 0, 0]"
255.844269753,,17671,,1583006560,701333045,"""Soft-Hard Puff Deadband""",[-0.3488956391811371],"[0, 0, 0, 0]"
255.854559183,,17672,,1583006560,711406946,"""Soft-Hard Puff Deadband""",[-0.3380374610424042],"[0, 0, 0, 0]"
255.858380795,,17673,,1583006560,715336084,"""Soft-Hard Puff Deadband""",[-0.32717931270599365],"[0, 0, 0, 0]"
255.8705616,,17674,,1583006560,727457046,"""Soft-Hard Puff Deadband""",[-0.31632113456726074],"[0, 0, 0, 0]"
255.874251604,,17675,,1583006560,731311082,"""Soft-Hard Puff Deadband""",[-0.3054629862308502],"[0, 0, 0, 0]"
255.884671926,,17676,,1583006560,737365007,"""Soft Puff""",[-0.29463693499565125],"[0, 1, 0, 0]"
255.892004728,,17677,,1583006560,745322942,"""Soft Puff""",[-0.28377875685691833],"[0, 1, 0, 0]"
255.897423983,,17678,,1583006560,750036954,"""Soft Puff""",[-0.2729206085205078],"[0, 1, 0, 0]"
255.906669617,,17679,,1583006560,759447097,"""Soft Puff""",[-0.2620624303817749],"[0, 1, 0, 0]"
255.913199186,,17680,,1583006560,765336990,"""Soft Puff""",[-0.2512042820453644],"[0, 1, 0, 0]"
255.923098803,,17681,,1583006560,773437023,"""Soft Puff""",[-0.24034611880779266],"[0, 1, 0, 0]"
255.931454659,,17682,,1583006560,783312082,"""Soft Puff""",[-0.2295200675725937],"[0, 1, 0, 0]"
255.941503286,,17683,,1583006560,793389081,"""Soft Puff""",[-0.21866190433502197],"[0, 1, 0, 0]"
255.955943823,,17684,,1583006560,807418107,"""Soft Puff""",[-0.20780374109745026],"[0, 1, 0, 0]"
255.961396456,,17685,,1583006560,813992977,"""Soft Puff""",[-0.21866190433502197],"[0, 1, 0, 0]"
255.967168093,,17686,,1583006560,819490909,"""Soft Puff""",[-0.20780374109745026],"[0, 1, 0, 0]"
255.984958649,,17687,,1583006560,835433006,"""Soft Puff""",[-0.19694557785987854],"[0, 1, 0, 0]"
255.998814583,,17688,,1583006560,851408958,"""Soft Puff""",[-0.18608741462230682],"[0, 1, 0, 0]"
256.005300045,,17689,,1583006560,857335090,"""Soft Puff""",[-0.19694557785987854],"[0, 1, 0, 0]"
256.012170315,,17690,,1583006560,863387107,"""Soft Puff""",[-0.18608741462230682],"[0, 1, 0, 0]"
256.030932903,,17691,,1583006560,883372068,"""Soft Puff""",[-0.17526137828826904],"[0, 1, 0, 0]"
256.054206848,,17692,,1583006560,905461072,"""Soft Puff""",[-0.16440321505069733],"[0, 1, 0, 0]"
256.072348833,,17693,,1583006560,923388957,"""Soft Puff""",[-0.1535450518131256],"[0, 1, 0, 0]"
256.149536371,,17694,,1583006561,1416921,"""Soft Puff""",[-0.16440321505069733],"[0, 1, 0, 0]"
256.156047106,,17695,,1583006561,7669925,"""Soft Puff""",[-0.1535450518131256],"[0, 1, 0, 0]"
256.162148476,,17696,,1583006561,14064073,"""Soft Puff""",[-0.16440321505069733],"[0, 1, 0, 0]"
256.177253962,,17697,,1583006561,27424097,"""Soft Puff""",[-0.17526137828826904],"[0, 1, 0, 0]"
256.197488785,,17698,,1583006561,49443960,"""Soft Puff""",[-0.18608741462230682],"[0, 1, 0, 0]"
256.217438936,,17699,,1583006561,69434881,"""Soft Puff""",[-0.19694557785987854],"[0, 1, 0, 0]"
256.231636047,,17700,,1583006561,83419084,"""Soft Puff""",[-0.20780374109745026],"[0, 1, 0, 0]"
256.242417097,,17701,,1583006561,93432903,"""Soft Puff""",[-0.21866190433502197],"[0, 1, 0, 0]"
256.252370834,,17702,,1583006561,105412960,"""Soft Puff""",[-0.2295200675725937],"[0, 1, 0, 0]"
256.26906538,,17703,,1583006561,121469020,"""Soft Puff""",[-0.24034611880779266],"[0, 1, 0, 0]"
256.276110888,,17704,,1583006561,127181053,"""Soft Puff""",[-0.2295200675725937],"[0, 1, 0, 0]"
256.281716824,,17705,,1583006561,134212970,"""Soft Puff""",[-0.24034611880779266],"[0, 1, 0, 0]"
256.301866531,,17706,,1583006561,153453111,"""Soft Puff""",[-0.2512042820453644],"[0, 1, 0, 0]"
256.36019659,,17707,,1583006561,211497068,"""Soft Puff""",[-0.24034611880779266],"[0, 1, 0, 0]"
256.365486145,,17708,,1583006561,218270063,"""Soft Puff""",[-0.2512042820453644],"[0, 1, 0, 0]"
256.371097326,,17709,,1583006561,223571062,"""Soft Puff""",[-0.24034611880779266],"[0, 1, 0, 0]"
256.377471447,,17710,,1583006561,229067087,"""Soft Puff""",[-0.2512042820453644],"[0, 1, 0, 0]"
256.382240295,,17711,,1583006561,235496997,"""Soft Puff""",[-0.24034611880779266],"[0, 1, 0, 0]"
256.387821913,,17712,,1583006561,240323066,"""Soft Puff""",[-0.2512042820453644],"[0, 1, 0, 0]"
256.394757509,,17713,,1583006561,245914936,"""Soft Puff""",[-0.24034611880779266],"[0, 1, 0, 0]"
256.399376631,,17714,,1583006561,252825021,"""Soft Puff""",[-0.2512042820453644],"[0, 1, 0, 0]"
256.424675226,,17715,,1583006561,275357007,"""Soft Puff""",[-0.24034611880779266],"[0, 1, 0, 0]"
256.430123329,,17716,,1583006561,282680988,"""Soft Puff""",[-0.2512042820453644],"[0, 1, 0, 0]"
256.435940742,,17717,,1583006561,288197994,"""Soft Puff""",[-0.24034611880779266],"[0, 1, 0, 0]"
256.442014694,,17718,,1583006561,294049978,"""Soft Puff""",[-0.2512042820453644],"[0, 1, 0, 0]"
256.490627766,,17719,,1583006561,341454982,"""Soft Puff""",[-0.2620624303817749],"[0, 1, 0, 0]"
256.604031801,,17720,,1583006561,455447912,"""Soft Puff""",[-0.2729206085205078],"[0, 1, 0, 0]"
256.609312057,,17721,,1583006561,462084054,"""Soft Puff""",[-0.2620624303817749],"[0, 1, 0, 0]"
256.613962412,,17722,,1583006561,467397928,"""Soft Puff""",[-0.2729206085205078],"[0, 1, 0, 0]"
256.663187742,,17723,,1583006561,515376091,"""Soft Puff""",[-0.28377875685691833],"[0, 1, 0, 0]"
256.70115757,,17724,,1583006561,553459882,"""Soft Puff""",[-0.2729206085205078],"[0, 1, 0, 0]"
256.70875597,,17725,,1583006561,559292078,"""Soft Puff""",[-0.28377875685691833],"[0, 1, 0, 0]"
256.713409185,,17726,,1583006561,566770076,"""Soft Puff""",[-0.2729206085205078],"[0, 1, 0, 0]"
256.719058037,,17727,,1583006561,571501970,"""Soft Puff""",[-0.28377875685691833],"[0, 1, 0, 0]"
256.726822138,,17728,,1583006561,577189922,"""Soft Puff""",[-0.2729206085205078],"[0, 1, 0, 0]"
256.732336521,,17729,,1583006561,584883928,"""Soft Puff""",[-0.28377875685691833],"[0, 1, 0, 0]"
256.737636328,,17730,,1583006561,590393066,"""Soft Puff""",[-0.2729206085205078],"[0, 1, 0, 0]"
256.743212461,,17731,,1583006561,595623970,"""Soft Puff""",[-0.28377875685691833],"[0, 1, 0, 0]"
256.747756243,,17732,,1583006561,601295948,"""Soft Puff""",[-0.2729206085205078],"[0, 1, 0, 0]"
256.753063679,,17733,,1583006561,605803966,"""Soft Puff""",[-0.28377875685691833],"[0, 1, 0, 0]"
256.760026455,,17734,,1583006561,611156940,"""Soft Puff""",[-0.2729206085205078],"[0, 1, 0, 0]"
256.765990734,,17735,,1583006561,618123054,"""Soft Puff""",[-0.28377875685691833],"[0, 1, 0, 0]"
256.771668673,,17736,,1583006561,623989105,"""Soft Puff""",[-0.2729206085205078],"[0, 1, 0, 0]"
256.776872158,,17737,,1583006561,629772901,"""Soft Puff""",[-0.28377875685691833],"[0, 1, 0, 0]"
256.781525135,,17738,,1583006561,634768009,"""Soft Puff""",[-0.2729206085205078],"[0, 1, 0, 0]"
256.792267323,,17739,,1583006561,643413066,"""Soft Puff""",[-0.28377875685691833],"[0, 1, 0, 0]"
256.79705143,,17740,,1583006561,650317907,"""Soft Puff""",[-0.2729206085205078],"[0, 1, 0, 0]"
256.802236557,,17741,,1583006561,655117988,"""Soft Puff""",[-0.28377875685691833],"[0, 1, 0, 0]"
256.80906415,,17742,,1583006561,659950971,"""Soft Puff""",[-0.2729206085205078],"[0, 1, 0, 0]"
256.813734055,,17743,,1583006561,666964054,"""Soft Puff""",[-0.28377875685691833],"[0, 1, 0, 0]"
256.819564581,,17744,,1583006561,671792030,"""Soft Puff""",[-0.2729206085205078],"[0, 1, 0, 0]"
256.825739145,,17745,,1583006561,677642107,"""Soft Puff""",[-0.28377875685691833],"[0, 1, 0, 0]"
256.830532551,,17746,,1583006561,683799028,"""Soft Puff""",[-0.2729206085205078],"[0, 1, 0, 0]"
256.836702347,,17747,,1583006561,689327955,"""Soft Puff""",[-0.28377875685691833],"[0, 1, 0, 0]"
256.896233082,,17748,,1583006561,747379064,"""Soft Puff""",[-0.29463693499565125],"[0, 1, 0, 0]"
256.9347651,,17749,,1583006561,791486978,"""Soft-Hard Puff Deadband""",[-0.3054629862308502],"[0, 0, 0, 0]"
256.956276178,,17750,,1583006561,813369989,"""Soft-Hard Puff Deadband""",[-0.31632113456726074],"[0, 0, 0, 0]"
257.012360096,,17751,,1583006561,869365930,"""Soft-Hard Puff Deadband""",[-0.32717931270599365],"[0, 0, 0, 0]"
257.094565868,,17752,,1583006561,951404094,"""Soft-Hard Puff Deadband""",[-0.3380374610424042],"[0, 0, 0, 0]"
257.09843874,,17753,,1583006561,955353975,"""Soft-Hard Puff Deadband""",[-0.32717931270599365],"[0, 0, 0, 0]"
257.132596493,,17754,,1583006561,989365100,"""Soft-Hard Puff Deadband""",[-0.3380374610424042],"[0, 0, 0, 0]"
257.134227753,,17755,,1583006561,991322040,"""Soft-Hard Puff Deadband""",[-0.32717931270599365],"[0, 0, 0, 0]"
257.140661001,,17756,,1583006561,997428894,"""Soft-Hard Puff Deadband""",[-0.3380374610424042],"[0, 0, 0, 0]"
257.142280102,,17757,,1583006561,999356031,"""Soft-Hard Puff Deadband""",[-0.32717931270599365],"[0, 0, 0, 0]"
257.176734686,,17758,,1583006562,33471107,"""Soft-Hard Puff Deadband""",[-0.3380374610424042],"[0, 0, 0, 0]"
257.17829299,,17759,,1583006562,35321950,"""Soft-Hard Puff Deadband""",[-0.32717931270599365],"[0, 0, 0, 0]"
257.180182457,,17760,,1583006562,37316083,"""Soft-Hard Puff Deadband""",[-0.3380374610424042],"[0, 0, 0, 0]"
257.184431791,,17761,,1583006562,41372060,"""Soft-Hard Puff Deadband""",[-0.32717931270599365],"[0, 0, 0, 0]"
257.188302517,,17762,,1583006562,45316934,"""Soft-Hard Puff Deadband""",[-0.3380374610424042],"[0, 0, 0, 0]"
257.230664968,,17763,,1583006562,87446928,"""Soft-Hard Puff Deadband""",[-0.32717931270599365],"[0, 0, 0, 0]"
257.236459017,,17764,,1583006562,93369007,"""Soft-Hard Puff Deadband""",[-0.3380374610424042],"[0, 0, 0, 0]"
257.238103628,,17765,,1583006562,95324039,"""Soft-Hard Puff Deadband""",[-0.32717931270599365],"[0, 0, 0, 0]"
257.244133711,,17766,,1583006562,101320981,"""Soft-Hard Puff Deadband""",[-0.3380374610424042],"[0, 0, 0, 0]"
257.246015787,,17767,,1583006562,103301048,"""Soft-Hard Puff Deadband""",[-0.32717931270599365],"[0, 0, 0, 0]"
257.248105526,,17768,,1583006562,105297088,"""Soft-Hard Puff Deadband""",[-0.3380374610424042],"[0, 0, 0, 0]"
257.250024796,,17769,,1583006562,107289075,"""Soft-Hard Puff Deadband""",[-0.32717931270599365],"[0, 0, 0, 0]"
257.3443892,,17770,,1583006562,201431989,"""Soft-Hard Puff Deadband""",[-0.31632113456726074],"[0, 0, 0, 0]"
257.348269224,,17771,,1583006562,205310106,"""Soft-Hard Puff Deadband""",[-0.32717931270599365],"[0, 0, 0, 0]"
257.350189924,,17772,,1583006562,207345008,"""Soft-Hard Puff Deadband""",[-0.31632113456726074],"[0, 0, 0, 0]"
257.382777452,,17773,,1583006562,239557981,"""Soft-Hard Puff Deadband""",[-0.3054629862308502],"[0, 0, 0, 0]"
257.384134769,,17774,,1583006562,241286039,"""Soft-Hard Puff Deadband""",[-0.31632113456726074],"[0, 0, 0, 0]"
257.386077642,,17775,,1583006562,243277072,"""Soft-Hard Puff Deadband""",[-0.3054629862308502],"[0, 0, 0, 0]"
257.442461252,,17776,,1583006562,293518066,"""Soft Puff""",[-0.29463693499565125],"[0, 1, 0, 0]"
257.464951754,,17777,,1583006562,317415952,"""Soft Puff""",[-0.28377875685691833],"[0, 1, 0, 0]"
257.483466864,,17778,,1583006562,335405111,"""Soft Puff""",[-0.2729206085205078],"[0, 1, 0, 0]"
257.495259523,,17779,,1583006562,347453117,"""Soft Puff""",[-0.2620624303817749],"[0, 1, 0, 0]"
257.510763645,,17780,,1583006562,361597061,"""Soft Puff""",[-0.2512042820453644],"[0, 1, 0, 0]"
257.524007797,,17781,,1583006562,375349998,"""Soft Puff""",[-0.24034611880779266],"[0, 1, 0, 0]"
257.544056416,,17782,,1583006562,395482063,"""Soft Puff""",[-0.2295200675725937],"[0, 1, 0, 0]"
257.566151381,,17783,,1583006562,417443037,"""Soft Puff""",[-0.21866190433502197],"[0, 1, 0, 0]"
257.573633432,,17784,,1583006562,424192905,"""Soft Puff""",[-0.2295200675725937],"[0, 1, 0, 0]"
257.578865051,,17785,,1583006562,431711912,"""Soft Puff""",[-0.21866190433502197],"[0, 1, 0, 0]"
257.585223436,,17786,,1583006562,436918020,"""Soft Puff""",[-0.2295200675725937],"[0, 1, 0, 0]"
257.590293169,,17787,,1583006562,443196058,"""Soft Puff""",[-0.21866190433502197],"[0, 1, 0, 0]"
257.609603882,,17788,,1583006562,461585044,"""Soft Puff""",[-0.20780374109745026],"[0, 1, 0, 0]"
257.614901781,,17789,,1583006562,467741012,"""Soft Puff""",[-0.21866190433502197],"[0, 1, 0, 0]"
257.624390364,,17790,,1583006562,475332975,"""Soft Puff""",[-0.20780374109745026],"[0, 1, 0, 0]"
257.63396883,,17791,,1583006562,485354900,"""Soft Puff""",[-0.21866190433502197],"[0, 1, 0, 0]"
257.641487837,,17792,,1583006562,492105960,"""Soft Puff""",[-0.20780374109745026],"[0, 1, 0, 0]"
257.64601016,,17793,,1583006562,499538898,"""Soft Puff""",[-0.21866190433502197],"[0, 1, 0, 0]"
257.650554657,,17794,,1583006562,504045009,"""Soft Puff""",[-0.20780374109745026],"[0, 1, 0, 0]"
257.656415224,,17795,,1583006562,508599996,"""Soft Puff""",[-0.21866190433502197],"[0, 1, 0, 0]"
257.66229105,,17796,,1583006562,514456033,"""Soft Puff""",[-0.20780374109745026],"[0, 1, 0, 0]"
257.667609215,,17797,,1583006562,520342111,"""Soft Puff""",[-0.21866190433502197],"[0, 1, 0, 0]"
257.674247503,,17798,,1583006562,525757074,"""Soft Puff""",[-0.20780374109745026],"[0, 1, 0, 0]"
257.679050922,,17799,,1583006562,532305955,"""Soft Puff""",[-0.21866190433502197],"[0, 1, 0, 0]"
257.6844697,,17800,,1583006562,537106037,"""Soft Puff""",[-0.20780374109745026],"[0, 1, 0, 0]"
257.691865683,,17801,,1583006562,542450904,"""Soft Puff""",[-0.21866190433502197],"[0, 1, 0, 0]"
257.700539589,,17802,,1583006562,553431987,"""Soft Puff""",[-0.2295200675725937],"[0, 1, 0, 0]"
257.759966135,,17803,,1583006562,611419916,"""Soft Puff""",[-0.24034611880779266],"[0, 1, 0, 0]"
257.79515624,,17804,,1583006562,647474050,"""Soft Puff""",[-0.2512042820453644],"[0, 1, 0, 0]"
257.801123619,,17805,,1583006562,653238058,"""Soft Puff""",[-0.24034611880779266],"[0, 1, 0, 0]"
257.807371378,,17806,,1583006562,659162998,"""Soft Puff""",[-0.2512042820453644],"[0, 1, 0, 0]"
257.812809944,,17807,,1583006562,665447950,"""Soft Puff""",[-0.24034611880779266],"[0, 1, 0, 0]"
257.818749189,,17808,,1583006562,670850038,"""Soft Puff""",[-0.2512042820453644],"[0, 1, 0, 0]"
257.826216936,,17809,,1583006562,676847934,"""Soft Puff""",[-0.24034611880779266],"[0, 1, 0, 0]"
257.832216024,,17810,,1583006562,684273958,"""Soft Puff""",[-0.2512042820453644],"[0, 1, 0, 0]"
257.838789463,,17811,,1583006562,690280914,"""Soft Puff""",[-0.24034611880779266],"[0, 1, 0, 0]"
257.846610308,,17812,,1583006562,696747064,"""Soft Puff""",[-0.2512042820453644],"[0, 1, 0, 0]"
257.852825403,,17813,,1583006562,704673051,"""Soft Puff""",[-0.24034611880779266],"[0, 1, 0, 0]"
257.858795643,,17814,,1583006562,710932970,"""Soft Puff""",[-0.2512042820453644],"[0, 1, 0, 0]"
257.865121126,,17815,,1583006562,716768980,"""Soft Puff""",[-0.24034611880779266],"[0, 1, 0, 0]"
257.870223522,,17816,,1583006562,723056077,"""Soft Puff""",[-0.2512042820453644],"[0, 1, 0, 0]"
257.875992298,,17817,,1583006562,728070020,"""Soft Puff""",[-0.24034611880779266],"[0, 1, 0, 0]"
257.882442713,,17818,,1583006562,733958959,"""Soft Puff""",[-0.2512042820453644],"[0, 1, 0, 0]"
257.888858557,,17819,,1583006562,740446090,"""Soft Puff""",[-0.24034611880779266],"[0, 1, 0, 0]"
257.894189835,,17820,,1583006562,746915102,"""Soft Puff""",[-0.2512042820453644],"[0, 1, 0, 0]"
257.899235725,,17821,,1583006562,752305030,"""Soft Puff""",[-0.24034611880779266],"[0, 1, 0, 0]"
257.90459466,,17822,,1583006562,757101058,"""Soft Puff""",[-0.2512042820453644],"[0, 1, 0, 0]"
257.910836935,,17823,,1583006562,762615919,"""Soft Puff""",[-0.24034611880779266],"[0, 1, 0, 0]"
257.917911768,,17824,,1583006562,768834114,"""Soft Puff""",[-0.2512042820453644],"[0, 1, 0, 0]"
257.923005342,,17825,,1583006562,775877952,"""Soft Puff""",[-0.24034611880779266],"[0, 1, 0, 0]"
257.927775621,,17826,,1583006562,780983924,"""Soft Puff""",[-0.2512042820453644],"[0, 1, 0, 0]"
258.01885438,,17827,,1583006562,871455907,"""Soft Puff""",[-0.24034611880779266],"[0, 1, 0, 0]"
258.023656368,,17828,,1583006562,876926898,"""Soft Puff""",[-0.2512042820453644],"[0, 1, 0, 0]"
258.029525042,,17829,,1583006562,881725072,"""Soft Puff""",[-0.24034611880779266],"[0, 1, 0, 0]"
258.035648108,,17830,,1583006562,887526988,"""Soft Puff""",[-0.2512042820453644],"[0, 1, 0, 0]"
258.105523348,,17831,,1583006562,957482099,"""Soft Puff""",[-0.2620624303817749],"[0, 1, 0, 0]"
258.110527992,,17832,,1583006562,963567972,"""Soft Puff""",[-0.2512042820453644],"[0, 1, 0, 0]"
258.115682602,,17833,,1583006562,968540906,"""Soft Puff""",[-0.2620624303817749],"[0, 1, 0, 0]"
258.165785551,,17834,,1583006563,17467975,"""Soft Puff""",[-0.2729206085205078],"[0, 1, 0, 0]"
258.171002865,,17835,,1583006563,23854017,"""Soft Puff""",[-0.2620624303817749],"[0, 1, 0, 0]"
258.177340031,,17836,,1583006563,29050111,"""Soft Puff""",[-0.2729206085205078],"[0, 1, 0, 0]"
258.183098316,,17837,,1583006563,35399913,"""Soft Puff""",[-0.2620624303817749],"[0, 1, 0, 0]"
258.188135862,,17838,,1583006563,41161060,"""Soft Puff""",[-0.2729206085205078],"[0, 1, 0, 0]"
258.34126997,,17839,,1583006563,193494081,"""Soft Puff""",[-0.28377875685691833],"[0, 1, 0, 0]"
258.346735239,,17840,,1583006563,199472904,"""Soft Puff""",[-0.2729206085205078],"[0, 1, 0, 0]"
258.352153778,,17841,,1583006563,204842090,"""Soft Puff""",[-0.28377875685691833],"[0, 1, 0, 0]"
258.391927958,,17842,,1583006563,243482112,"""Soft Puff""",[-0.29463693499565125],"[0, 1, 0, 0]"
258.446503878,,17843,,1583006563,303386926,"""Soft-Hard Puff Deadband""",[-0.3054629862308502],"[0, 0, 0, 0]"
258.452729702,,17844,,1583006563,305320978,"""Soft Puff""",[-0.29463693499565125],"[0, 1, 0, 0]"
258.484982729,,17845,,1583006563,341491937,"""Soft-Hard Puff Deadband""",[-0.3054629862308502],"[0, 0, 0, 0]"
258.494776249,,17846,,1583006563,345493078,"""Soft Puff""",[-0.29463693499565125],"[0, 1, 0, 0]"
258.49622941,,17847,,1583006563,353329896,"""Soft-Hard Puff Deadband""",[-0.3054629862308502],"[0, 0, 0, 0]"
258.502213955,,17848,,1583006563,355293989,"""Soft Puff""",[-0.29463693499565125],"[0, 1, 0, 0]"
258.50302577,,17849,,1583006563,360294103,"""Soft-Hard Puff Deadband""",[-0.3054629862308502],"[0, 0, 0, 0]"
258.548791409,,17850,,1583006563,405548095,"""Soft-Hard Puff Deadband""",[-0.31632113456726074],"[0, 0, 0, 0]"
258.723064184,,17851,,1583006563,579510927,"""Soft-Hard Puff Deadband""",[-0.3054629862308502],"[0, 0, 0, 0]"
258.724240541,,17852,,1583006563,581321001,"""Soft-Hard Puff Deadband""",[-0.31632113456726074],"[0, 0, 0, 0]"
258.726156235,,17853,,1583006563,583312034,"""Soft-Hard Puff Deadband""",[-0.3054629862308502],"[0, 0, 0, 0]"
258.763815403,,17854,,1583006563,615379095,"""Soft Puff""",[-0.29463693499565125],"[0, 1, 0, 0]"
258.775150061,,17855,,1583006563,627374887,"""Soft Puff""",[-0.28377875685691833],"[0, 1, 0, 0]"
258.780800581,,17856,,1583006563,633232116,"""Soft Puff""",[-0.29463693499565125],"[0, 1, 0, 0]"
258.785819769,,17857,,1583006563,638844013,"""Soft Puff""",[-0.28377875685691833],"[0, 1, 0, 0]"
258.793051243,,17858,,1583006563,643894910,"""Soft Puff""",[-0.2729206085205078],"[0, 1, 0, 0]"
258.807554245,,17859,,1583006563,659410953,"""Soft Puff""",[-0.2620624303817749],"[0, 1, 0, 0]"
258.824445963,,17860,,1583006563,675453901,"""Soft Puff""",[-0.2512042820453644],"[0, 1, 0, 0]"
258.833122015,,17861,,1583006563,685380935,"""Soft Puff""",[-0.24034611880779266],"[0, 1, 0, 0]"
258.846801758,,17862,,1583006563,699371099,"""Soft Puff""",[-0.2295200675725937],"[0, 1, 0, 0]"
258.852175951,,17863,,1583006563,704833984,"""Soft Puff""",[-0.24034611880779266],"[0, 1, 0, 0]"
258.859031439,,17864,,1583006563,710258007,"""Soft Puff""",[-0.2295200675725937],"[0, 1, 0, 0]"
258.865168333,,17865,,1583006563,717081069,"""Soft Puff""",[-0.21866190433502197],"[0, 1, 0, 0]"
258.873225451,,17866,,1583006563,725414037,"""Soft Puff""",[-0.20780374109745026],"[0, 1, 0, 0]"
258.893624783,,17867,,1583006563,743396997,"""Soft Puff""",[-0.19694557785987854],"[0, 1, 0, 0]"
258.912585497,,17868,,1583006563,765425920,"""Soft Puff""",[-0.18608741462230682],"[0, 1, 0, 0]"
258.990972281,,17869,,1583006563,843444108,"""Soft Puff""",[-0.19694557785987854],"[0, 1, 0, 0]"
259.029159784,,17870,,1583006563,881547927,"""Soft Puff""",[-0.20780374109745026],"[0, 1, 0, 0]"
259.069844007,,17871,,1583006563,887372970,"""Soft Puff""",[-0.19694557785987854],"[0, 1, 0, 0]"
259.076112032,,17872,,1583006563,927921056,"""Soft Puff""",[-0.20780374109745026],"[0, 1, 0, 0]"
259.082566738,,17873,,1583006563,934294939,"""Soft Puff""",[-0.19694557785987854],"[0, 1, 0, 0]"
259.090587378,,17874,,1583006563,940537929,"""Soft Puff""",[-0.20780374109745026],"[0, 1, 0, 0]"
259.096752167,,17875,,1583006563,948565006,"""Soft Puff""",[-0.19694557785987854],"[0, 1, 0, 0]"
259.101358891,,17876,,1583006563,954776048,"""Soft Puff""",[-0.20780374109745026],"[0, 1, 0, 0]"
259.107625723,,17877,,1583006563,959244966,"""Soft Puff""",[-0.19694557785987854],"[0, 1, 0, 0]"
259.11324048,,17878,,1583006563,965595006,"""Soft Puff""",[-0.20780374109745026],"[0, 1, 0, 0]"
259.119509697,,17879,,1583006563,971301078,"""Soft Puff""",[-0.19694557785987854],"[0, 1, 0, 0]"
259.126348019,,17880,,1583006563,977550983,"""Soft Puff""",[-0.20780374109745026],"[0, 1, 0, 0]"
259.167635918,,17881,,1583006564,19480943,"""Soft Puff""",[-0.21866190433502197],"[0, 1, 0, 0]"
259.172502041,,17882,,1583006564,25666952,"""Soft Puff""",[-0.20780374109745026],"[0, 1, 0, 0]"
259.179144144,,17883,,1583006564,30528068,"""Soft Puff""",[-0.21866190433502197],"[0, 1, 0, 0]"
259.186451912,,17884,,1583006564,37206888,"""Soft Puff""",[-0.20780374109745026],"[0, 1, 0, 0]"
259.191271782,,17885,,1583006564,44517993,"""Soft Puff""",[-0.21866190433502197],"[0, 1, 0, 0]"
259.19843173,,17886,,1583006564,49381971,"""Soft Puff""",[-0.20780374109745026],"[0, 1, 0, 0]"
259.256728888,,17887,,1583006564,107359886,"""Soft Puff""",[-0.19694557785987854],"[0, 1, 0, 0]"
259.262223721,,17888,,1583006564,114833116,"""Soft Puff""",[-0.20780374109745026],"[0, 1, 0, 0]"
259.28514123,,17889,,1583006564,137406110,"""Soft Puff""",[-0.19694557785987854],"[0, 1, 0, 0]"
259.290923357,,17890,,1583006564,143228054,"""Soft Puff""",[-0.20780374109745026],"[0, 1, 0, 0]"
259.296205044,,17891,,1583006564,148997068,"""Soft Puff""",[-0.19694557785987854],"[0, 1, 0, 0]"
259.341646433,,17892,,1583006564,193599939,"""Soft Puff""",[-0.18608741462230682],"[0, 1, 0, 0]"
259.346908092,,17893,,1583006564,199723005,"""Soft Puff""",[-0.19694557785987854],"[0, 1, 0, 0]"
259.35454607,,17894,,1583006564,205132007,"""Soft Puff""",[-0.18608741462230682],"[0, 1, 0, 0]"
259.360110283,,17895,,1583006564,212635993,"""Soft Puff""",[-0.19694557785987854],"[0, 1, 0, 0]"
259.365260839,,17896,,1583006564,218172073,"""Soft Puff""",[-0.18608741462230682],"[0, 1, 0, 0]"
259.370356083,,17897,,1583006564,223332881,"""Soft Puff""",[-0.19694557785987854],"[0, 1, 0, 0]"
259.375817537,,17898,,1583006564,228389978,"""Soft Puff""",[-0.18608741462230682],"[0, 1, 0, 0]"
259.382512808,,17899,,1583006564,233912944,"""Soft Puff""",[-0.19694557785987854],"[0, 1, 0, 0]"
259.388626814,,17900,,1583006564,240863084,"""Soft Puff""",[-0.18608741462230682],"[0, 1, 0, 0]"
259.393555403,,17901,,1583006564,246695041,"""Soft Puff""",[-0.19694557785987854],"[0, 1, 0, 0]"
259.480407476,,17902,,1583006564,331533908,"""Soft Puff""",[-0.18608741462230682],"[0, 1, 0, 0]"
259.485250235,,17903,,1583006564,338452100,"""Soft Puff""",[-0.19694557785987854],"[0, 1, 0, 0]"
259.491518736,,17904,,1583006564,343295097,"""Zero Band""",[-0.18608741462230682],"[0, 0, 0, 0]"
259.497396946,,17905,,1583006564,349603891,"""Zero Band""",[-0.19694557785987854],"[0, 0, 0, 0]"
259.514706373,,17906,,1583006564,365521907,"""Zero Band""",[-0.18608741462230682],"[0, 0, 0, 0]"
259.51941967,,17907,,1583006564,372772932,"""Zero Band""",[-0.19694557785987854],"[0, 0, 0, 0]"
259.533792496,,17908,,1583006564,385395050,"""Zero Band""",[-0.18608741462230682],"[0, 0, 0, 0]"
259.617231369,,17909,,1583006564,469420909,"""Zero Band""",[-0.19694557785987854],"[0, 0, 0, 0]"
259.622155666,,17910,,1583006564,475284099,"""Zero Band""",[-0.18608741462230682],"[0, 0, 0, 0]"
259.626667738,,17911,,1583006564,480220079,"""Zero Band""",[-0.19694557785987854],"[0, 0, 0, 0]"
259.632021189,,17912,,1583006564,484730958,"""Zero Band""",[-0.18608741462230682],"[0, 0, 0, 0]"
259.637512684,,17913,,1583006564,489994049,"""Zero Band""",[-0.19694557785987854],"[0, 0, 0, 0]"
259.661345243,,17914,,1583006564,513461112,"""Zero Band""",[-0.20780374109745026],"[0, 0, 0, 0]"
259.66731143,,17915,,1583006564,519419908,"""Zero Band""",[-0.19694557785987854],"[0, 0, 0, 0]"
259.673826218,,17916,,1583006564,525384902,"""Zero Band""",[-0.20780374109745026],"[0, 0, 0, 0]"
259.721403599,,17917,,1583006564,573488950,"""Zero Band""",[-0.19694557785987854],"[0, 0, 0, 0]"
259.726682186,,17918,,1583006564,579427957,"""Zero Band""",[-0.20780374109745026],"[0, 0, 0, 0]"
259.73350215,,17919,,1583006564,584728002,"""Zero Band""",[-0.19694557785987854],"[0, 0, 0, 0]"
259.740440369,,17920,,1583006564,591573953,"""Zero Band""",[-0.18608741462230682],"[0, 0, 0, 0]"
259.745517969,,17921,,1583006564,598494052,"""Zero Band""",[-0.19694557785987854],"[0, 0, 0, 0]"
259.75155282,,17922,,1583006564,603496074,"""Zero Band""",[-0.18608741462230682],"[0, 0, 0, 0]"
259.75873518,,17923,,1583006564,609750032,"""Zero Band""",[-0.17526137828826904],"[0, 0, 0, 0]"
259.764205933,,17924,,1583006564,616756916,"""Zero Band""",[-0.16440321505069733],"[0, 0, 0, 0]"
259.769337654,,17925,,1583006564,622184991,"""Zero Band""",[-0.1535450518131256],"[0, 0, 0, 0]"
259.776078224,,17926,,1583006564,627346992,"""Zero Band""",[-0.1426868885755539],"[0, 0, 0, 0]"
259.781858444,,17927,,1583006564,634160041,"""Zero Band""",[-0.13182871043682098],"[0, 0, 0, 0]"
259.78776288,,17928,,1583006564,639722108,"""Zero Band""",[-0.1210026741027832],"[0, 0, 0, 0]"
259.793287277,,17929,,1583006564,645503044,"""Zero Band""",[-0.11014451086521149],"[0, 0, 0, 0]"
259.798653841,,17930,,1583006564,651371002,"""Zero Band""",[-0.09928634762763977],"[0, 0, 0, 0]"
259.80414629,,17931,,1583006564,656728982,"""Zero Band""",[-0.08842818439006805],"[0, 0, 0, 0]"
259.811074495,,17932,,1583006564,662168979,"""Zero Band""",[-0.07757002115249634],"[0, 0, 0, 0]"
259.817421198,,17933,,1583006564,669050931,"""Zero Band""",[-0.06671185791492462],"[0, 0, 0, 0]"
259.824378252,,17934,,1583006564,675401926,"""Zero Band""",[-0.055885814130306244],"[0, 0, 0, 0]"
259.829769611,,17935,,1583006564,682408094,"""Zero Band""",[-0.04502765089273453],"[0, 0, 0, 0]"
259.835364819,,17936,,1583006564,687745094,"""Zero Band""",[-0.03416948765516281],"[0, 0, 0, 0]"
259.84295845,,17937,,1583006564,693434000,"""Zero Band""",[-0.023311322554945946],"[0, 0, 0, 0]"
259.849804163,,17938,,1583006564,700932979,"""Zero Band""",[-0.012453158386051655],"[0, 0, 0, 0]"
259.850601912,,17939,,1583006564,707863092,"""Zero Band""",[-0.0016271184431388974],"[0, 0, 0, 0]"
259.851258278,,17940,,1583006564,708578109,"""Zero Band""",[-0.0],"[0, 0, 0, 0]"
259.8519907,,17941,,1583006564,709233045,"""Zero Band""",[-0.0],"[0, 0, 0, 0]"
259.852692842,,17942,,1583006564,709966897,"""Zero Band""",[-0.0],"[0, 0, 0, 0]"
259.853414297,,17943,,1583006564,710666894,"""Zero Band""",[-0.0],"[0, 0, 0, 0]"
259.854131937,,17944,,1583006564,711376905,"""Zero Band""",[-0.0],"[0, 0, 0, 0]"
259.85488677,,17945,,1583006564,712171077,"""Zero Band""",[-0.0],"[0, 0, 0, 0]"
259.854984045,,17946,,1583006564,712171077,"""input stopped""",[-0.0],"[0, 0, 0, 0]"
260.049278021,,17947,,1583006564,906337022,"""Zero Band""",[-0.0],"[0, 0, 0, 0]"
260.054449558,,17948,,1583006564,911356925,"""Zero Band""",[0.0016592431347817183],"[0, 0, 0, 0]"
260.060897589,,17949,,1583006564,913366079,"""Zero Band""",[0.04505977779626846],"[0, 0, 0, 0]"
260.06598258,,17950,,1583006564,919075012,"""Zero Band""",[0.08846031129360199],"[0, 0, 0, 0]"
260.071153641,,17951,,1583006564,924027919,"""Zero Band""",[0.14271900057792664],"[0, 0, 0, 0]"
260.077114582,,17952,,1583006564,929213047,"""Zero Band""",[0.19697770476341248],"[0, 0, 0, 0]"
260.081884623,,17953,,1583006564,935132026,"""Zero Band""",[0.2512364089488983],"[0, 0, 0, 0]"
260.08285594,,17954,,1583006564,939948081,"""Soft-Hard Sip Deadband""",[0.3163532614707947],"[0, 0, 0, 0]"
260.083717108,,17955,,1583006564,940954923,"""Soft-Hard Sip Deadband""",[0.38147011399269104],"[0, 0, 0, 0]"
260.084549189,,17956,,1583006564,941694021,"""Soft-Hard Sip Deadband""",[0.4357288181781769],"[0, 0, 0, 0]"
260.091081619,,17957,,1583006564,942537069,"""Hard Sip""",[0.5117038488388062],"[0, 0, 0, 1]"
260.096139908,,17958,,1583006564,949054002,"""Hard Sip""",[0.598504900932312],"[0, 0, 0, 1]"
260.100786209,,17959,,1583006564,954111099,"""Hard Sip""",[0.6744799613952637],"[0, 0, 0, 1]"
260.107625961,,17960,,1583006564,958853960,"""Zero Band""",[0.7613131403923035],"[0, 0, 0, 0]"
260.113480091,,17961,,1583006564,965714931,"""Zero Band""",[0.8589723706245422],"[0, 0, 0, 0]"
260.120249033,,17962,,1583006564,971267938,"""Zero Band""",[0.9457734227180481],"[0, 0, 0, 0]"
260.126383066,,17963,,1583006564,978112936,"""Zero Band""",[1.0],"[0, 0, 0, 0]"
260.408966303,,17964,,1583006565,261481046,"""Zero Band""",[0.978347897529602],"[0, 0, 0, 0]"
260.414340973,,17965,,1583006565,267060041,"""Zero Band""",[0.9023728966712952],"[0, 0, 0, 0]"
260.420712233,,17966,,1583006565,272392988,"""Zero Band""",[0.7938554883003235],"[0, 0, 0, 0]"
260.42683506,,17967,,1583006565,278693914,"""Zero Band""",[0.7178804874420166],"[0, 0, 0, 0]"
260.431714058,,17968,,1583006565,284887075,"""Zero Band""",[0.6419375538825989],"[0, 0, 0, 0]"
260.4382658,,17969,,1583006565,289697885,"""Zero Band""",[0.5551043748855591],"[0, 0, 0, 0]"
260.439546347,,17970,,1583006565,296267032,"""Soft-Hard Sip Deadband""",[0.4899875223636627],"[0, 0, 0, 0]"
260.440619946,,17971,,1583006565,297518968,"""Soft-Hard Sip Deadband""",[0.4357288181781769],"[0, 0, 0, 0]"
260.441825628,,17972,,1583006565,298638105,"""Soft-Hard Sip Deadband""",[0.3597537875175476],"[0, 0, 0, 0]"
260.442676544,,17973,,1583006565,299835920,"""Soft-Hard Sip Deadband""",[0.30549511313438416],"[0, 0, 0, 0]"
260.448162556,,17974,,1583006565,300659894,"""Soft Sip""",[0.26209455728530884],"[0, 0, 1, 0]"
260.45437336,,17975,,1583006565,306133985,"""Soft Sip""",[0.19697770476341248],"[0, 0, 1, 0]"
260.461221218,,17976,,1583006565,312357902,"""Soft Sip""",[0.16443534195423126],"[0, 0, 1, 0]"
260.466312408,,17977,,1583006565,319200992,"""Soft Sip""",[0.12103480100631714],"[0, 0, 1, 0]"
260.473436356,,17978,,1583006565,324310064,"""Soft Sip""",[0.07760214805603027],"[0, 0, 1, 0]"
260.479444027,,17979,,1583006565,331573963,"""Soft Sip""",[0.05591794103384018],"[0, 0, 1, 0]"
260.484004736,,17980,,1583006565,337424039,"""Soft Sip""",[0.023343447595834732],"[0, 0, 1, 0]"
260.485063791,,17981,,1583006565,342118978,"""Zero Band""",[-0.0],"[0, 0, 0, 0]"
260.48594141,,17982,,1583006565,343050003,"""Zero Band""",[-0.0],"[0, 0, 0, 0]"
260.486968279,,17983,,1583006565,343935012,"""Zero Band""",[-0.0],"[0, 0, 0, 0]"
260.487970352,,17984,,1583006565,344953060,"""Zero Band""",[-0.0],"[0, 0, 0, 0]"
260.488068104,,17985,,1583006565,344953060,"""input stopped""",[-0.0],"[0, 0, 0, 0]"
261.089442253,,17986,,1583006565,946365118,"""Zero Band""",[-0.0],"[0, 0, 0, 0]"
261.100516796,,17987,,1583006565,957421064,"""Zero Band""",[-0.0],"[0, 0, 0, 0]"
261.106447458,,17988,,1583006565,963413000,"""Zero Band""",[-0.0],"[0, 0, 0, 0]"
261.11214447,,17989,,1583006565,969357013,"""Zero Band""",[-0.0],"[0, 0, 0, 0]"
261.15469408,,17990,,1583006566,11437892,"""Zero Band""",[-0.0],"[0, 0, 0, 0]"
261.162305355,,17991,,1583006566,19361019,"""Zero Band""",[-0.0],"[0, 0, 0, 0]"
261.168218613,,17992,,1583006566,25335073,"""Zero Band""",[-0.0],"[0, 0, 0, 0]"
261.185835838,,17993,,1583006566,42464971,"""Zero Band""",[-0.0],"[0, 0, 0, 0]"
261.185979605,,17994,,1583006566,42464971,"""input stopped""",[-0.0],"[0, 0, 0, 0]"
261.289556503,,17995,,1583006566,146336078,"""Zero Band""",[-0.0],"[0, 0, 0, 0]"
261.292449713,,17996,,1583006566,149399042,"""Zero Band""",[-0.0],"[0, 0, 0, 0]"
261.294186354,,17997,,1583006566,151330947,"""Zero Band""",[-0.0],"[0, 0, 0, 0]"
261.298190594,,17998,,1583006566,155294895,"""Zero Band""",[0.0016592431347817183],"[0, 0, 0, 0]"
261.306206226,,17999,,1583006566,157316923,"""Soft Sip""",[0.023343447595834732],"[0, 0, 1, 0]"
261.312956095,,18000,,1583006566,164329051,"""Soft Sip""",[0.03420161083340645],"[0, 0, 1, 0]"
261.318235874,,18001,,1583006566,170958042,"""Soft Sip""",[0.05591794103384018],"[0, 0, 1, 0]"
261.324659348,,18002,,1583006566,176351070,"""Soft Sip""",[0.06674397736787796],"[0, 0, 1, 0]"
261.329592228,,18003,,1583006566,182662010,"""Soft Sip""",[0.07760214805603027],"[0, 0, 1, 0]"
261.33546257,,18004,,1583006566,187681913,"""Soft Sip""",[0.0993184745311737],"[0, 0, 1, 0]"
261.342451572,,18005,,1583006566,193480968,"""Soft Sip""",[0.11017663776874542],"[0, 0, 1, 0]"
261.348376989,,18006,,1583006566,200468063,"""Soft Sip""",[0.12103480100631714],"[0, 0, 1, 0]"
261.353839159,,18007,,1583006566,206500053,"""Soft Sip""",[0.13186083734035492],"[0, 0, 1, 0]"
261.358975649,,18008,,1583006566,211795091,"""Soft Sip""",[0.14271900057792664],"[0, 0, 1, 0]"
261.363549471,,18009,,1583006566,216954946,"""Soft Sip""",[0.15357716381549835],"[0, 0, 1, 0]"
261.371751308,,18010,,1583006566,221522092,"""Soft Sip""",[0.16443534195423126],"[0, 0, 1, 0]"
261.377667427,,18011,,1583006566,229856014,"""Soft Sip""",[0.17529350519180298],"[0, 0, 1, 0]"
261.382894278,,18012,,1583006566,235712051,"""Soft Sip""",[0.16443534195423126],"[0, 0, 1, 0]"
261.388967991,,18013,,1583006566,240984916,"""Soft Sip""",[0.17529350519180298],"[0, 0, 1, 0]"
261.393634319,,18014,,1583006566,246942043,"""Soft Sip""",[0.18611954152584076],"[0, 0, 1, 0]"
261.401206255,,18015,,1583006566,251678943,"""Soft Sip""",[0.19697770476341248],"[0, 0, 1, 0]"
261.40764904,,18016,,1583006566,259377002,"""Soft Sip""",[0.2078358680009842],"[0, 0, 1, 0]"
261.41242218,,18017,,1583006566,265647888,"""Soft Sip""",[0.2186940312385559],"[0, 0, 1, 0]"
261.417958975,,18018,,1583006566,270442008,"""Soft Sip""",[0.2403782308101654],"[0, 0, 1, 0]"
261.424368143,,18019,,1583006566,275964021,"""Soft Sip""",[0.2512364089488983],"[0, 0, 1, 0]"
261.430861235,,18020,,1583006566,282376050,"""Soft Sip""",[0.27295273542404175],"[0, 0, 1, 0]"
261.436854362,,18021,,1583006566,288940906,"""Soft Sip""",[0.2946690618991852],"[0, 0, 1, 0]"
261.43842864,,18022,,1583006566,294857025,"""Soft-Hard Sip Deadband""",[0.30549511313438416],"[0, 0, 0, 0]"
261.439250708,,18023,,1583006566,296447992,"""Soft-Hard Sip Deadband""",[0.3380695879459381],"[0, 0, 0, 0]"
261.440181255,,18024,,1583006566,297436952,"""Soft-Hard Sip Deadband""",[0.3597537875175476],"[0, 0, 0, 0]"
261.440862656,,18025,,1583006566,298151969,"""Soft-Hard Sip Deadband""",[0.38147011399269104],"[0, 0, 0, 0]"
261.441540241,,18026,,1583006566,298831939,"""Soft-Hard Sip Deadband""",[0.4031864404678345],"[0, 0, 0, 0]"
261.44219923,,18027,,1583006566,299505949,"""Soft-Hard Sip Deadband""",[0.42487066984176636],"[0, 0, 0, 0]"
261.442848921,,18028,,1583006566,300162076,"""Soft-Hard Sip Deadband""",[0.4465869963169098],"[0, 0, 0, 0]"
261.443650723,,18029,,1583006566,300821065,"""Soft-Hard Sip Deadband""",[0.4683033227920532],"[0, 0, 0, 0]"
261.44447875,,18030,,1583006566,301621913,"""Soft-Hard Sip Deadband""",[0.4899875223636627],"[0, 0, 0, 0]"
261.449221849,,18031,,1583006566,302443027,"""Zero Band""",[0.5117038488388062],"[0, 0, 0, 0]"
261.45535779,,18032,,1583006566,307248115,"""Zero Band""",[0.533388078212738],"[0, 0, 0, 0]"
261.461660862,,18033,,1583006566,313394069,"""Zero Band""",[0.5551043748855591],"[0, 0, 0, 0]"
261.467196941,,18034,,1583006566,319649934,"""Zero Band""",[0.565962553024292],"[0, 0, 0, 0]"
261.474331856,,18035,,1583006566,325319051,"""Zero Band""",[0.587678849697113],"[0, 0, 0, 0]"
261.479444742,,18036,,1583006566,332334995,"""Zero Band""",[0.6093630790710449],"[0, 0, 0, 0]"
261.486163855,,18037,,1583006566,337447881,"""Zero Band""",[0.6202212572097778],"[0, 0, 0, 0]"
261.49183917,,18038,,1583006566,344355106,"""Zero Band""",[0.6419375538825989],"[0, 0, 0, 0]"
261.497392178,,18039,,1583006566,349865913,"""Zero Band""",[0.6527636051177979],"[0, 0, 0, 0]"
261.502825022,,18040,,1583006566,355403900,"""Zero Band""",[0.6636217832565308],"[0, 0, 0, 0]"
261.507797718,,18041,,1583006566,360801935,"""Zero Band""",[0.6744799613952637],"[0, 0, 0, 0]"
261.512958765,,18042,,1583006566,365495920,"""Zero Band""",[0.6961962580680847],"[0, 0, 0, 0]"
261.517804623,,18043,,1583006566,370923042,"""Zero Band""",[0.7070544362068176],"[0, 0, 0, 0]"
261.522489071,,18044,,1583006566,375783920,"""Zero Band""",[0.7287386655807495],"[0, 0, 0, 0]"
261.529686451,,18045,,1583006566,380465030,"""Zero Band""",[0.7504549622535706],"[0, 0, 0, 0]"
261.535742998,,18046,,1583006566,387662887,"""Zero Band""",[0.7721391916275024],"[0, 0, 0, 0]"
261.541070461,,18047,,1583006566,393754959,"""Zero Band""",[0.7938554883003235],"[0, 0, 0, 0]"
261.54733634,,18048,,1583006566,399415969,"""Zero Band""",[0.8155718445777893],"[0, 0, 0, 0]"
261.552155972,,18049,,1583006566,405356884,"""Zero Band""",[0.8372560143470764],"[0, 0, 0, 0]"
261.558795691,,18050,,1583006566,410124063,"""Zero Band""",[0.8589723706245422],"[0, 0, 0, 0]"
261.56613493,,18051,,1583006566,416750907,"""Zero Band""",[0.8806886672973633],"[0, 0, 0, 0]"
261.572789907,,18052,,1583006566,424112081,"""Zero Band""",[0.9023728966712952],"[0, 0, 0, 0]"
261.579062939,,18053,,1583006566,430794954,"""Zero Band""",[0.924089252948761],"[0, 0, 0, 0]"
261.585045576,,18054,,1583006566,437041044,"""Zero Band""",[0.9457734227180481],"[0, 0, 0, 0]"
261.593481064,,18055,,1583006566,443006038,"""Zero Band""",[0.956631600856781],"[0, 0, 0, 0]"
261.600543976,,18056,,1583006566,451478004,"""Zero Band""",[0.978347897529602],"[0, 0, 0, 0]"
261.605313778,,18057,,1583006566,458226919,"""Zero Band""",[0.989206075668335],"[0, 0, 0, 0]"
261.611257792,,18058,,1583006566,463310956,"""Zero Band""",[1.0],"[0, 0, 0, 0]"
261.615727186,,18059,,1583006566,469227075,"""Zero Band""",[0.978347897529602],"[0, 0, 0, 0]"
261.62194252,,18060,,1583006566,473694086,"""Zero Band""",[0.956631600856781],"[0, 0, 0, 0]"
261.629207611,,18061,,1583006566,479485988,"""Zero Band""",[0.9349473714828491],"[0, 0, 0, 0]"
261.634235859,,18062,,1583006566,487390041,"""Zero Band""",[0.924089252948761],"[0, 0, 0, 0]"
261.640663147,,18063,,1583006566,492212057,"""Zero Band""",[0.9023728966712952],"[0, 0, 0, 0]"
261.647145271,,18064,,1583006566,498621940,"""Zero Band""",[0.8915147185325623],"[0, 0, 0, 0]"
261.65155673,,18065,,1583006566,505132913,"""Zero Band""",[0.8698305487632751],"[0, 0, 0, 0]"
261.659259796,,18066,,1583006566,509551048,"""Zero Band""",[0.8481141924858093],"[0, 0, 0, 0]"
261.666009903,,18067,,1583006566,517236948,"""Zero Band""",[0.8372560143470764],"[0, 0, 0, 0]"
261.671065569,,18068,,1583006566,523978948,"""Zero Band""",[0.8263978958129883],"[0, 0, 0, 0]"
261.676361561,,18069,,1583006566,529048919,"""Zero Band""",[0.8372560143470764],"[0, 0, 0, 0]"
261.683602571,,18070,,1583006566,534342050,"""Zero Band""",[0.8589723706245422],"[0, 0, 0, 0]"
261.690899611,,18071,,1583006566,541598081,"""Zero Band""",[0.8698305487632751],"[0, 0, 0, 0]"
261.697702169,,18072,,1583006566,548918008,"""Zero Band""",[0.8915147185325623],"[0, 0, 0, 0]"
261.703258038,,18073,,1583006566,555681943,"""Zero Band""",[0.9023728966712952],"[0, 0, 0, 0]"
261.70995307,,18074,,1583006566,561233997,"""Zero Band""",[0.9132310748100281],"[0, 0, 0, 0]"
261.715339422,,18075,,1583006566,567961931,"""Zero Band""",[0.924089252948761],"[0, 0, 0, 0]"
261.721667051,,18076,,1583006566,573240041,"""Zero Band""",[0.9349473714828491],"[0, 0, 0, 0]"
261.72894907,,18077,,1583006566,579643964,"""Zero Band""",[0.956631600856781],"[0, 0, 0, 0]"
261.734176874,,18078,,1583006566,586937904,"""Zero Band""",[0.9674897789955139],"[0, 0, 0, 0]"
261.740646124,,18079,,1583006566,592168092,"""Zero Band""",[0.989206075668335],"[0, 0, 0, 0]"
261.748592854,,18080,,1583006566,598654985,"""Zero Band""",[1.0],"[0, 0, 0, 0]"
261.771065712,,18081,,1583006566,623423099,"""Zero Band""",[0.989206075668335],"[0, 0, 0, 0]"
261.777963877,,18082,,1583006566,629116058,"""Zero Band""",[0.9457734227180481],"[0, 0, 0, 0]"
261.78423357,,18083,,1583006566,636039018,"""Zero Band""",[0.9132310748100281],"[0, 0, 0, 0]"
261.790924072,,18084,,1583006566,642340898,"""Zero Band""",[0.8698305487632751],"[0, 0, 0, 0]"
261.796202898,,18085,,1583006566,648907899,"""Zero Band""",[0.8263978958129883],"[0, 0, 0, 0]"
261.801655531,,18086,,1583006566,654273033,"""Zero Band""",[0.7829973101615906],"[0, 0, 0, 0]"
261.808074236,,18087,,1583006566,659646034,"""Zero Band""",[0.7395967841148376],"[0, 0, 0, 0]"
261.813849688,,18088,,1583006566,666070938,"""Zero Band""",[0.6853380799293518],"[0, 0, 0, 0]"
261.819041252,,18089,,1583006566,671901941,"""Zero Band""",[0.6419375538825989],"[0, 0, 0, 0]"
261.824552059,,18090,,1583006566,676927089,"""Zero Band""",[0.587678849697113],"[0, 0, 0, 0]"
261.83055234,,18091,,1583006566,682589054,"""Zero Band""",[0.533388078212738],"[0, 0, 0, 0]"
261.831378222,,18092,,1583006566,688546895,"""Soft-Hard Sip Deadband""",[0.4899875223636627],"[0, 0, 0, 0]"
261.83223772,,18093,,1583006566,689513921,"""Soft-Hard Sip Deadband""",[0.4465869963169098],"[0, 0, 0, 0]"
261.832941771,,18094,,1583006566,690223932,"""Soft-Hard Sip Deadband""",[0.4140446186065674],"[0, 0, 0, 0]"
261.833669186,,18095,,1583006566,690920114,"""Soft-Hard Sip Deadband""",[0.3597537875175476],"[0, 0, 0, 0]"
261.834406614,,18096,,1583006566,691617965,"""Soft-Hard Sip Deadband""",[0.3272114396095276],"[0, 0, 0, 0]"
261.840360641,,18097,,1583006566,692362070,"""Soft Sip""",[0.28381088376045227],"[0, 0, 1, 0]"
261.846139908,,18098,,1583006566,698339939,"""Soft Sip""",[0.26209455728530884],"[0, 0, 1, 0]"
261.852723122,,18099,,1583006566,704111099,"""Soft Sip""",[0.22955219447612762],"[0, 0, 1, 0]"
261.858708382,,18100,,1583006566,710822105,"""Soft Sip""",[0.2078358680009842],"[0, 0, 1, 0]"
261.864848137,,18101,,1583006566,716712951,"""Soft Sip""",[0.17529350519180298],"[0, 0, 1, 0]"
261.869040966,,18102,,1583006566,722732067,"""Soft Sip""",[0.15357716381549835],"[0, 0, 1, 0]"
261.875272989,,18103,,1583006566,727015018,"""Soft Sip""",[0.13186083734035492],"[0, 0, 1, 0]"
261.882347584,,18104,,1583006566,733241081,"""Soft Sip""",[0.0993184745311737],"[0, 0, 1, 0]"
261.887334347,,18105,,1583006566,740317106,"""Soft Sip""",[0.07760214805603027],"[0, 0, 1, 0]"
261.894721031,,18106,,1583006566,745305061,"""Soft Sip""",[0.05591794103384018],"[0, 0, 1, 0]"
261.900945187,,18107,,1583006566,752854108,"""Soft Sip""",[0.04505977779626846],"[0, 0, 1, 0]"
261.906035662,,18108,,1583006566,758945941,"""Soft Sip""",[0.012485282495617867],"[0, 0, 1, 0]"
261.906878471,,18109,,1583006566,764041900,"""Zero Band""",[0.0016592431347817183],"[0, 0, 0, 0]"
261.907723665,,18110,,1583006566,764856100,"""Zero Band""",[-0.0],"[0, 0, 0, 0]"
261.908713341,,18111,,1583006566,765697956,"""Zero Band""",[-0.0],"[0, 0, 0, 0]"
261.909794331,,18112,,1583006566,766701936,"""Zero Band""",[-0.0],"[0, 0, 0, 0]"
261.910820246,,18114,,1583006566,767836093,"""input stopped""",[-0.0],"[0, 0, 0, 0]"
261.927627563,,18115,,1583006566,784343004,"""Zero Band""",[-0.0],"[0, 0, 0, 0]"
261.932512283,,18116,,1583006566,789416074,"""Zero Band""",[-0.0],"[0, 0, 0, 0]"
261.938219547,,18117,,1583006566,795407056,"""Zero Band""",[-0.0],"[0, 0, 0, 0]"
261.939995527,,18118,,1583006566,797308921,"""Zero Band""",[-0.0],"[0, 0, 0, 0]"
261.947166204,,18119,,1583006566,803503990,"""Zero Band""",[0.0016592431347817183],"[0, 0, 0, 0]"
261.952786446,,18120,,1583006566,805485963,"""Soft Sip""",[0.012485282495617867],"[0, 0, 1, 0]"
261.957828045,,18121,,1583006566,810853958,"""Soft Sip""",[0.023343447595834732],"[0, 0, 1, 0]"
261.96236968,,18122,,1583006566,815882921,"""Soft Sip""",[0.03420161083340645],"[0, 0, 1, 0]"
261.968066931,,18123,,1583006566,820446014,"""Soft Sip""",[0.04505977779626846],"[0, 0, 1, 0]"
261.973924398,,18124,,1583006566,826050996,"""Soft Sip""",[0.05591794103384018],"[0, 0, 1, 0]"
261.979331255,,18125,,1583006566,831974983,"""Soft Sip""",[0.07760214805603027],"[0, 0, 1, 0]"
261.986615419,,18126,,1583006566,837421894,"""Soft Sip""",[0.08846031129360199],"[0, 0, 1, 0]"
261.992295504,,18127,,1583006566,844640016,"""Soft Sip""",[0.0993184745311737],"[0, 0, 1, 0]"
261.998373508,,18128,,1583006566,850275993,"""Soft Sip""",[0.12103480100631714],"[0, 0, 1, 0]"
262.00360775,,18129,,1583006566,856353044,"""Soft Sip""",[0.13186083734035492],"[0, 0, 1, 0]"
262.010966063,,18130,,1583006566,861625909,"""Soft Sip""",[0.14271900057792664],"[0, 0, 1, 0]"
262.018492222,,18131,,1583006566,869056940,"""Soft Sip""",[0.15357716381549835],"[0, 0, 1, 0]"
262.025068998,,18132,,1583006566,876477956,"""Soft Sip""",[0.16443534195423126],"[0, 0, 1, 0]"
262.030444145,,18133,,1583006566,882873058,"""Soft Sip""",[0.17529350519180298],"[0, 0, 1, 0]"
262.037765503,,18134,,1583006566,888510942,"""Soft Sip""",[0.18611954152584076],"[0, 0, 1, 0]"
262.044613361,,18135,,1583006566,895814895,"""Soft Sip""",[0.17529350519180298],"[0, 0, 1, 0]"
262.051685572,,18136,,1583006566,902592897,"""Soft Sip""",[0.18611954152584076],"[0, 0, 1, 0]"
262.056964636,,18137,,1583006566,909677028,"""Soft Sip""",[0.17529350519180298],"[0, 0, 1, 0]"
262.075608015,,18138,,1583006566,927370071,"""Soft Sip""",[0.18611954152584076],"[0, 0, 1, 0]"
262.083620071,,18139,,1583006566,935370922,"""Soft Sip""",[0.17529350519180298],"[0, 0, 1, 0]"
262.100435972,,18140,,1583006566,951514005,"""Soft Sip""",[0.16443534195423126],"[0, 0, 1, 0]"
262.105086327,,18141,,1583006566,958501100,"""Soft Sip""",[0.17529350519180298],"[0, 0, 1, 0]"
262.111606598,,18142,,1583006566,963109970,"""Soft Sip""",[0.16443534195423126],"[0, 0, 1, 0]"
262.117313862,,18143,,1583006566,969698905,"""Soft Sip""",[0.17529350519180298],"[0, 0, 1, 0]"
262.122135639,,18144,,1583006566,975394010,"""Soft Sip""",[0.18611954152584076],"[0, 0, 1, 0]"
262.146003485,,18145,,1583006566,997579097,"""Soft Sip""",[0.19697770476341248],"[0, 0, 1, 0]"
262.152586937,,18146,,1583006567,4069089,"""Soft Sip""",[0.2078358680009842],"[0, 0, 1, 0]"
262.159267664,,18147,,1583006567,11332988,"""Soft Sip""",[0.2186940312385559],"[0, 0, 1, 0]"
262.166139841,,18148,,1583006567,17401933,"""Soft Sip""",[0.22955219447612762],"[0, 0, 1, 0]"
262.172520161,,18149,,1583006567,24205923,"""Soft Sip""",[0.2403782308101654],"[0, 0, 1, 0]"
262.177717924,,18150,,1583006567,30579090,"""Soft Sip""",[0.2512364089488983],"[0, 0, 1, 0]"
262.184893847,,18151,,1583006567,37420988,"""Soft Sip""",[0.26209455728530884],"[0, 0, 1, 0]"
262.190292835,,18152,,1583006567,43315887,"""Soft Sip""",[0.27295273542404175],"[0, 0, 1, 0]"
262.196162939,,18153,,1583006567,48353910,"""Soft Sip""",[0.28381088376045227],"[0, 0, 1, 0]"
262.201422691,,18154,,1583006567,54219007,"""Soft Sip""",[0.2946690618991852],"[0, 0, 1, 0]"
262.202313662,,18155,,1583006567,59485912,"""Soft-Hard Sip Deadband""",[0.30549511313438416],"[0, 0, 0, 0]"
262.203083992,,18156,,1583006567,60349941,"""Soft-Hard Sip Deadband""",[0.3163532614707947],"[0, 0, 0, 0]"
262.206176043,,18157,,1583006567,63333034,"""Soft-Hard Sip Deadband""",[0.3272114396095276],"[0, 0, 0, 0]"
262.208158493,,18158,,1583006567,65315961,"""Soft-Hard Sip Deadband""",[0.3380695879459381],"[0, 0, 0, 0]"
262.214494705,,18159,,1583006567,71393966,"""Soft-Hard Sip Deadband""",[0.348927766084671],"[0, 0, 0, 0]"
262.218029737,,18160,,1583006567,75305938,"""Soft-Hard Sip Deadband""",[0.3597537875175476],"[0, 0, 0, 0]"
262.22251606,,18161,,1583006567,79420089,"""Soft-Hard Sip Deadband""",[0.3706119656562805],"[0, 0, 0, 0]"
262.226098299,,18162,,1583006567,83312988,"""Soft-Hard Sip Deadband""",[0.38147011399269104],"[0, 0, 0, 0]"
262.232581377,,18163,,1583006567,89452028,"""Soft-Hard Sip Deadband""",[0.39232829213142395],"[0, 0, 0, 0]"
262.234318018,,18164,,1583006567,91345071,"""Soft-Hard Sip Deadband""",[0.4031864404678345],"[0, 0, 0, 0]"
262.2422719,,18165,,1583006567,99364042,"""Soft-Hard Sip Deadband""",[0.4140446186065674],"[0, 0, 0, 0]"
262.248526573,,18166,,1583006567,105473041,"""Soft-Hard Sip Deadband""",[0.42487066984176636],"[0, 0, 0, 0]"
262.268411398,,18167,,1583006567,125426054,"""Soft-Hard Sip Deadband""",[0.4140446186065674],"[0, 0, 0, 0]"
262.276360989,,18168,,1583006567,133363962,"""Soft-Hard Sip Deadband""",[0.4031864404678345],"[0, 0, 0, 0]"
262.278719664,,18169,,1583006567,135384082,"""Soft-Hard Sip Deadband""",[0.39232829213142395],"[0, 0, 0, 0]"
262.282398939,,18170,,1583006567,139394044,"""Soft-Hard Sip Deadband""",[0.38147011399269104],"[0, 0, 0, 0]"
262.286239862,,18171,,1583006567,143369913,"""Soft-Hard Sip Deadband""",[0.3706119656562805],"[0, 0, 0, 0]"
262.290179729,,18172,,1583006567,147349119,"""Soft-Hard Sip Deadband""",[0.3597537875175476],"[0, 0, 0, 0]"
262.294443607,,18173,,1583006567,151426076,"""Soft-Hard Sip Deadband""",[0.348927766084671],"[0, 0, 0, 0]"
262.300223112,,18174,,1583006567,157329082,"""Soft-Hard Sip Deadband""",[0.3380695879459381],"[0, 0, 0, 0]"
262.304241419,,18175,,1583006567,161358118,"""Soft-Hard Sip Deadband""",[0.3272114396095276],"[0, 0, 0, 0]"
262.310378075,,18176,,1583006567,167385101,"""Soft-Hard Sip Deadband""",[0.3163532614707947],"[0, 0, 0, 0]"
262.344833136,,18177,,1583006567,201500892,"""Soft-Hard Sip Deadband""",[0.3272114396095276],"[0, 0, 0, 0]"
262.354491949,,18178,,1583006567,211415052,"""Soft-Hard Sip Deadband""",[0.3380695879459381],"[0, 0, 0, 0]"
262.374814034,,18179,,1583006567,231458902,"""Soft-Hard Sip Deadband""",[0.3272114396095276],"[0, 0, 0, 0]"
262.38653326,,18180,,1583006567,243438959,"""Soft-Hard Sip Deadband""",[0.3163532614707947],"[0, 0, 0, 0]"
262.3902812,,18181,,1583006567,247370958,"""Soft-Hard Sip Deadband""",[0.30549511313438416],"[0, 0, 0, 0]"
262.400189638,,18182,,1583006567,253346920,"""Soft Sip""",[0.2946690618991852],"[0, 0, 1, 0]"
262.405670881,,18183,,1583006567,258229017,"""Soft Sip""",[0.28381088376045227],"[0, 0, 1, 0]"
262.411477089,,18184,,1583006567,263634920,"""Soft Sip""",[0.27295273542404175],"[0, 0, 1, 0]"
262.416973352,,18185,,1583006567,269512891,"""Soft Sip""",[0.26209455728530884],"[0, 0, 1, 0]"
262.443671703,,18186,,1583006567,295447111,"""Soft Sip""",[0.27295273542404175],"[0, 0, 1, 0]"
262.448970795,,18187,,1583006567,301750898,"""Soft Sip""",[0.28381088376045227],"[0, 0, 1, 0]"
262.453508377,,18188,,1583006567,307044029,"""Soft Sip""",[0.2946690618991852],"[0, 0, 1, 0]"
262.454341412,,18189,,1583006567,311570882,"""Soft-Hard Sip Deadband""",[0.30549511313438416],"[0, 0, 0, 0]"
262.455163956,,18190,,1583006567,312371969,"""Soft-Hard Sip Deadband""",[0.3163532614707947],"[0, 0, 0, 0]"
262.456095219,,18191,,1583006567,313136100,"""Soft-Hard Sip Deadband""",[0.3272114396095276],"[0, 0, 0, 0]"
262.457359552,,18192,,1583006567,314127922,"""Soft-Hard Sip Deadband""",[0.3380695879459381],"[0, 0, 0, 0]"
262.458907843,,18193,,1583006567,315453052,"""Soft-Hard Sip Deadband""",[0.348927766084671],"[0, 0, 0, 0]"
262.460573673,,18194,,1583006567,317452907,"""Soft-Hard Sip Deadband""",[0.3597537875175476],"[0, 0, 0, 0]"
262.464146852,,18195,,1583006567,321332931,"""Soft-Hard Sip Deadband""",[0.3706119656562805],"[0, 0, 0, 0]"
262.466027498,,18196,,1583006567,323304891,"""Soft-Hard Sip Deadband""",[0.38147011399269104],"[0, 0, 0, 0]"
262.46804738,,18197,,1583006567,325310945,"""Soft-Hard Sip Deadband""",[0.39232829213142395],"[0, 0, 0, 0]"
262.47232914,,18198,,1583006567,329407930,"""Soft-Hard Sip Deadband""",[0.4031864404678345],"[0, 0, 0, 0]"
262.47625351,,18199,,1583006567,333349943,"""Soft-Hard Sip Deadband""",[0.4140446186065674],"[0, 0, 0, 0]"
262.480077744,,18200,,1583006567,337332963,"""Soft-Hard Sip Deadband""",[0.42487066984176636],"[0, 0, 0, 0]"
262.484313726,,18201,,1583006567,341398000,"""Soft-Hard Sip Deadband""",[0.4357288181781769],"[0, 0, 0, 0]"
262.486294746,,18202,,1583006567,343329906,"""Soft-Hard Sip Deadband""",[0.4465869963169098],"[0, 0, 0, 0]"
262.492667675,,18203,,1583006567,349548101,"""Soft-Hard Sip Deadband""",[0.4574451446533203],"[0, 0, 0, 0]"
262.494049549,,18204,,1583006567,351313114,"""Soft-Hard Sip Deadband""",[0.4683033227920532],"[0, 0, 0, 0]"
262.500362635,,18205,,1583006567,357491970,"""Soft-Hard Sip Deadband""",[0.4791293442249298],"[0, 0, 0, 0]"
262.508742094,,18206,,1583006567,365552902,"""Soft-Hard Sip Deadband""",[0.4899875223636627],"[0, 0, 0, 0]"
262.516857624,,18207,,1583006567,369394063,"""Zero Band""",[0.5008456707000732],"[0, 0, 0, 0]"
262.522265911,,18208,,1583006567,374922037,"""Zero Band""",[0.5117038488388062],"[0, 0, 0, 0]"
262.528028727,,18209,,1583006567,380390882,"""Zero Band""",[0.5225620269775391],"[0, 0, 0, 0]"
262.533346176,,18210,,1583006567,386079072,"""Zero Band""",[0.533388078212738],"[0, 0, 0, 0]"
262.538603783,,18211,,1583006567,391449928,"""Zero Band""",[0.5442461967468262],"[0, 0, 0, 0]"
262.544694662,,18212,,1583006567,396579980,"""Zero Band""",[0.5551043748855591],"[0, 0, 0, 0]"
262.550225973,,18213,,1583006567,402656078,"""Zero Band""",[0.565962553024292],"[0, 0, 0, 0]"
262.55585146,,18214,,1583006567,408303022,"""Zero Band""",[0.5768207311630249],"[0, 0, 0, 0]"
262.561889648,,18215,,1583006567,413820028,"""Zero Band""",[0.598504900932312],"[0, 0, 0, 0]"
262.567084551,,18216,,1583006567,420034885,"""Zero Band""",[0.6093630790710449],"[0, 0, 0, 0]"
262.57239747,,18217,,1583006567,425070047,"""Zero Band""",[0.6202212572097778],"[0, 0, 0, 0]"
262.580741882,,18218,,1583006567,430402994,"""Zero Band""",[0.6310794353485107],"[0, 0, 0, 0]"
262.586322546,,18219,,1583006567,438710927,"""Zero Band""",[0.6419375538825989],"[0, 0, 0, 0]"
262.592241526,,18220,,1583006567,444149017,"""Zero Band""",[0.6527636051177979],"[0, 0, 0, 0]"
262.598757982,,18221,,1583006567,450218915,"""Zero Band""",[0.6636217832565308],"[0, 0, 0, 0]"
262.604435921,,18222,,1583006567,456895112,"""Zero Band""",[0.6744799613952637],"[0, 0, 0, 0]"
262.610219717,,18223,,1583006567,462410926,"""Zero Band""",[0.6961962580680847],"[0, 0, 0, 0]"
262.616354704,,18224,,1583006567,468183994,"""Zero Band""",[0.7070544362068176],"[0, 0, 0, 0]"
262.621773958,,18225,,1583006567,474394083,"""Zero Band""",[0.7178804874420166],"[0, 0, 0, 0]"
262.626824617,,18226,,1583006567,479779958,"""Zero Band""",[0.7395967841148376],"[0, 0, 0, 0]"
262.633436441,,18227,,1583006567,484937906,"""Zero Band""",[0.7504549622535706],"[0, 0, 0, 0]"
262.638291836,,18228,,1583006567,491421937,"""Zero Band""",[0.7613131403923035],"[0, 0, 0, 0]"
262.644554615,,18229,,1583006567,496275901,"""Zero Band""",[0.7721391916275024],"[0, 0, 0, 0]"
262.651061773,,18230,,1583006567,502525091,"""Zero Band""",[0.7829973101615906],"[0, 0, 0, 0]"
262.656484365,,18231,,1583006567,509035110,"""Zero Band""",[0.7938554883003235],"[0, 0, 0, 0]"
262.662849426,,18232,,1583006567,514497995,"""Zero Band""",[0.8047136664390564],"[0, 0, 0, 0]"
262.668169498,,18233,,1583006567,520828962,"""Zero Band""",[0.8155718445777893],"[0, 0, 0, 0]"
262.673045158,,18234,,1583006567,526093959,"""Zero Band""",[0.8263978958129883],"[0, 0, 0, 0]"
262.679736137,,18235,,1583006567,531042098,"""Zero Band""",[0.8372560143470764],"[0, 0, 0, 0]"
262.684745789,,18236,,1583006567,537708997,"""Zero Band""",[0.8481141924858093],"[0, 0, 0, 0]"
262.689474583,,18237,,1583006567,542898893,"""Zero Band""",[0.8589723706245422],"[0, 0, 0, 0]"
262.694922209,,18238,,1583006567,547485113,"""Zero Band""",[0.8481141924858093],"[0, 0, 0, 0]"
262.700078964,,18239,,1583006567,552932977,"""Zero Band""",[0.8372560143470764],"[0, 0, 0, 0]"
262.705435276,,18240,,1583006567,558082103,"""Zero Band""",[0.8263978958129883],"[0, 0, 0, 0]"
262.711530685,,18241,,1583006567,563419103,"""Zero Band""",[0.8155718445777893],"[0, 0, 0, 0]"
262.716498613,,18242,,1583006567,569513082,"""Zero Band""",[0.8047136664390564],"[0, 0, 0, 0]"
262.722465754,,18243,,1583006567,574476003,"""Zero Band""",[0.8155718445777893],"[0, 0, 0, 0]"
262.729510307,,18244,,1583006567,580472946,"""Zero Band""",[0.8263978958129883],"[0, 0, 0, 0]"
262.73589468,,18245,,1583006567,587522029,"""Zero Band""",[0.8372560143470764],"[0, 0, 0, 0]"
262.742777109,,18246,,1583006567,593904972,"""Zero Band""",[0.8481141924858093],"[0, 0, 0, 0]"
262.747791767,,18247,,1583006567,600910902,"""Zero Band""",[0.8372560143470764],"[0, 0, 0, 0]"
262.754203796,,18248,,1583006567,605801105,"""Zero Band""",[0.8263978958129883],"[0, 0, 0, 0]"
262.759773731,,18249,,1583006567,612126111,"""Zero Band""",[0.8155718445777893],"[0, 0, 0, 0]"
262.764515638,,18250,,1583006567,617664098,"""Zero Band""",[0.8047136664390564],"[0, 0, 0, 0]"
262.771584749,,18251,,1583006567,622570991,"""Zero Band""",[0.7938554883003235],"[0, 0, 0, 0]"
262.777022839,,18252,,1583006567,629713058,"""Zero Band""",[0.7829973101615906],"[0, 0, 0, 0]"
262.781463146,,18253,,1583006567,635003089,"""Zero Band""",[0.7721391916275024],"[0, 0, 0, 0]"
262.786535978,,18254,,1583006567,639349937,"""Zero Band""",[0.7613131403923035],"[0, 0, 0, 0]"
262.793496132,,18255,,1583006567,644512891,"""Zero Band""",[0.7504549622535706],"[0, 0, 0, 0]"
262.799683094,,18256,,1583006567,651448965,"""Zero Band""",[0.7395967841148376],"[0, 0, 0, 0]"
262.804929018,,18257,,1583006567,657640933,"""Zero Band""",[0.7287386655807495],"[0, 0, 0, 0]"
262.811398029,,18258,,1583006567,663058042,"""Zero Band""",[0.7178804874420166],"[0, 0, 0, 0]"
262.816842318,,18259,,1583006567,669245004,"""Zero Band""",[0.7070544362068176],"[0, 0, 0, 0]"
262.822637796,,18260,,1583006567,674750089,"""Zero Band""",[0.6961962580680847],"[0, 0, 0, 0]"
262.828802109,,18261,,1583006567,680800914,"""Zero Band""",[0.6853380799293518],"[0, 0, 0, 0]"
262.835125446,,18262,,1583006567,686810970,"""Zero Band""",[0.6744799613952637],"[0, 0, 0, 0]"
262.840028524,,18263,,1583006567,693100929,"""Zero Band""",[0.6527636051177979],"[0, 0, 0, 0]"
262.84653759,,18264,,1583006567,698007106,"""Zero Band""",[0.6419375538825989],"[0, 0, 0, 0]"
262.853410721,,18265,,1583006567,704518079,"""Zero Band""",[0.6310794353485107],"[0, 0, 0, 0]"
262.859457493,,18266,,1583006567,711390972,"""Zero Band""",[0.6202212572097778],"[0, 0, 0, 0]"
262.866268396,,18267,,1583006567,717439889,"""Zero Band""",[0.6093630790710449],"[0, 0, 0, 0]"
262.871707201,,18268,,1583006567,724284887,"""Zero Band""",[0.598504900932312],"[0, 0, 0, 0]"
262.878026485,,18269,,1583006567,729703903,"""Zero Band""",[0.587678849697113],"[0, 0, 0, 0]"
262.884557247,,18270,,1583006567,736015081,"""Zero Band""",[0.5768207311630249],"[0, 0, 0, 0]"
262.890212297,,18271,,1583006567,742268085,"""Zero Band""",[0.565962553024292],"[0, 0, 0, 0]"
262.897247076,,18272,,1583006567,748346090,"""Zero Band""",[0.5551043748855591],"[0, 0, 0, 0]"
262.902897596,,18273,,1583006567,755254983,"""Zero Band""",[0.565962553024292],"[0, 0, 0, 0]"
262.909843445,,18274,,1583006567,760873079,"""Zero Band""",[0.5551043748855591],"[0, 0, 0, 0]"
262.914889812,,18275,,1583006567,767823934,"""Zero Band""",[0.5442461967468262],"[0, 0, 0, 0]"
262.920818806,,18276,,1583006567,772872924,"""Zero Band""",[0.533388078212738],"[0, 0, 0, 0]"
262.929131031,,18277,,1583006567,778800010,"""Zero Band""",[0.5225620269775391],"[0, 0, 0, 0]"
262.934096813,,18278,,1583006567,787111043,"""Zero Band""",[0.5117038488388062],"[0, 0, 0, 0]"
262.935119629,,18279,,1583006567,792092084,"""Soft-Hard Sip Deadband""",[0.4899875223636627],"[0, 0, 0, 0]"
262.93615675,,18280,,1583006567,793107986,"""Soft-Hard Sip Deadband""",[0.4683033227920532],"[0, 0, 0, 0]"
262.937069178,,18281,,1583006567,794162988,"""Soft-Hard Sip Deadband""",[0.4574451446533203],"[0, 0, 0, 0]"
262.937962294,,18282,,1583006567,795070886,"""Soft-Hard Sip Deadband""",[0.4357288181781769],"[0, 0, 0, 0]"
262.939038515,,18283,,1583006567,795949935,"""Soft-Hard Sip Deadband""",[0.4031864404678345],"[0, 0, 0, 0]"
262.940643072,,18284,,1583006567,797488927,"""Soft-Hard Sip Deadband""",[0.3597537875175476],"[0, 0, 0, 0]"
262.941941261,,18285,,1583006567,798619985,"""Soft-Hard Sip Deadband""",[0.3380695879459381],"[0, 0, 0, 0]"
262.943189383,,18286,,1583006567,799943923,"""Soft-Hard Sip Deadband""",[0.30549511313438416],"[0, 0, 0, 0]"
262.950312376,,18287,,1583006567,801207065,"""Soft Sip""",[0.28381088376045227],"[0, 0, 1, 0]"
262.954827309,,18288,,1583006567,808291912,"""Soft Sip""",[0.2512364089488983],"[0, 0, 1, 0]"
262.961773634,,18289,,1583006567,812864065,"""Soft Sip""",[0.22955219447612762],"[0, 0, 1, 0]"
262.96866107,,18290,,1583006567,819751977,"""Soft Sip""",[0.18611954152584076],"[0, 0, 1, 0]"
262.972971439,,18291,,1583006567,826638936,"""Soft Sip""",[0.16443534195423126],"[0, 0, 1, 0]"
262.978984594,,18292,,1583006567,830952882,"""Soft Sip""",[0.13186083734035492],"[0, 0, 1, 0]"
262.984908104,,18293,,1583006567,836956024,"""Soft Sip""",[0.0993184745311737],"[0, 0, 1, 0]"
262.990341902,,18294,,1583006567,842902898,"""Soft Sip""",[0.07760214805603027],"[0, 0, 1, 0]"
262.998135805,,18295,,1583006567,848347902,"""Soft Sip""",[0.05591794103384018],"[0, 0, 1, 0]"
263.002872944,,18296,,1583006567,855865955,"""Soft Sip""",[0.023343447595834732],"[0, 0, 1, 0]"
263.003739595,,18297,,1583006567,860846996,"""Zero Band""",[0.0016592431347817183],"[0, 0, 0, 0]"
263.004554272,,18298,,1583006567,861711025,"""Zero Band""",[-0.0],"[0, 0, 0, 0]"
263.005428314,,18299,,1583006567,862524986,"""Zero Band""",[-0.0],"[0, 0, 0, 0]"
263.006276131,,18300,,1583006567,863390922,"""Zero Band""",[-0.0],"[0, 0, 0, 0]"
263.007196426,,18302,,1583006567,864243984,"""input stopped""",[-0.0],"[0, 0, 0, 0]"
263.857785463,,18303,,1583006568,714391946,"""Zero Band""",[-0.0],"[0, 0, 0, 0]"
263.860598803,,18304,,1583006568,717394113,"""Zero Band""",[-0.0],"[0, 0, 0, 0]"
263.864404202,,18305,,1583006568,721362113,"""Zero Band""",[-0.0],"[0, 0, 0, 0]"
263.86616683,,18306,,1583006568,723315000,"""Zero Band""",[-0.0],"[0, 0, 0, 0]"
263.872098207,,18307,,1583006568,725300073,"""Soft Sip""",[0.012485282495617867],"[0, 0, 1, 0]"
263.877784729,,18308,,1583006568,730107069,"""Soft Sip""",[0.023343447595834732],"[0, 0, 1, 0]"
263.884070873,,18309,,1583006568,735861063,"""Soft Sip""",[0.04505977779626846],"[0, 0, 1, 0]"
263.889394999,,18310,,1583006568,742053985,"""Soft Sip""",[0.05591794103384018],"[0, 0, 1, 0]"
263.895353317,,18311,,1583006568,747380018,"""Soft Sip""",[0.07760214805603027],"[0, 0, 1, 0]"
263.902217627,,18312,,1583006568,753475904,"""Soft Sip""",[0.08846031129360199],"[0, 0, 1, 0]"
263.908477783,,18313,,1583006568,760199069,"""Soft Sip""",[0.11017663776874542],"[0, 0, 1, 0]"
263.913793087,,18314,,1583006568,766452074,"""Soft Sip""",[0.12103480100631714],"[0, 0, 1, 0]"
263.918230772,,18315,,1583006568,771691083,"""Soft Sip""",[0.14271900057792664],"[0, 0, 1, 0]"
263.923022985,,18316,,1583006568,776220083,"""Soft Sip""",[0.15357716381549835],"[0, 0, 1, 0]"
263.931535006,,18317,,1583006568,781048059,"""Soft Sip""",[0.16443534195423126],"[0, 0, 1, 0]"
263.93842721,,18318,,1583006568,789781093,"""Soft Sip""",[0.18611954152584076],"[0, 0, 1, 0]"
263.94471097,,18319,,1583006568,796408891,"""Soft Sip""",[0.19697770476341248],"[0, 0, 1, 0]"
263.950919151,,18320,,1583006568,802901029,"""Soft Sip""",[0.2078358680009842],"[0, 0, 1, 0]"
263.956861258,,18321,,1583006568,808897018,"""Soft Sip""",[0.2186940312385559],"[0, 0, 1, 0]"
263.964212179,,18322,,1583006568,814837932,"""Soft Sip""",[0.22955219447612762],"[0, 0, 1, 0]"
263.969523907,,18323,,1583006568,822185039,"""Soft Sip""",[0.2403782308101654],"[0, 0, 1, 0]"
263.974740267,,18324,,1583006568,827498912,"""Soft Sip""",[0.2512364089488983],"[0, 0, 1, 0]"
263.98034215,,18325,,1583006568,832736968,"""Soft Sip""",[0.26209455728530884],"[0, 0, 1, 0]"
263.985533237,,18326,,1583006568,838438034,"""Soft Sip""",[0.27295273542404175],"[0, 0, 1, 0]"
263.990705729,,18327,,1583006568,843416929,"""Soft Sip""",[0.26209455728530884],"[0, 0, 1, 0]"
263.997500896,,18328,,1583006568,848711967,"""Soft Sip""",[0.27295273542404175],"[0, 0, 1, 0]"
264.002733469,,18329,,1583006568,855583906,"""Soft Sip""",[0.26209455728530884],"[0, 0, 1, 0]"
264.008661747,,18330,,1583006568,860692024,"""Soft Sip""",[0.27295273542404175],"[0, 0, 1, 0]"
264.014669895,,18331,,1583006568,866628885,"""Soft Sip""",[0.26209455728530884],"[0, 0, 1, 0]"
264.019394875,,18332,,1583006568,872648000,"""Soft Sip""",[0.2512364089488983],"[0, 0, 1, 0]"
264.024745464,,18333,,1583006568,877373933,"""Soft Sip""",[0.2403782308101654],"[0, 0, 1, 0]"
264.031933308,,18334,,1583006568,882776975,"""Soft Sip""",[0.22955219447612762],"[0, 0, 1, 0]"
264.038360596,,18335,,1583006568,890010118,"""Soft Sip""",[0.2403782308101654],"[0, 0, 1, 0]"
264.045341969,,18336,,1583006568,896368980,"""Soft Sip""",[0.2512364089488983],"[0, 0, 1, 0]"
264.050209284,,18337,,1583006568,903259038,"""Soft Sip""",[0.26209455728530884],"[0, 0, 1, 0]"
264.055807352,,18338,,1583006568,908181905,"""Soft Sip""",[0.27295273542404175],"[0, 0, 1, 0]"
264.063152075,,18339,,1583006568,913779020,"""Soft Sip""",[0.28381088376045227],"[0, 0, 1, 0]"
264.068142414,,18340,,1583006568,921297073,"""Soft Sip""",[0.2946690618991852],"[0, 0, 1, 0]"
264.068931818,,18341,,1583006568,926117897,"""Soft-Hard Sip Deadband""",[0.30549511313438416],"[0, 0, 0, 0]"
264.069680929,,18342,,1583006568,927006006,"""Soft-Hard Sip Deadband""",[0.3163532614707947],"[0, 0, 0, 0]"
264.070353508,,18343,,1583006568,927666902,"""Soft-Hard Sip Deadband""",[0.3272114396095276],"[0, 0, 0, 0]"
264.071053028,,18344,,1583006568,928394079,"""Soft-Hard Sip Deadband""",[0.3380695879459381],"[0, 0, 0, 0]"
264.071774006,,18345,,1583006568,929035902,"""Soft-Hard Sip Deadband""",[0.3272114396095276],"[0, 0, 0, 0]"
264.072609663,,18346,,1583006568,929799079,"""Soft-Hard Sip Deadband""",[0.3163532614707947],"[0, 0, 0, 0]"
264.074128866,,18347,,1583006568,931318998,"""Soft-Hard Sip Deadband""",[0.30549511313438416],"[0, 0, 0, 0]"
264.080634356,,18348,,1583006568,933387041,"""Soft Sip""",[0.2946690618991852],"[0, 0, 1, 0]"
264.08590436,,18349,,1583006568,938669919,"""Soft Sip""",[0.28381088376045227],"[0, 0, 1, 0]"
264.091498852,,18350,,1583006568,943924903,"""Soft Sip""",[0.27295273542404175],"[0, 0, 1, 0]"
264.099095821,,18351,,1583006568,949614048,"""Soft Sip""",[0.26209455728530884],"[0, 0, 1, 0]"
264.103962898,,18352,,1583006568,957115888,"""Soft Sip""",[0.2512364089488983],"[0, 0, 1, 0]"
264.109256029,,18353,,1583006568,962029933,"""Soft Sip""",[0.22955219447612762],"[0, 0, 1, 0]"
264.114699841,,18354,,1583006568,967171907,"""Soft Sip""",[0.2186940312385559],"[0, 0, 1, 0]"
264.119194269,,18355,,1583006568,972791910,"""Soft Sip""",[0.2078358680009842],"[0, 0, 1, 0]"
264.125284195,,18356,,1583006568,977173089,"""Soft Sip""",[0.19697770476341248],"[0, 0, 1, 0]"
264.130803823,,18357,,1583006568,983268976,"""Soft Sip""",[0.18611954152584076],"[0, 0, 1, 0]"
264.135641575,,18358,,1583006568,988785028,"""Soft Sip""",[0.17529350519180298],"[0, 0, 1, 0]"
264.140615225,,18359,,1583006568,993702888,"""Soft Sip""",[0.16443534195423126],"[0, 0, 1, 0]"
264.146000147,,18360,,1583006568,998708009,"""Soft Sip""",[0.17529350519180298],"[0, 0, 1, 0]"
264.150716782,,18361,,1583006569,3987073,"""Soft Sip""",[0.18611954152584076],"[0, 0, 1, 0]"
264.158863068,,18362,,1583006569,8714914,"""Soft Sip""",[0.19697770476341248],"[0, 0, 1, 0]"
264.164594412,,18363,,1583006569,16861915,"""Soft Sip""",[0.2078358680009842],"[0, 0, 1, 0]"
264.170659304,,18364,,1583006569,22557973,"""Soft Sip""",[0.2186940312385559],"[0, 0, 1, 0]"
264.177644491,,18365,,1583006569,28815031,"""Soft Sip""",[0.22955219447612762],"[0, 0, 1, 0]"
264.183200598,,18366,,1583006569,35804033,"""Soft Sip""",[0.2512364089488983],"[0, 0, 1, 0]"
264.18941927,,18367,,1583006569,41081905,"""Soft Sip""",[0.26209455728530884],"[0, 0, 1, 0]"
264.196820259,,18368,,1583006569,47394037,"""Soft Sip""",[0.27295273542404175],"[0, 0, 1, 0]"
264.203332663,,18369,,1583006569,54801940,"""Soft Sip""",[0.28381088376045227],"[0, 0, 1, 0]"
264.211929083,,18370,,1583006569,61304092,"""Soft Sip""",[0.2946690618991852],"[0, 0, 1, 0]"
264.213130951,,18371,,1583006569,69911956,"""Soft-Hard Sip Deadband""",[0.30549511313438416],"[0, 0, 0, 0]"
264.214241505,,18372,,1583006569,71078062,"""Soft-Hard Sip Deadband""",[0.3163532614707947],"[0, 0, 0, 0]"
264.215105772,,18373,,1583006569,72268009,"""Soft-Hard Sip Deadband""",[0.3272114396095276],"[0, 0, 0, 0]"
264.215928793,,18374,,1583006569,73092937,"""Soft-Hard Sip Deadband""",[0.3380695879459381],"[0, 0, 0, 0]"
264.216854095,,18375,,1583006569,73895931,"""Soft-Hard Sip Deadband""",[0.348927766084671],"[0, 0, 0, 0]"
264.217736006,,18376,,1583006569,74744939,"""Soft-Hard Sip Deadband""",[0.3597537875175476],"[0, 0, 0, 0]"
264.218314886,,18377,,1583006569,75499057,"""Soft-Hard Sip Deadband""",[0.3706119656562805],"[0, 0, 0, 0]"
264.219059229,,18378,,1583006569,76297044,"""Soft-Hard Sip Deadband""",[0.38147011399269104],"[0, 0, 0, 0]"
264.219900608,,18379,,1583006569,77038049,"""Soft-Hard Sip Deadband""",[0.39232829213142395],"[0, 0, 0, 0]"
264.220801592,,18380,,1583006569,77897071,"""Soft-Hard Sip Deadband""",[0.4031864404678345],"[0, 0, 0, 0]"
264.221595287,,18381,,1583006569,78768968,"""Soft-Hard Sip Deadband""",[0.4140446186065674],"[0, 0, 0, 0]"
264.222393751,,18382,,1583006569,79566955,"""Soft-Hard Sip Deadband""",[0.42487066984176636],"[0, 0, 0, 0]"
264.22330904,,18383,,1583006569,80462932,"""Soft-Hard Sip Deadband""",[0.4357288181781769],"[0, 0, 0, 0]"
264.224195719,,18384,,1583006569,81265926,"""Soft-Hard Sip Deadband""",[0.4465869963169098],"[0, 0, 0, 0]"
264.225246906,,18385,,1583006569,82292079,"""Soft-Hard Sip Deadband""",[0.4574451446533203],"[0, 0, 0, 0]"
264.22650528,,18386,,1583006569,83211898,"""Soft-Hard Sip Deadband""",[0.4683033227920532],"[0, 0, 0, 0]"
264.228147984,,18387,,1583006569,85388898,"""Soft-Hard Sip Deadband""",[0.4791293442249298],"[0, 0, 0, 0]"
264.230066538,,18388,,1583006569,87335109,"""Soft-Hard Sip Deadband""",[0.4899875223636627],"[0, 0, 0, 0]"
264.241628408,,18389,,1583006569,93341112,"""Zero Band""",[0.5008456707000732],"[0, 0, 0, 0]"
264.250051022,,18390,,1583006569,101454973,"""Zero Band""",[0.5117038488388062],"[0, 0, 0, 0]"
264.258697271,,18391,,1583006569,111455917,"""Zero Band""",[0.5008456707000732],"[0, 0, 0, 0]"
264.264225006,,18392,,1583006569,121393918,"""Soft-Hard Sip Deadband""",[0.4899875223636627],"[0, 0, 0, 0]"
264.266021729,,18393,,1583006569,123296976,"""Soft-Hard Sip Deadband""",[0.4791293442249298],"[0, 0, 0, 0]"
264.272279024,,18394,,1583006569,129400968,"""Soft-Hard Sip Deadband""",[0.4683033227920532],"[0, 0, 0, 0]"
264.274261236,,18395,,1583006569,131350994,"""Soft-Hard Sip Deadband""",[0.4574451446533203],"[0, 0, 0, 0]"
264.296709776,,18396,,1583006569,153510093,"""Soft-Hard Sip Deadband""",[0.4465869963169098],"[0, 0, 0, 0]"
264.306406736,,18397,,1583006569,163412094,"""Soft-Hard Sip Deadband""",[0.4357288181781769],"[0, 0, 0, 0]"
264.316436768,,18398,,1583006569,173382997,"""Soft-Hard Sip Deadband""",[0.42487066984176636],"[0, 0, 0, 0]"
264.318197489,,18399,,1583006569,175348997,"""Soft-Hard Sip Deadband""",[0.4140446186065674],"[0, 0, 0, 0]"
264.324542522,,18400,,1583006569,181350946,"""Soft-Hard Sip Deadband""",[0.4031864404678345],"[0, 0, 0, 0]"
264.326645613,,18401,,1583006569,183402061,"""Soft-Hard Sip Deadband""",[0.39232829213142395],"[0, 0, 0, 0]"
264.32840848,,18402,,1583006569,185422897,"""Soft-Hard Sip Deadband""",[0.38147011399269104],"[0, 0, 0, 0]"
264.332164049,,18403,,1583006569,189338922,"""Soft-Hard Sip Deadband""",[0.3706119656562805],"[0, 0, 0, 0]"
264.33411479,,18404,,1583006569,191330909,"""Soft-Hard Sip Deadband""",[0.3597537875175476],"[0, 0, 0, 0]"
264.336057901,,18405,,1583006569,193320035,"""Soft-Hard Sip Deadband""",[0.348927766084671],"[0, 0, 0, 0]"
264.340371132,,18406,,1583006569,197335004,"""Soft-Hard Sip Deadband""",[0.3380695879459381],"[0, 0, 0, 0]"
264.342310905,,18407,,1583006569,199333906,"""Soft-Hard Sip Deadband""",[0.3272114396095276],"[0, 0, 0, 0]"
264.346271038,,18408,,1583006569,203380107,"""Soft-Hard Sip Deadband""",[0.3163532614707947],"[0, 0, 0, 0]"
264.350206614,,18409,,1583006569,207354068,"""Soft-Hard Sip Deadband""",[0.30549511313438416],"[0, 0, 0, 0]"
264.357253313,,18410,,1583006569,209359884,"""Soft Sip""",[0.2946690618991852],"[0, 0, 1, 0]"
264.363148689,,18411,,1583006569,215302944,"""Soft Sip""",[0.28381088376045227],"[0, 0, 1, 0]"
264.367986202,,18412,,1583006569,221226930,"""Soft Sip""",[0.27295273542404175],"[0, 0, 1, 0]"
264.373870134,,18413,,1583006569,226059913,"""Soft Sip""",[0.26209455728530884],"[0, 0, 1, 0]"
264.381136656,,18414,,1583006569,231960058,"""Soft Sip""",[0.2512364089488983],"[0, 0, 1, 0]"
264.389354229,,18415,,1583006569,241354942,"""Soft Sip""",[0.26209455728530884],"[0, 0, 1, 0]"
264.397503376,,18416,,1583006569,249419927,"""Soft Sip""",[0.27295273542404175],"[0, 0, 1, 0]"
264.402070761,,18417,,1583006569,255522966,"""Soft Sip""",[0.28381088376045227],"[0, 0, 1, 0]"
264.408189058,,18418,,1583006569,260140895,"""Soft Sip""",[0.2946690618991852],"[0, 0, 1, 0]"
264.410508156,,18419,,1583006569,266402959,"""Soft-Hard Sip Deadband""",[0.30549511313438416],"[0, 0, 0, 0]"
264.410646915,,18420,,1583006569,267654895,"""Soft-Hard Sip Deadband""",[0.3163532614707947],"[0, 0, 0, 0]"
264.412342072,,18421,,1583006569,269402980,"""Soft-Hard Sip Deadband""",[0.3272114396095276],"[0, 0, 0, 0]"
264.418794632,,18422,,1583006569,275505065,"""Soft-Hard Sip Deadband""",[0.3380695879459381],"[0, 0, 0, 0]"
264.420252562,,18423,,1583006569,277354001,"""Soft-Hard Sip Deadband""",[0.348927766084671],"[0, 0, 0, 0]"
264.427261353,,18424,,1583006569,283699989,"""Soft-Hard Sip Deadband""",[0.3597537875175476],"[0, 0, 0, 0]"
264.430250645,,18425,,1583006569,287342071,"""Soft-Hard Sip Deadband""",[0.3706119656562805],"[0, 0, 0, 0]"
264.436325312,,18426,,1583006569,293391942,"""Soft-Hard Sip Deadband""",[0.38147011399269104],"[0, 0, 0, 0]"
264.444793701,,18427,,1583006569,301459074,"""Soft-Hard Sip Deadband""",[0.39232829213142395],"[0, 0, 0, 0]"
264.448354959,,18428,,1583006569,305376052,"""Soft-Hard Sip Deadband""",[0.4031864404678345],"[0, 0, 0, 0]"
264.452346802,,18429,,1583006569,309408903,"""Soft-Hard Sip Deadband""",[0.4140446186065674],"[0, 0, 0, 0]"
264.45413661,,18430,,1583006569,311316967,"""Soft-Hard Sip Deadband""",[0.42487066984176636],"[0, 0, 0, 0]"
264.458685875,,18431,,1583006569,315355062,"""Soft-Hard Sip Deadband""",[0.4357288181781769],"[0, 0, 0, 0]"
264.462380171,,18432,,1583006569,319385051,"""Soft-Hard Sip Deadband""",[0.4465869963169098],"[0, 0, 0, 0]"
264.464169502,,18433,,1583006569,321342945,"""Soft-Hard Sip Deadband""",[0.4574451446533203],"[0, 0, 0, 0]"
264.470248222,,18434,,1583006569,327342987,"""Soft-Hard Sip Deadband""",[0.4683033227920532],"[0, 0, 0, 0]"
264.474349499,,18435,,1583006569,331362009,"""Soft-Hard Sip Deadband""",[0.4791293442249298],"[0, 0, 0, 0]"
264.478663445,,18436,,1583006569,335473060,"""Soft-Hard Sip Deadband""",[0.4899875223636627],"[0, 0, 0, 0]"
264.488784075,,18437,,1583006569,341392040,"""Zero Band""",[0.5008456707000732],"[0, 0, 0, 0]"
264.515640974,,18438,,1583006569,367476940,"""Zero Band""",[0.5117038488388062],"[0, 0, 0, 0]"
264.522497892,,18439,,1583006569,375407934,"""Zero Band""",[0.5225620269775391],"[0, 0, 0, 0]"
264.530456543,,18440,,1583006569,381375074,"""Zero Band""",[0.533388078212738],"[0, 0, 0, 0]"
264.536734581,,18441,,1583006569,388504981,"""Zero Band""",[0.5442461967468262],"[0, 0, 0, 0]"
264.541572809,,18442,,1583006569,394890069,"""Zero Band""",[0.5551043748855591],"[0, 0, 0, 0]"
264.547155619,,18443,,1583006569,399687051,"""Zero Band""",[0.565962553024292],"[0, 0, 0, 0]"
264.554749012,,18444,,1583006569,405214071,"""Zero Band""",[0.5768207311630249],"[0, 0, 0, 0]"
264.560597658,,18445,,1583006569,412801980,"""Zero Band""",[0.587678849697113],"[0, 0, 0, 0]"
264.565235376,,18446,,1583006569,418641090,"""Zero Band""",[0.598504900932312],"[0, 0, 0, 0]"
264.572484255,,18447,,1583006569,423263072,"""Zero Band""",[0.6093630790710449],"[0, 0, 0, 0]"
264.577329159,,18448,,1583006569,430530071,"""Zero Band""",[0.6202212572097778],"[0, 0, 0, 0]"
264.583747625,,18449,,1583006569,435386896,"""Zero Band""",[0.6093630790710449],"[0, 0, 0, 0]"
264.590444326,,18450,,1583006569,441878080,"""Zero Band""",[0.598504900932312],"[0, 0, 0, 0]"
264.596573114,,18451,,1583006569,448533058,"""Zero Band""",[0.587678849697113],"[0, 0, 0, 0]"
264.60334444,,18452,,1583006569,454649925,"""Zero Band""",[0.5768207311630249],"[0, 0, 0, 0]"
264.610711813,,18453,,1583006569,461313962,"""Zero Band""",[0.565962553024292],"[0, 0, 0, 0]"
264.616183996,,18454,,1583006569,468772888,"""Zero Band""",[0.5551043748855591],"[0, 0, 0, 0]"
264.622698784,,18455,,1583006569,474167108,"""Zero Band""",[0.5442461967468262],"[0, 0, 0, 0]"
264.629331827,,18456,,1583006569,480870962,"""Zero Band""",[0.533388078212738],"[0, 0, 0, 0]"
264.635866404,,18457,,1583006569,487334966,"""Zero Band""",[0.5225620269775391],"[0, 0, 0, 0]"
264.640753269,,18458,,1583006569,494012117,"""Zero Band""",[0.533388078212738],"[0, 0, 0, 0]"
264.647588015,,18459,,1583006569,498738050,"""Zero Band""",[0.5442461967468262],"[0, 0, 0, 0]"
264.653432131,,18460,,1583006569,505655050,"""Zero Band""",[0.5551043748855591],"[0, 0, 0, 0]"
264.65829277,,18461,,1583006569,511424064,"""Zero Band""",[0.565962553024292],"[0, 0, 0, 0]"
264.663206577,,18462,,1583006569,516273021,"""Zero Band""",[0.5768207311630249],"[0, 0, 0, 0]"
264.668380022,,18463,,1583006569,521186113,"""Zero Band""",[0.587678849697113],"[0, 0, 0, 0]"
264.673569679,,18464,,1583006569,526426076,"""Zero Band""",[0.598504900932312],"[0, 0, 0, 0]"
264.679417133,,18465,,1583006569,531553030,"""Zero Band""",[0.6093630790710449],"[0, 0, 0, 0]"
264.68556881,,18466,,1583006569,537441015,"""Zero Band""",[0.6202212572097778],"[0, 0, 0, 0]"
264.692106247,,18467,,1583006569,543665885,"""Zero Band""",[0.6310794353485107],"[0, 0, 0, 0]"
264.69861722,,18468,,1583006569,550071954,"""Zero Band""",[0.6419375538825989],"[0, 0, 0, 0]"
264.704571247,,18469,,1583006569,556587934,"""Zero Band""",[0.6527636051177979],"[0, 0, 0, 0]"
264.711417198,,18470,,1583006569,562769889,"""Zero Band""",[0.6636217832565308],"[0, 0, 0, 0]"
264.718560934,,18471,,1583006569,569401025,"""Zero Band""",[0.6744799613952637],"[0, 0, 0, 0]"
264.723850965,,18472,,1583006569,576638936,"""Zero Band""",[0.6853380799293518],"[0, 0, 0, 0]"
264.730129719,,18473,,1583006569,581926107,"""Zero Band""",[0.6744799613952637],"[0, 0, 0, 0]"
264.736240387,,18474,,1583006569,588104009,"""Zero Band""",[0.6636217832565308],"[0, 0, 0, 0]"
264.742087126,,18475,,1583006569,593952894,"""Zero Band""",[0.6527636051177979],"[0, 0, 0, 0]"
264.748309612,,18476,,1583006569,600197076,"""Zero Band""",[0.6419375538825989],"[0, 0, 0, 0]"
264.752830744,,18477,,1583006569,606297969,"""Zero Band""",[0.6310794353485107],"[0, 0, 0, 0]"
264.758754492,,18478,,1583006569,610836982,"""Zero Band""",[0.6093630790710449],"[0, 0, 0, 0]"
264.764392614,,18479,,1583006569,616879940,"""Zero Band""",[0.598504900932312],"[0, 0, 0, 0]"
264.769948006,,18480,,1583006569,622390985,"""Zero Band""",[0.587678849697113],"[0, 0, 0, 0]"
264.776286364,,18481,,1583006569,627913951,"""Zero Band""",[0.565962553024292],"[0, 0, 0, 0]"
264.781388283,,18482,,1583006569,634279966,"""Zero Band""",[0.5551043748855591],"[0, 0, 0, 0]"
264.786628723,,18483,,1583006569,639307975,"""Zero Band""",[0.5442461967468262],"[0, 0, 0, 0]"
264.794781208,,18484,,1583006569,644624948,"""Zero Band""",[0.5225620269775391],"[0, 0, 0, 0]"
264.800861359,,18485,,1583006569,652771949,"""Zero Band""",[0.5008456707000732],"[0, 0, 0, 0]"
264.802089453,,18486,,1583006569,659183025,"""Soft-Hard Sip Deadband""",[0.4791293442249298],"[0, 0, 0, 0]"
264.802888155,,18487,,1583006569,660073995,"""Soft-Hard Sip Deadband""",[0.4683033227920532],"[0, 0, 0, 0]"
264.804031134,,18488,,1583006569,660876035,"""Soft-Hard Sip Deadband""",[0.4465869963169098],"[0, 0, 0, 0]"
264.804630518,,18489,,1583006569,661875963,"""Soft-Hard Sip Deadband""",[0.4357288181781769],"[0, 0, 0, 0]"
264.80533576,,18490,,1583006569,662627935,"""Soft-Hard Sip Deadband""",[0.4140446186065674],"[0, 0, 0, 0]"
264.806141615,,18491,,1583006569,663311004,"""Soft-Hard Sip Deadband""",[0.4031864404678345],"[0, 0, 0, 0]"
264.807510376,,18492,,1583006569,664024114,"""Soft-Hard Sip Deadband""",[0.38147011399269104],"[0, 0, 0, 0]"
264.808681488,,18493,,1583006569,665491104,"""Soft-Hard Sip Deadband""",[0.3706119656562805],"[0, 0, 0, 0]"
264.809425831,,18494,,1583006569,666683912,"""Soft-Hard Sip Deadband""",[0.3597537875175476],"[0, 0, 0, 0]"
264.810171127,,18495,,1583006569,667409896,"""Soft-Hard Sip Deadband""",[0.348927766084671],"[0, 0, 0, 0]"
264.810891628,,18496,,1583006569,668143033,"""Soft-Hard Sip Deadband""",[0.3380695879459381],"[0, 0, 0, 0]"
264.81161356,,18497,,1583006569,668878078,"""Soft-Hard Sip Deadband""",[0.348927766084671],"[0, 0, 0, 0]"
264.812330723,,18498,,1583006569,669604063,"""Soft-Hard Sip Deadband""",[0.3597537875175476],"[0, 0, 0, 0]"
264.813052416,,18499,,1583006569,670392990,"""Soft-Hard Sip Deadband""",[0.3706119656562805],"[0, 0, 0, 0]"
264.813825369,,18500,,1583006569,671101093,"""Soft-Hard Sip Deadband""",[0.38147011399269104],"[0, 0, 0, 0]"
264.814613342,,18501,,1583006569,671875000,"""Soft-Hard Sip Deadband""",[0.39232829213142395],"[0, 0, 0, 0]"
264.815410852,,18502,,1583006569,672591924,"""Soft-Hard Sip Deadband""",[0.4140446186065674],"[0, 0, 0, 0]"
264.816105127,,18503,,1583006569,673389911,"""Soft-Hard Sip Deadband""",[0.42487066984176636],"[0, 0, 0, 0]"
264.817021608,,18504,,1583006569,674145936,"""Soft-Hard Sip Deadband""",[0.4357288181781769],"[0, 0, 0, 0]"
264.818127394,,18505,,1583006569,675297975,"""Soft-Hard Sip Deadband""",[0.4574451446533203],"[0, 0, 0, 0]"
264.820193052,,18506,,1583006569,677314996,"""Soft-Hard Sip Deadband""",[0.4683033227920532],"[0, 0, 0, 0]"
264.825223207,,18507,,1583006569,681695938,"""Soft-Hard Sip Deadband""",[0.4899875223636627],"[0, 0, 0, 0]"
264.830455303,,18508,,1583006569,683413028,"""Zero Band""",[0.5008456707000732],"[0, 0, 0, 0]"
264.836683512,,18509,,1583006569,688544034,"""Zero Band""",[0.5225620269775391],"[0, 0, 0, 0]"
264.843427896,,18510,,1583006569,694725036,"""Zero Band""",[0.5442461967468262],"[0, 0, 0, 0]"
264.848825693,,18511,,1583006569,701488018,"""Zero Band""",[0.565962553024292],"[0, 0, 0, 0]"
264.854102135,,18512,,1583006569,706837892,"""Zero Band""",[0.587678849697113],"[0, 0, 0, 0]"
264.860423565,,18513,,1583006569,712230920,"""Zero Band""",[0.6093630790710449],"[0, 0, 0, 0]"
264.866774559,,18514,,1583006569,718408107,"""Zero Band""",[0.6202212572097778],"[0, 0, 0, 0]"
264.872087955,,18515,,1583006569,724675893,"""Zero Band""",[0.6419375538825989],"[0, 0, 0, 0]"
264.877661705,,18516,,1583006569,730392932,"""Zero Band""",[0.6636217832565308],"[0, 0, 0, 0]"
264.883541584,,18517,,1583006569,735647916,"""Zero Band""",[0.6744799613952637],"[0, 0, 0, 0]"
264.889036417,,18518,,1583006569,741523981,"""Zero Band""",[0.6961962580680847],"[0, 0, 0, 0]"
264.894395351,,18519,,1583006569,747009992,"""Zero Band""",[0.7070544362068176],"[0, 0, 0, 0]"
264.901507616,,18520,,1583006569,752510070,"""Zero Band""",[0.7178804874420166],"[0, 0, 0, 0]"
264.906811714,,18521,,1583006569,759490966,"""Zero Band""",[0.7395967841148376],"[0, 0, 0, 0]"
264.912250996,,18522,,1583006569,764695882,"""Zero Band""",[0.7504549622535706],"[0, 0, 0, 0]"
264.917695522,,18523,,1583006569,770232915,"""Zero Band""",[0.7613131403923035],"[0, 0, 0, 0]"
264.922320604,,18524,,1583006569,775700092,"""Zero Band""",[0.7721391916275024],"[0, 0, 0, 0]"
264.929474115,,18525,,1583006569,780318975,"""Zero Band""",[0.7829973101615906],"[0, 0, 0, 0]"
264.935581446,,18526,,1583006569,787455081,"""Zero Band""",[0.7938554883003235],"[0, 0, 0, 0]"
264.940396309,,18527,,1583006569,793685913,"""Zero Band""",[0.8047136664390564],"[0, 0, 0, 0]"
264.947197676,,18528,,1583006569,798368930,"""Zero Band""",[0.8155718445777893],"[0, 0, 0, 0]"
264.952450037,,18529,,1583006569,805177927,"""Zero Band""",[0.8263978958129883],"[0, 0, 0, 0]"
264.958091736,,18530,,1583006569,810444116,"""Zero Band""",[0.8372560143470764],"[0, 0, 0, 0]"
264.96485424,,18531,,1583006569,816067934,"""Zero Band""",[0.8263978958129883],"[0, 0, 0, 0]"
264.97048068,,18532,,1583006569,822866916,"""Zero Band""",[0.8155718445777893],"[0, 0, 0, 0]"
264.977505445,,18533,,1583006569,828517913,"""Zero Band""",[0.8047136664390564],"[0, 0, 0, 0]"
264.983958244,,18534,,1583006569,835792064,"""Zero Band""",[0.7938554883003235],"[0, 0, 0, 0]"
264.989190817,,18535,,1583006569,841937065,"""Zero Band""",[0.7829973101615906],"[0, 0, 0, 0]"
264.997024298,,18536,,1583006569,847192049,"""Zero Band""",[0.7721391916275024],"[0, 0, 0, 0]"
265.003329277,,18537,,1583006569,855031967,"""Zero Band""",[0.7504549622535706],"[0, 0, 0, 0]"
265.011167288,,18538,,1583006569,861329078,"""Zero Band""",[0.7395967841148376],"[0, 0, 0, 0]"
265.016246796,,18539,,1583006569,869147062,"""Zero Band""",[0.7178804874420166],"[0, 0, 0, 0]"
265.020954609,,18540,,1583006569,874228000,"""Zero Band""",[0.6961962580680847],"[0, 0, 0, 0]"
265.02707839,,18541,,1583006569,878935098,"""Zero Band""",[0.6853380799293518],"[0, 0, 0, 0]"
265.032714367,,18542,,1583006569,885059118,"""Zero Band""",[0.6744799613952637],"[0, 0, 0, 0]"
265.037523985,,18543,,1583006569,890680074,"""Zero Band""",[0.6419375538825989],"[0, 0, 0, 0]"
265.04398489,,18544,,1583006569,895524978,"""Zero Band""",[0.6310794353485107],"[0, 0, 0, 0]"
265.049132109,,18545,,1583006569,901971101,"""Zero Band""",[0.6202212572097778],"[0, 0, 0, 0]"
265.054738045,,18546,,1583006569,907269954,"""Zero Band""",[0.598504900932312],"[0, 0, 0, 0]"
265.061776638,,18547,,1583006569,912717103,"""Zero Band""",[0.587678849697113],"[0, 0, 0, 0]"
265.06802392,,18548,,1583006569,919742107,"""Zero Band""",[0.5768207311630249],"[0, 0, 0, 0]"
265.073331833,,18549,,1583006569,925993919,"""Zero Band""",[0.565962553024292],"[0, 0, 0, 0]"
265.079366922,,18550,,1583006569,931293964,"""Zero Band""",[0.5551043748855591],"[0, 0, 0, 0]"
265.084023714,,18551,,1583006569,937345027,"""Zero Band""",[0.5442461967468262],"[0, 0, 0, 0]"
265.090715885,,18552,,1583006569,942002058,"""Zero Band""",[0.533388078212738],"[0, 0, 0, 0]"
265.096992254,,18553,,1583006569,948690891,"""Zero Band""",[0.5225620269775391],"[0, 0, 0, 0]"
265.102007389,,18554,,1583006569,954968929,"""Zero Band""",[0.5117038488388062],"[0, 0, 0, 0]"
265.107613087,,18555,,1583006569,959990024,"""Zero Band""",[0.5008456707000732],"[0, 0, 0, 0]"
265.10868597,,18556,,1583006569,965585947,"""Soft-Hard Sip Deadband""",[0.4899875223636627],"[0, 0, 0, 0]"
265.110248089,,18557,,1583006569,966897964,"""Soft-Hard Sip Deadband""",[0.4791293442249298],"[0, 0, 0, 0]"
265.111461163,,18558,,1583006569,968101024,"""Soft-Hard Sip Deadband""",[0.4683033227920532],"[0, 0, 0, 0]"
265.112503052,,18559,,1583006569,969436883,"""Soft-Hard Sip Deadband""",[0.4574451446533203],"[0, 0, 0, 0]"
265.113435268,,18560,,1583006569,970500946,"""Soft-Hard Sip Deadband""",[0.4465869963169098],"[0, 0, 0, 0]"
265.114430904,,18561,,1583006569,971405029,"""Soft-Hard Sip Deadband""",[0.4357288181781769],"[0, 0, 0, 0]"
265.115338326,,18562,,1583006569,972405910,"""Soft-Hard Sip Deadband""",[0.42487066984176636],"[0, 0, 0, 0]"
265.116280317,,18563,,1583006569,973315954,"""Soft-Hard Sip Deadband""",[0.4140446186065674],"[0, 0, 0, 0]"
265.117311478,,18564,,1583006569,974258899,"""Soft-Hard Sip Deadband""",[0.42487066984176636],"[0, 0, 0, 0]"
265.1181705,,18565,,1583006569,975168943,"""Soft-Hard Sip Deadband""",[0.4357288181781769],"[0, 0, 0, 0]"
265.119194508,,18566,,1583006569,976133108,"""Soft-Hard Sip Deadband""",[0.4465869963169098],"[0, 0, 0, 0]"
265.120264292,,18567,,1583006569,977157115,"""Soft-Hard Sip Deadband""",[0.4574451446533203],"[0, 0, 0, 0]"
265.121365786,,18568,,1583006569,978219032,"""Soft-Hard Sip Deadband""",[0.4683033227920532],"[0, 0, 0, 0]"
265.12225771,,18569,,1583006569,979336977,"""Soft-Hard Sip Deadband""",[0.4791293442249298],"[0, 0, 0, 0]"
265.129715681,,18570,,1583006569,980220079,"""Zero Band""",[0.5008456707000732],"[0, 0, 0, 0]"
265.13447237,,18571,,1583006569,987768888,"""Zero Band""",[0.5117038488388062],"[0, 0, 0, 0]"
265.140103579,,18572,,1583006569,992441892,"""Zero Band""",[0.533388078212738],"[0, 0, 0, 0]"
265.146065712,,18573,,1583006569,997946977,"""Zero Band""",[0.5551043748855591],"[0, 0, 0, 0]"
265.151662111,,18574,,1583006570,4045963,"""Zero Band""",[0.565962553024292],"[0, 0, 0, 0]"
265.157357693,,18575,,1583006570,9632110,"""Zero Band""",[0.587678849697113],"[0, 0, 0, 0]"
265.163975477,,18576,,1583006570,15454053,"""Zero Band""",[0.598504900932312],"[0, 0, 0, 0]"
265.168796301,,18577,,1583006570,21956920,"""Zero Band""",[0.6202212572097778],"[0, 0, 0, 0]"
265.175274849,,18578,,1583006570,26948928,"""Zero Band""",[0.6419375538825989],"[0, 0, 0, 0]"
265.181982994,,18579,,1583006570,33255100,"""Zero Band""",[0.6527636051177979],"[0, 0, 0, 0]"
265.187487125,,18580,,1583006570,39959907,"""Zero Band""",[0.6744799613952637],"[0, 0, 0, 0]"
265.193845749,,18581,,1583006570,45490026,"""Zero Band""",[0.6961962580680847],"[0, 0, 0, 0]"
265.199573517,,18582,,1583006570,51822900,"""Zero Band""",[0.7070544362068176],"[0, 0, 0, 0]"
265.20405221,,18583,,1583006570,57550907,"""Zero Band""",[0.7287386655807495],"[0, 0, 0, 0]"
265.208831549,,18584,,1583006570,61963081,"""Zero Band""",[0.7395967841148376],"[0, 0, 0, 0]"
265.214361906,,18585,,1583006570,66843986,"""Zero Band""",[0.7613131403923035],"[0, 0, 0, 0]"
265.220920801,,18586,,1583006570,72333097,"""Zero Band""",[0.7829973101615906],"[0, 0, 0, 0]"
265.226284027,,18587,,1583006570,79165935,"""Zero Band""",[0.8047136664390564],"[0, 0, 0, 0]"
265.265051126,,18588,,1583006570,84264039,"""Zero Band""",[0.8155718445777893],"[0, 0, 0, 0]"
265.270026207,,18589,,1583006570,123028993,"""Zero Band""",[0.8263978958129883],"[0, 0, 0, 0]"
265.27506423,,18590,,1583006570,128006935,"""Zero Band""",[0.8481141924858093],"[0, 0, 0, 0]"
265.282841444,,18591,,1583006570,133032083,"""Zero Band""",[0.8589723706245422],"[0, 0, 0, 0]"
265.28852129,,18592,,1583006570,140849113,"""Zero Band""",[0.8698305487632751],"[0, 0, 0, 0]"
265.293291807,,18593,,1583006570,146497011,"""Zero Band""",[0.8806886672973633],"[0, 0, 0, 0]"
265.299984694,,18594,,1583006570,151272058,"""Zero Band""",[0.8915147185325623],"[0, 0, 0, 0]"
265.306121826,,18595,,1583006570,157963037,"""Zero Band""",[0.8806886672973633],"[0, 0, 0, 0]"
265.312395096,,18596,,1583006570,164145946,"""Zero Band""",[0.8698305487632751],"[0, 0, 0, 0]"
265.319098473,,18597,,1583006570,170224905,"""Zero Band""",[0.8589723706245422],"[0, 0, 0, 0]"
265.32582736,,18598,,1583006570,176971912,"""Zero Band""",[0.8481141924858093],"[0, 0, 0, 0]"
265.332793713,,18599,,1583006570,183796882,"""Zero Band""",[0.8372560143470764],"[0, 0, 0, 0]"
265.337773561,,18600,,1583006570,190767049,"""Zero Band""",[0.8263978958129883],"[0, 0, 0, 0]"
265.344093323,,18601,,1583006570,195744037,"""Zero Band""",[0.8155718445777893],"[0, 0, 0, 0]"
265.349937201,,18602,,1583006570,202069044,"""Zero Band""",[0.8047136664390564],"[0, 0, 0, 0]"
265.355351686,,18603,,1583006570,207917928,"""Zero Band""",[0.7938554883003235],"[0, 0, 0, 0]"
265.362004042,,18604,,1583006570,213355064,"""Zero Band""",[0.7829973101615906],"[0, 0, 0, 0]"
265.368522167,,18605,,1583006570,219993114,"""Zero Band""",[0.7721391916275024],"[0, 0, 0, 0]"
265.374856949,,18606,,1583006570,226500988,"""Zero Band""",[0.7504549622535706],"[0, 0, 0, 0]"
265.381140709,,18607,,1583006570,232831001,"""Zero Band""",[0.7287386655807495],"[0, 0, 0, 0]"
265.386340141,,18608,,1583006570,239491939,"""Zero Band""",[0.7178804874420166],"[0, 0, 0, 0]"
265.391849041,,18609,,1583006570,244316101,"""Zero Band""",[0.6961962580680847],"[0, 0, 0, 0]"
265.398865223,,18610,,1583006570,249847888,"""Zero Band""",[0.6744799613952637],"[0, 0, 0, 0]"
265.404757977,,18611,,1583006570,256839036,"""Zero Band""",[0.6527636051177979],"[0, 0, 0, 0]"
265.411399841,,18612,,1583006570,262736082,"""Zero Band""",[0.6310794353485107],"[0, 0, 0, 0]"
265.418017626,,18613,,1583006570,269347906,"""Zero Band""",[0.6093630790710449],"[0, 0, 0, 0]"
265.423139572,,18614,,1583006570,275995016,"""Zero Band""",[0.587678849697113],"[0, 0, 0, 0]"
265.429704666,,18615,,1583006570,281147003,"""Zero Band""",[0.5551043748855591],"[0, 0, 0, 0]"
265.435001612,,18616,,1583006570,287689924,"""Zero Band""",[0.5225620269775391],"[0, 0, 0, 0]"
265.441169024,,18617,,1583006570,292742013,"""Zero Band""",[0.5008456707000732],"[0, 0, 0, 0]"
265.442048788,,18618,,1583006570,299139976,"""Soft-Hard Sip Deadband""",[0.4683033227920532],"[0, 0, 0, 0]"
265.442862272,,18619,,1583006570,300019979,"""Soft-Hard Sip Deadband""",[0.4357288181781769],"[0, 0, 0, 0]"
265.44379735,,18620,,1583006570,300827980,"""Soft-Hard Sip Deadband""",[0.4031864404678345],"[0, 0, 0, 0]"
265.444689989,,18621,,1583006570,301789045,"""Soft-Hard Sip Deadband""",[0.3706119656562805],"[0, 0, 0, 0]"
265.44585371,,18622,,1583006570,302671909,"""Soft-Hard Sip Deadband""",[0.3380695879459381],"[0, 0, 0, 0]"
265.446900129,,18623,,1583006570,303797960,"""Soft-Hard Sip Deadband""",[0.30549511313438416],"[0, 0, 0, 0]"
265.452528715,,18624,,1583006570,304863929,"""Soft Sip""",[0.28381088376045227],"[0, 0, 1, 0]"
265.457461357,,18625,,1583006570,310511112,"""Soft Sip""",[0.2512364089488983],"[0, 0, 1, 0]"
265.463833094,,18626,,1583006570,315345048,"""Soft Sip""",[0.2186940312385559],"[0, 0, 1, 0]"
265.470209122,,18627,,1583006570,321834087,"""Soft Sip""",[0.19697770476341248],"[0, 0, 1, 0]"
265.476510048,,18628,,1583006570,328238964,"""Soft Sip""",[0.17529350519180298],"[0, 0, 1, 0]"
265.481513977,,18629,,1583006570,334503889,"""Soft Sip""",[0.13186083734035492],"[0, 0, 1, 0]"
265.486902952,,18630,,1583006570,339495897,"""Soft Sip""",[0.11017663776874542],"[0, 0, 1, 0]"
265.494053125,,18631,,1583006570,344878911,"""Soft Sip""",[0.08846031129360199],"[0, 0, 1, 0]"
265.499073982,,18632,,1583006570,352065086,"""Soft Sip""",[0.06674397736787796],"[0, 0, 1, 0]"
265.507090092,,18633,,1583006570,357091903,"""Soft Sip""",[0.05591794103384018],"[0, 0, 1, 0]"
265.513112545,,18634,,1583006570,365057945,"""Soft Sip""",[0.03420161083340645],"[0, 0, 1, 0]"
265.518320084,,18635,,1583006570,370961904,"""Soft Sip""",[0.012485282495617867],"[0, 0, 1, 0]"
265.519330978,,18636,,1583006570,376317977,"""Zero Band""",[-0.0],"[0, 0, 0, 0]"
265.52030921,,18637,,1583006570,377366065,"""Zero Band""",[-0.0],"[0, 0, 0, 0]"
265.521698952,,18638,,1583006570,378303050,"""Zero Band""",[-0.0],"[0, 0, 0, 0]"
265.52277422,,18639,,1583006570,379692077,"""Zero Band""",[-0.0],"[0, 0, 0, 0]"
265.523724079,,18640,,1583006570,380786895,"""Zero Band""",[-0.0],"[0, 0, 0, 0]"
265.523808718,,18641,,1583006570,380786895,"""input stopped""",[-0.0],"[0, 0, 0, 0]"
265.524663925,,18642,,1583006570,381814956,"""Zero Band""",[-0.0],"[0, 0, 0, 0]"
265.525763035,,18643,,1583006570,382996082,"""Zero Band""",[-0.0],"[0, 0, 0, 0]"
265.52648592,,18644,,1583006570,383743047,"""Zero Band""",[-0.0],"[0, 0, 0, 0]"
265.527205706,,18645,,1583006570,384464025,"""Zero Band""",[-0.0],"[0, 0, 0, 0]"
265.527917385,,18646,,1583006570,385215044,"""Zero Band""",[0.0016592431347817183],"[0, 0, 0, 0]"
265.533456564,,18647,,1583006570,385901927,"""Soft Sip""",[0.023343447595834732],"[0, 0, 1, 0]"
265.539058924,,18648,,1583006570,391341924,"""Soft Sip""",[0.03420161083340645],"[0, 0, 1, 0]"
265.544808149,,18649,,1583006570,397039890,"""Soft Sip""",[0.05591794103384018],"[0, 0, 1, 0]"
265.55079937,,18650,,1583006570,402693986,"""Soft Sip""",[0.06674397736787796],"[0, 0, 1, 0]"
265.557421207,,18651,,1583006570,408797025,"""Soft Sip""",[0.0993184745311737],"[0, 0, 1, 0]"
265.563426733,,18652,,1583006570,415406942,"""Soft Sip""",[0.11017663776874542],"[0, 0, 1, 0]"
265.569614649,,18653,,1583006570,420937061,"""Soft Sip""",[0.13186083734035492],"[0, 0, 1, 0]"
265.575568438,,18654,,1583006570,427469015,"""Soft Sip""",[0.15357716381549835],"[0, 0, 1, 0]"
265.580838919,,18655,,1583006570,433542966,"""Soft Sip""",[0.17529350519180298],"[0, 0, 1, 0]"
265.58621788,,18656,,1583006570,438816070,"""Soft Sip""",[0.18611954152584076],"[0, 0, 1, 0]"
265.591975927,,18657,,1583006570,444056987,"""Soft Sip""",[0.2078358680009842],"[0, 0, 1, 0]"
265.599151373,,18658,,1583006570,449944972,"""Soft Sip""",[0.2403782308101654],"[0, 0, 1, 0]"
265.604078531,,18659,,1583006570,457133054,"""Soft Sip""",[0.26209455728530884],"[0, 0, 1, 0]"
265.608750105,,18660,,1583006570,462047100,"""Soft Sip""",[0.27295273542404175],"[0, 0, 1, 0]"
265.609780073,,18661,,1583006570,466725111,"""Soft-Hard Sip Deadband""",[0.30549511313438416],"[0, 0, 0, 0]"
265.610906124,,18662,,1583006570,467751026,"""Soft-Hard Sip Deadband""",[0.3272114396095276],"[0, 0, 0, 0]"
265.611780643,,18663,,1583006570,468899011,"""Soft-Hard Sip Deadband""",[0.348927766084671],"[0, 0, 0, 0]"
265.612642765,,18664,,1583006570,469758033,"""Soft-Hard Sip Deadband""",[0.3706119656562805],"[0, 0, 0, 0]"
265.613371134,,18665,,1583006570,470484972,"""Soft-Hard Sip Deadband""",[0.39232829213142395],"[0, 0, 0, 0]"
265.614029884,,18666,,1583006570,471262931,"""Soft-Hard Sip Deadband""",[0.4140446186065674],"[0, 0, 0, 0]"
265.614777803,,18667,,1583006570,472006082,"""Soft-Hard Sip Deadband""",[0.42487066984176636],"[0, 0, 0, 0]"
265.615463734,,18668,,1583006570,472719907,"""Soft-Hard Sip Deadband""",[0.4465869963169098],"[0, 0, 0, 0]"
265.616168737,,18669,,1583006570,473459005,"""Soft-Hard Sip Deadband""",[0.4574451446533203],"[0, 0, 0, 0]"
265.616893768,,18670,,1583006570,474152088,"""Soft-Hard Sip Deadband""",[0.4683033227920532],"[0, 0, 0, 0]"
265.617693186,,18671,,1583006570,474873065,"""Soft-Hard Sip Deadband""",[0.4791293442249298],"[0, 0, 0, 0]"
265.618511915,,18672,,1583006570,475682020,"""Soft-Hard Sip Deadband""",[0.4899875223636627],"[0, 0, 0, 0]"
265.619380713,,18673,,1583006570,476500034,"""Soft-Hard Sip Deadband""",[0.4791293442249298],"[0, 0, 0, 0]"
265.620284319,,18674,,1583006570,477374076,"""Soft-Hard Sip Deadband""",[0.4683033227920532],"[0, 0, 0, 0]"
265.621092558,,18675,,1583006570,478295087,"""Soft-Hard Sip Deadband""",[0.4574451446533203],"[0, 0, 0, 0]"
265.621906996,,18676,,1583006570,479089021,"""Soft-Hard Sip Deadband""",[0.4465869963169098],"[0, 0, 0, 0]"
265.62272191,,18677,,1583006570,479904890,"""Soft-Hard Sip Deadband""",[0.4357288181781769],"[0, 0, 0, 0]"
265.623576403,,18678,,1583006570,480729103,"""Soft-Hard Sip Deadband""",[0.42487066984176636],"[0, 0, 0, 0]"
265.62462759,,18679,,1583006570,481568098,"""Soft-Hard Sip Deadband""",[0.4140446186065674],"[0, 0, 0, 0]"
265.625635862,,18680,,1583006570,482645988,"""Soft-Hard Sip Deadband""",[0.4031864404678345],"[0, 0, 0, 0]"
265.626794815,,18681,,1583006570,483632087,"""Soft-Hard Sip Deadband""",[0.39232829213142395],"[0, 0, 0, 0]"
265.628388643,,18682,,1583006570,485192060,"""Soft-Hard Sip Deadband""",[0.38147011399269104],"[0, 0, 0, 0]"
265.629300833,,18683,,1583006570,486321926,"""Soft-Hard Sip Deadband""",[0.3706119656562805],"[0, 0, 0, 0]"
265.630196333,,18684,,1583006570,487298965,"""Soft-Hard Sip Deadband""",[0.3597537875175476],"[0, 0, 0, 0]"
265.630980015,,18685,,1583006570,488173961,"""Soft-Hard Sip Deadband""",[0.348927766084671],"[0, 0, 0, 0]"
265.631920338,,18686,,1583006570,488945007,"""Soft-Hard Sip Deadband""",[0.3380695879459381],"[0, 0, 0, 0]"
265.632604361,,18687,,1583006570,489892959,"""Soft-Hard Sip Deadband""",[0.3272114396095276],"[0, 0, 0, 0]"
265.63330555,,18688,,1583006570,490576028,"""Soft-Hard Sip Deadband""",[0.30549511313438416],"[0, 0, 0, 0]"
265.638794661,,18689,,1583006570,491277933,"""Soft Sip""",[0.2946690618991852],"[0, 0, 1, 0]"
265.643480062,,18690,,1583006570,496773958,"""Soft Sip""",[0.27295273542404175],"[0, 0, 1, 0]"
265.649454594,,18691,,1583006570,501451969,"""Soft Sip""",[0.2512364089488983],"[0, 0, 1, 0]"
265.656024694,,18692,,1583006570,507436037,"""Soft Sip""",[0.2403782308101654],"[0, 0, 1, 0]"
265.661772728,,18693,,1583006570,514040946,"""Soft Sip""",[0.2186940312385559],"[0, 0, 1, 0]"
265.667449236,,18694,,1583006570,519781112,"""Soft Sip""",[0.19697770476341248],"[0, 0, 1, 0]"
265.672230721,,18695,,1583006570,525460004,"""Soft Sip""",[0.17529350519180298],"[0, 0, 1, 0]"
265.677170515,,18696,,1583006570,530215978,"""Soft Sip""",[0.14271900057792664],"[0, 0, 1, 0]"
265.683663845,,18697,,1583006570,534981012,"""Soft Sip""",[0.13186083734035492],"[0, 0, 1, 0]"
265.689444065,,18698,,1583006570,541646003,"""Soft Sip""",[0.0993184745311737],"[0, 0, 1, 0]"
265.695174694,,18699,,1583006570,547209024,"""Soft Sip""",[0.08846031129360199],"[0, 0, 1, 0]"
265.701805592,,18700,,1583006570,553184032,"""Soft Sip""",[0.05591794103384018],"[0, 0, 1, 0]"
265.707112551,,18701,,1583006570,559804916,"""Soft Sip""",[0.03420161083340645],"[0, 0, 1, 0]"
265.712466717,,18702,,1583006570,565010070,"""Soft Sip""",[0.012485282495617867],"[0, 0, 1, 0]"
265.713336706,,18703,,1583006570,570441961,"""Zero Band""",[-0.0],"[0, 0, 0, 0]"
265.714083433,,18704,,1583006570,571307897,"""Zero Band""",[-0.0],"[0, 0, 0, 0]"
265.715064526,,18705,,1583006570,572072982,"""Zero Band""",[-0.0],"[0, 0, 0, 0]"
265.715821743,,18706,,1583006570,573035955,"""Zero Band""",[-0.0],"[0, 0, 0, 0]"
265.715889692,,18707,,1583006570,573035955,"""input stopped""",[-0.0],"[0, 0, 0, 0]"
266.113726616,,18708,,1583006570,970412015,"""Zero Band""",[-0.0],"[0, 0, 0, 0]"
266.116195202,,18709,,1583006570,973381996,"""Zero Band""",[-0.0],"[0, 0, 0, 0]"
266.118131399,,18710,,1583006570,975322008,"""Zero Band""",[-0.0],"[0, 0, 0, 0]"
266.122259617,,18711,,1583006570,979362010,"""Zero Band""",[-0.0],"[0, 0, 0, 0]"
266.124159098,,18712,,1583006570,981352090,"""Zero Band""",[0.0016592431347817183],"[0, 0, 0, 0]"
266.130245686,,18713,,1583006570,983310937,"""Soft Sip""",[0.012485282495617867],"[0, 0, 1, 0]"
266.135717869,,18714,,1583006570,988306999,"""Soft Sip""",[0.03420161083340645],"[0, 0, 1, 0]"
266.14097023,,18715,,1583006570,993792057,"""Soft Sip""",[0.05591794103384018],"[0, 0, 1, 0]"
266.147239685,,18716,,1583006570,998944044,"""Soft Sip""",[0.06674397736787796],"[0, 0, 1, 0]"
266.152124882,,18717,,1583006571,5224943,"""Soft Sip""",[0.08846031129360199],"[0, 0, 1, 0]"
266.158618212,,18718,,1583006571,10231971,"""Soft Sip""",[0.11017663776874542],"[0, 0, 1, 0]"
266.164463758,,18719,,1583006571,16597032,"""Soft Sip""",[0.14271900057792664],"[0, 0, 1, 0]"
266.169793367,,18720,,1583006571,22454023,"""Soft Sip""",[0.16443534195423126],"[0, 0, 1, 0]"
266.174976826,,18721,,1583006571,27776002,"""Soft Sip""",[0.19697770476341248],"[0, 0, 1, 0]"
266.180876255,,18722,,1583006571,32984018,"""Soft Sip""",[0.22955219447612762],"[0, 0, 1, 0]"
266.186124086,,18723,,1583006571,38861989,"""Soft Sip""",[0.26209455728530884],"[0, 0, 1, 0]"
266.192177534,,18724,,1583006571,44189929,"""Soft Sip""",[0.2946690618991852],"[0, 0, 1, 0]"
266.193380356,,18725,,1583006571,50349950,"""Soft-Hard Sip Deadband""",[0.3163532614707947],"[0, 0, 0, 0]"
266.194100857,,18726,,1583006571,51240921,"""Soft-Hard Sip Deadband""",[0.348927766084671],"[0, 0, 0, 0]"
266.195008993,,18727,,1583006571,52061080,"""Soft-Hard Sip Deadband""",[0.38147011399269104],"[0, 0, 0, 0]"
266.195888996,,18728,,1583006571,52984952,"""Soft-Hard Sip Deadband""",[0.4031864404678345],"[0, 0, 0, 0]"
266.196712255,,18729,,1583006571,53853034,"""Soft-Hard Sip Deadband""",[0.42487066984176636],"[0, 0, 0, 0]"
266.197415113,,18730,,1583006571,54699897,"""Soft-Hard Sip Deadband""",[0.4465869963169098],"[0, 0, 0, 0]"
266.198144197,,18731,,1583006571,55391073,"""Soft-Hard Sip Deadband""",[0.4683033227920532],"[0, 0, 0, 0]"
266.19888711,,18732,,1583006571,56122064,"""Soft-Hard Sip Deadband""",[0.4899875223636627],"[0, 0, 0, 0]"
266.204020739,,18733,,1583006571,56787967,"""Zero Band""",[0.5117038488388062],"[0, 0, 0, 0]"
266.210718393,,18734,,1583006571,61999082,"""Zero Band""",[0.533388078212738],"[0, 0, 0, 0]"
266.217291355,,18735,,1583006571,68713903,"""Zero Band""",[0.5442461967468262],"[0, 0, 0, 0]"
266.223140717,,18736,,1583006571,75264930,"""Zero Band""",[0.5551043748855591],"[0, 0, 0, 0]"
266.229650021,,18737,,1583006571,81273078,"""Zero Band""",[0.565962553024292],"[0, 0, 0, 0]"
266.234488249,,18738,,1583006571,87632894,"""Zero Band""",[0.5768207311630249],"[0, 0, 0, 0]"
266.240154982,,18739,,1583006571,92639923,"""Zero Band""",[0.587678849697113],"[0, 0, 0, 0]"
266.245751858,,18740,,1583006571,97929000,"""Zero Band""",[0.5768207311630249],"[0, 0, 0, 0]"
266.250413656,,18741,,1583006571,103765010,"""Zero Band""",[0.565962553024292],"[0, 0, 0, 0]"
266.257242441,,18742,,1583006571,108383893,"""Zero Band""",[0.5551043748855591],"[0, 0, 0, 0]"
266.263565779,,18743,,1583006571,115216970,"""Zero Band""",[0.5442461967468262],"[0, 0, 0, 0]"
266.268911362,,18744,,1583006571,121671915,"""Zero Band""",[0.5225620269775391],"[0, 0, 0, 0]"
266.275474787,,18745,,1583006571,126892089,"""Zero Band""",[0.5117038488388062],"[0, 0, 0, 0]"
266.282598019,,18746,,1583006571,133476018,"""Zero Band""",[0.5008456707000732],"[0, 0, 0, 0]"
266.283486605,,18747,,1583006571,140582084,"""Soft-Hard Sip Deadband""",[0.4791293442249298],"[0, 0, 0, 0]"
266.284679651,,18748,,1583006571,141614913,"""Soft-Hard Sip Deadband""",[0.4683033227920532],"[0, 0, 0, 0]"
266.285776854,,18749,,1583006571,142674922,"""Soft-Hard Sip Deadband""",[0.4574451446533203],"[0, 0, 0, 0]"
266.287044048,,18750,,1583006571,143754005,"""Soft-Hard Sip Deadband""",[0.4357288181781769],"[0, 0, 0, 0]"
266.287952423,,18751,,1583006571,144785881,"""Soft-Hard Sip Deadband""",[0.42487066984176636],"[0, 0, 0, 0]"
266.288904428,,18752,,1583006571,145869016,"""Soft-Hard Sip Deadband""",[0.4031864404678345],"[0, 0, 0, 0]"
266.289873838,,18753,,1583006571,146872043,"""Soft-Hard Sip Deadband""",[0.39232829213142395],"[0, 0, 0, 0]"
266.290724993,,18754,,1583006571,147840976,"""Soft-Hard Sip Deadband""",[0.3706119656562805],"[0, 0, 0, 0]"
266.29156661,,18755,,1583006571,148699998,"""Soft-Hard Sip Deadband""",[0.3597537875175476],"[0, 0, 0, 0]"
266.292251348,,18756,,1583006571,149532079,"""Soft-Hard Sip Deadband""",[0.3380695879459381],"[0, 0, 0, 0]"
266.292985439,,18757,,1583006571,150224924,"""Soft-Hard Sip Deadband""",[0.3272114396095276],"[0, 0, 0, 0]"
266.293805361,,18758,,1583006571,150955915,"""Soft-Hard Sip Deadband""",[0.3163532614707947],"[0, 0, 0, 0]"
266.294852257,,18759,,1583006571,151913881,"""Soft-Hard Sip Deadband""",[0.30549511313438416],"[0, 0, 0, 0]"
266.30128479,,18760,,1583006571,152817964,"""Soft Sip""",[0.2946690618991852],"[0, 0, 1, 0]"
266.306041002,,18761,,1583006571,159265041,"""Soft Sip""",[0.28381088376045227],"[0, 0, 1, 0]"
266.31271863,,18762,,1583006571,164017915,"""Soft Sip""",[0.26209455728530884],"[0, 0, 1, 0]"
266.319893837,,18763,,1583006571,170690059,"""Soft Sip""",[0.2512364089488983],"[0, 0, 1, 0]"
266.325521231,,18764,,1583006571,177793025,"""Soft Sip""",[0.2403782308101654],"[0, 0, 1, 0]"
266.331783772,,18765,,1583006571,183410882,"""Soft Sip""",[0.2186940312385559],"[0, 0, 1, 0]"
266.338448048,,18766,,1583006571,189846992,"""Soft Sip""",[0.19697770476341248],"[0, 0, 1, 0]"
266.34292841,,18767,,1583006571,196432113,"""Soft Sip""",[0.17529350519180298],"[0, 0, 1, 0]"
266.349264383,,18768,,1583006571,200860023,"""Soft Sip""",[0.16443534195423126],"[0, 0, 1, 0]"
266.357125521,,18769,,1583006571,207475900,"""Soft Sip""",[0.14271900057792664],"[0, 0, 1, 0]"
266.362142801,,18770,,1583006571,215101003,"""Soft Sip""",[0.13186083734035492],"[0, 0, 1, 0]"
266.366869688,,18771,,1583006571,220123052,"""Soft Sip""",[0.12103480100631714],"[0, 0, 1, 0]"
266.372219324,,18772,,1583006571,224853038,"""Soft Sip""",[0.0993184745311737],"[0, 0, 1, 0]"
266.377105474,,18773,,1583006571,230197906,"""Soft Sip""",[0.08846031129360199],"[0, 0, 1, 0]"
266.383938789,,18774,,1583006571,235094070,"""Soft Sip""",[0.06674397736787796],"[0, 0, 1, 0]"
266.390972614,,18775,,1583006571,241789102,"""Soft Sip""",[0.05591794103384018],"[0, 0, 1, 0]"
266.396481991,,18776,,1583006571,248850107,"""Soft Sip""",[0.03420161083340645],"[0, 0, 1, 0]"
266.397436142,,18777,,1583006571,254456996,"""Zero Band""",[0.0016592431347817183],"[0, 0, 0, 0]"
266.398253679,,18778,,1583006571,255408048,"""Zero Band""",[-0.0],"[0, 0, 0, 0]"
266.398984194,,18779,,1583006571,256145000,"""Zero Band""",[-0.0],"[0, 0, 0, 0]"
266.39969635,,18780,,1583006571,256896972,"""Zero Band""",[-0.0],"[0, 0, 0, 0]"
266.400481939,,18781,,1583006571,257709980,"""Zero Band""",[-0.0],"[0, 0, 0, 0]"
266.400557041,,18782,,1583006571,257709980,"""input stopped""",[-0.0],"[0, 0, 0, 0]"
266.427683592,,18783,,1583006571,284436941,"""Zero Band""",[-0.0],"[0, 0, 0, 0]"
266.436993599,,18784,,1583006571,293478012,"""Zero Band""",[-0.0],"[0, 0, 0, 0]"
266.444600105,,18785,,1583006571,301511049,"""Zero Band""",[-0.0],"[0, 0, 0, 0]"
266.448213577,,18786,,1583006571,305386066,"""Zero Band""",[-0.0],"[0, 0, 0, 0]"
266.452246428,,18787,,1583006571,309322118,"""Zero Band""",[-0.0],"[0, 0, 0, 0]"
266.456608295,,18788,,1583006571,313538074,"""Zero Band""",[-0.0016271184431388974],"[0, 0, 0, 0]"
266.467726946,,18789,,1583006571,319346904,"""Soft Puff""",[-0.012453158386051655],"[0, 1, 0, 0]"
266.473749876,,18790,,1583006571,327327966,"""Soft Puff""",[-0.023311322554945946],"[0, 1, 0, 0]"
266.48130846,,18791,,1583006571,331805944,"""Soft Puff""",[-0.03416948765516281],"[0, 1, 0, 0]"
266.487102509,,18792,,1583006571,339365959,"""Soft Puff""",[-0.04502765089273453],"[0, 1, 0, 0]"
266.493180752,,18793,,1583006571,345220088,"""Soft Puff""",[-0.055885814130306244],"[0, 1, 0, 0]"
266.499398708,,18794,,1583006571,351263046,"""Soft Puff""",[-0.06671185791492462],"[0, 1, 0, 0]"
266.50480628,,18795,,1583006571,357451915,"""Soft Puff""",[-0.07757002115249634],"[0, 1, 0, 0]"
266.511517763,,18796,,1583006571,362895965,"""Soft Puff""",[-0.08842818439006805],"[0, 1, 0, 0]"
266.517086983,,18797,,1583006571,369522094,"""Soft Puff""",[-0.09928634762763977],"[0, 1, 0, 0]"
266.522370577,,18798,,1583006571,375149965,"""Soft Puff""",[-0.11014451086521149],"[0, 1, 0, 0]"
266.529229641,,18799,,1583006571,380438089,"""Soft Puff""",[-0.1210026741027832],"[0, 1, 0, 0]"
266.536323786,,18800,,1583006571,387334108,"""Soft Puff""",[-0.13182871043682098],"[0, 1, 0, 0]"
266.541119814,,18801,,1583006571,394396066,"""Soft Puff""",[-0.1426868885755539],"[0, 1, 0, 0]"
266.546253443,,18802,,1583006571,399179935,"""Soft Puff""",[-0.1535450518131256],"[0, 1, 0, 0]"
266.551774263,,18803,,1583006571,404273986,"""Soft Puff""",[-0.16440321505069733],"[0, 1, 0, 0]"
266.557071924,,18804,,1583006571,409791946,"""Soft Puff""",[-0.17526137828826904],"[0, 1, 0, 0]"
266.563877583,,18805,,1583006571,415172100,"""Soft Puff""",[-0.18608741462230682],"[0, 1, 0, 0]"
266.571690321,,18806,,1583006571,423415899,"""Soft Puff""",[-0.19694557785987854],"[0, 1, 0, 0]"
266.57732749,,18807,,1583006571,429749011,"""Soft Puff""",[-0.20780374109745026],"[0, 1, 0, 0]"
266.583326578,,18808,,1583006571,435415983,"""Soft Puff""",[-0.21866190433502197],"[0, 1, 0, 0]"
266.595473289,,18809,,1583006571,447395086,"""Soft Puff""",[-0.2295200675725937],"[0, 1, 0, 0]"
266.607827663,,18810,,1583006571,459425926,"""Soft Puff""",[-0.24034611880779266],"[0, 1, 0, 0]"
266.624036789,,18811,,1583006571,475464105,"""Soft Puff""",[-0.2295200675725937],"[0, 1, 0, 0]"
266.630875111,,18812,,1583006571,482111930,"""Soft Puff""",[-0.24034611880779266],"[0, 1, 0, 0]"
266.646558523,,18813,,1583006571,499414920,"""Soft Puff""",[-0.2512042820453644],"[0, 1, 0, 0]"
266.651941299,,18814,,1583006571,504462003,"""Soft Puff""",[-0.24034611880779266],"[0, 1, 0, 0]"
266.656946659,,18815,,1583006571,510009050,"""Soft Puff""",[-0.2512042820453644],"[0, 1, 0, 0]"
266.677519083,,18816,,1583006571,529371023,"""Soft Puff""",[-0.2620624303817749],"[0, 1, 0, 0]"
266.704791069,,18817,,1583006571,555555105,"""Soft Puff""",[-0.2512042820453644],"[0, 1, 0, 0]"
266.712062836,,18818,,1583006571,565346956,"""Soft Puff""",[-0.24034611880779266],"[0, 1, 0, 0]"
266.721476316,,18819,,1583006571,573493957,"""Soft Puff""",[-0.2295200675725937],"[0, 1, 0, 0]"
266.729151726,,18820,,1583006571,581409931,"""Soft Puff""",[-0.21866190433502197],"[0, 1, 0, 0]"
266.736111403,,18821,,1583006571,587244987,"""Soft Puff""",[-0.20780374109745026],"[0, 1, 0, 0]"
266.741466045,,18822,,1583006571,594170093,"""Soft Puff""",[-0.19694557785987854],"[0, 1, 0, 0]"
266.749604464,,18823,,1583006571,599584102,"""Soft Puff""",[-0.18608741462230682],"[0, 1, 0, 0]"
266.757913589,,18824,,1583006571,607669115,"""Soft Puff""",[-0.17526137828826904],"[0, 1, 0, 0]"
266.76297307,,18825,,1583006571,616050004,"""Soft Puff""",[-0.16440321505069733],"[0, 1, 0, 0]"
266.769346237,,18826,,1583006571,620955944,"""Soft Puff""",[-0.1535450518131256],"[0, 1, 0, 0]"
266.774265289,,18827,,1583006571,627440929,"""Soft Puff""",[-0.1426868885755539],"[0, 1, 0, 0]"
266.779916048,,18828,,1583006571,632185935,"""Soft Puff""",[-0.13182871043682098],"[0, 1, 0, 0]"
266.786557436,,18829,,1583006571,637892961,"""Soft Puff""",[-0.1210026741027832],"[0, 1, 0, 0]"
266.791746378,,18830,,1583006571,644639015,"""Soft Puff""",[-0.11014451086521149],"[0, 1, 0, 0]"
266.797560692,,18831,,1583006571,649663925,"""Soft Puff""",[-0.08842818439006805],"[0, 1, 0, 0]"
266.803731441,,18832,,1583006571,655092000,"""Soft Puff""",[-0.07757002115249634],"[0, 1, 0, 0]"
266.809478998,,18833,,1583006571,661647081,"""Soft Puff""",[-0.055885814130306244],"[0, 1, 0, 0]"
266.815374136,,18834,,1583006571,667687892,"""Soft Puff""",[-0.04502765089273453],"[0, 1, 0, 0]"
266.821038961,,18835,,1583006571,673377037,"""Soft Puff""",[-0.03416948765516281],"[0, 1, 0, 0]"
266.826198101,,18836,,1583006571,679039955,"""Soft Puff""",[-0.012453158386051655],"[0, 1, 0, 0]"
266.827006102,,18837,,1583006571,684221982,"""Zero Band""",[-0.0],"[0, 0, 0, 0]"
266.82771349,,18838,,1583006571,684983968,"""Zero Band""",[-0.0],"[0, 0, 0, 0]"
266.828555584,,18839,,1583006571,685688972,"""Zero Band""",[-0.0],"[0, 0, 0, 0]"
266.829499483,,18840,,1583006571,686660051,"""Zero Band""",[-0.0],"[0, 0, 0, 0]"
266.829607725,,18841,,1583006571,686660051,"""input stopped""",[-0.0],"[0, 0, 0, 0]"
266.830621004,,18842,,1583006571,687726020,"""Zero Band""",[-0.0],"[0, 0, 0, 0]"
266.831514359,,18843,,1583006571,688591957,"""Zero Band""",[0.0016592431347817183],"[0, 0, 0, 0]"
266.836997032,,18844,,1583006571,689405918,"""Soft Sip""",[0.023343447595834732],"[0, 0, 1, 0]"
266.842416763,,18845,,1583006571,694973945,"""Soft Sip""",[0.04505977779626846],"[0, 0, 1, 0]"
266.849167109,,18846,,1583006571,700485944,"""Soft Sip""",[0.07760214805603027],"[0, 0, 1, 0]"
266.856636763,,18847,,1583006571,707223892,"""Soft Sip""",[0.11017663776874542],"[0, 0, 1, 0]"
266.863858223,,18848,,1583006571,714611053,"""Soft Sip""",[0.13186083734035492],"[0, 0, 1, 0]"
266.870587349,,18849,,1583006571,721878051,"""Soft Sip""",[0.16443534195423126],"[0, 0, 1, 0]"
266.875874996,,18850,,1583006571,728570938,"""Soft Sip""",[0.18611954152584076],"[0, 0, 1, 0]"
266.883323431,,18851,,1583006571,733949899,"""Soft Sip""",[0.2078358680009842],"[0, 0, 1, 0]"
266.889881372,,18852,,1583006571,741252899,"""Soft Sip""",[0.2403782308101654],"[0, 0, 1, 0]"
266.897732735,,18853,,1583006571,747942924,"""Soft Sip""",[0.27295273542404175],"[0, 0, 1, 0]"
266.904282808,,18854,,1583006571,755753040,"""Soft Sip""",[0.2946690618991852],"[0, 0, 1, 0]"
266.905522823,,18855,,1583006571,762258052,"""Soft-Hard Sip Deadband""",[0.3163532614707947],"[0, 0, 0, 0]"
266.906403303,,18856,,1583006571,763216018,"""Soft-Hard Sip Deadband""",[0.348927766084671],"[0, 0, 0, 0]"
266.907403708,,18857,,1583006571,764313936,"""Soft-Hard Sip Deadband""",[0.3706119656562805],"[0, 0, 0, 0]"
266.908298731,,18858,,1583006571,765223026,"""Soft-Hard Sip Deadband""",[0.4031864404678345],"[0, 0, 0, 0]"
266.90929842,,18859,,1583006571,766263961,"""Soft-Hard Sip Deadband""",[0.42487066984176636],"[0, 0, 0, 0]"
266.910284281,,18860,,1583006571,767262935,"""Soft-Hard Sip Deadband""",[0.4574451446533203],"[0, 0, 0, 0]"
266.911200285,,18861,,1583006571,768277883,"""Soft-Hard Sip Deadband""",[0.4791293442249298],"[0, 0, 0, 0]"
266.917554617,,18862,,1583006571,769160032,"""Zero Band""",[0.5117038488388062],"[0, 0, 0, 0]"
266.925160885,,18863,,1583006571,775542020,"""Zero Band""",[0.5442461967468262],"[0, 0, 0, 0]"
266.933143139,,18864,,1583006571,783289909,"""Zero Band""",[0.5768207311630249],"[0, 0, 0, 0]"
266.938005686,,18865,,1583006571,791143894,"""Zero Band""",[0.598504900932312],"[0, 0, 0, 0]"
266.945230961,,18866,,1583006571,795989036,"""Zero Band""",[0.6310794353485107],"[0, 0, 0, 0]"
266.952023029,,18867,,1583006571,803212881,"""Zero Band""",[0.6636217832565308],"[0, 0, 0, 0]"
266.958228111,,18868,,1583006571,810041904,"""Zero Band""",[0.6961962580680847],"[0, 0, 0, 0]"
266.964380264,,18869,,1583006571,816430091,"""Zero Band""",[0.7178804874420166],"[0, 0, 0, 0]"
266.970252752,,18870,,1583006571,822355985,"""Zero Band""",[0.7504549622535706],"[0, 0, 0, 0]"
266.976820707,,18871,,1583006571,828228950,"""Zero Band""",[0.7721391916275024],"[0, 0, 0, 0]"
266.98306489,,18872,,1583006571,834804058,"""Zero Band""",[0.8047136664390564],"[0, 0, 0, 0]"
266.987992287,,18873,,1583006571,840943098,"""Zero Band""",[0.8263978958129883],"[0, 0, 0, 0]"
266.993251085,,18874,,1583006571,845973014,"""Zero Band""",[0.8589723706245422],"[0, 0, 0, 0]"
266.999092579,,18875,,1583006571,851243972,"""Zero Band""",[0.8806886672973633],"[0, 0, 0, 0]"
267.004838705,,18876,,1583006571,857069015,"""Zero Band""",[0.9132310748100281],"[0, 0, 0, 0]"
267.011922121,,18877,,1583006571,862581968,"""Zero Band""",[0.9349473714828491],"[0, 0, 0, 0]"
267.01769948,,18878,,1583006571,869931936,"""Zero Band""",[0.9674897789955139],"[0, 0, 0, 0]"
267.022508621,,18879,,1583006571,875684022,"""Zero Band""",[0.989206075668335],"[0, 0, 0, 0]"
267.028074265,,18880,,1583006571,880486011,"""Zero Band""",[1.0],"[0, 0, 0, 0]"
267.033334494,,18881,,1583006571,886111974,"""Zero Band""",[0.978347897529602],"[0, 0, 0, 0]"
267.038680315,,18882,,1583006571,891449928,"""Zero Band""",[0.9457734227180481],"[0, 0, 0, 0]"
267.044356346,,18883,,1583006571,896665096,"""Zero Band""",[0.924089252948761],"[0, 0, 0, 0]"
267.049690962,,18884,,1583006571,902340888,"""Zero Band""",[0.9132310748100281],"[0, 0, 0, 0]"
267.054458618,,18885,,1583006571,907670974,"""Zero Band""",[0.9023728966712952],"[0, 0, 0, 0]"
267.059696198,,18886,,1583006571,912441968,"""Zero Band""",[0.8915147185325623],"[0, 0, 0, 0]"
267.064715147,,18887,,1583006571,917699098,"""Zero Band""",[0.8806886672973633],"[0, 0, 0, 0]"
267.069868088,,18888,,1583006571,922727108,"""Zero Band""",[0.8698305487632751],"[0, 0, 0, 0]"
267.076385975,,18889,,1583006571,927884101,"""Zero Band""",[0.8589723706245422],"[0, 0, 0, 0]"
267.081710815,,18890,,1583006571,934356927,"""Zero Band""",[0.8481141924858093],"[0, 0, 0, 0]"
267.087170124,,18891,,1583006571,939687967,"""Zero Band""",[0.8372560143470764],"[0, 0, 0, 0]"
267.093395472,,18892,,1583006571,945223093,"""Zero Band""",[0.8481141924858093],"[0, 0, 0, 0]"
267.098108053,,18893,,1583006571,951093912,"""Zero Band""",[0.8589723706245422],"[0, 0, 0, 0]"
267.103930712,,18894,,1583006571,956103086,"""Zero Band""",[0.8698305487632751],"[0, 0, 0, 0]"
267.109157324,,18895,,1583006571,961905956,"""Zero Band""",[0.8806886672973633],"[0, 0, 0, 0]"
267.114846468,,18896,,1583006571,967132091,"""Zero Band""",[0.8698305487632751],"[0, 0, 0, 0]"
267.120037556,,18897,,1583006571,972831010,"""Zero Band""",[0.8806886672973633],"[0, 0, 0, 0]"
267.125836372,,18898,,1583006571,978110074,"""Zero Band""",[0.8698305487632751],"[0, 0, 0, 0]"
267.131613493,,18899,,1583006571,983937025,"""Zero Band""",[0.8589723706245422],"[0, 0, 0, 0]"
267.136614561,,18900,,1583006571,989651918,"""Zero Band""",[0.8481141924858093],"[0, 0, 0, 0]"
267.142655134,,18901,,1583006571,994626998,"""Zero Band""",[0.8372560143470764],"[0, 0, 0, 0]"
267.148504972,,18902,,1583006572,771999,"""Zero Band""",[0.8481141924858093],"[0, 0, 0, 0]"
267.153914213,,18903,,1583006572,6597042,"""Zero Band""",[0.8589723706245422],"[0, 0, 0, 0]"
267.16019845,,18904,,1583006572,11888980,"""Zero Band""",[0.8698305487632751],"[0, 0, 0, 0]"
267.166037083,,18905,,1583006572,18271923,"""Zero Band""",[0.8806886672973633],"[0, 0, 0, 0]"
267.170727253,,18906,,1583006572,24090051,"""Zero Band""",[0.8915147185325623],"[0, 0, 0, 0]"
267.185398579,,18907,,1583006572,37524938,"""Zero Band""",[0.8806886672973633],"[0, 0, 0, 0]"
267.191116571,,18908,,1583006572,43478012,"""Zero Band""",[0.8698305487632751],"[0, 0, 0, 0]"
267.199399948,,18909,,1583006572,49212932,"""Zero Band""",[0.8589723706245422],"[0, 0, 0, 0]"
267.203963995,,18910,,1583006572,57468891,"""Zero Band""",[0.8481141924858093],"[0, 0, 0, 0]"
267.210204601,,18911,,1583006572,62031984,"""Zero Band""",[0.8372560143470764],"[0, 0, 0, 0]"
267.215338945,,18912,,1583006572,68202972,"""Zero Band""",[0.8263978958129883],"[0, 0, 0, 0]"
267.220428705,,18913,,1583006572,73390007,"""Zero Band""",[0.8155718445777893],"[0, 0, 0, 0]"
267.229285479,,18914,,1583006572,78536987,"""Zero Band""",[0.8047136664390564],"[0, 0, 0, 0]"
267.237015724,,18915,,1583006572,87256908,"""Zero Band""",[0.7938554883003235],"[0, 0, 0, 0]"
267.24344945,,18916,,1583006572,94989061,"""Zero Band""",[0.7829973101615906],"[0, 0, 0, 0]"
267.249532223,,18917,,1583006572,101536989,"""Zero Band""",[0.7721391916275024],"[0, 0, 0, 0]"
267.255644083,,18918,,1583006572,107649087,"""Zero Band""",[0.7613131403923035],"[0, 0, 0, 0]"
267.261162758,,18919,,1583006572,113610029,"""Zero Band""",[0.7504549622535706],"[0, 0, 0, 0]"
267.26760745,,18920,,1583006572,119153976,"""Zero Band""",[0.7395967841148376],"[0, 0, 0, 0]"
267.272948027,,18921,,1583006572,125608921,"""Zero Band""",[0.7287386655807495],"[0, 0, 0, 0]"
267.278069019,,18922,,1583006572,130920886,"""Zero Band""",[0.7070544362068176],"[0, 0, 0, 0]"
267.283882856,,18923,,1583006572,136043071,"""Zero Band""",[0.6961962580680847],"[0, 0, 0, 0]"
267.290572643,,18924,,1583006572,141860961,"""Zero Band""",[0.6853380799293518],"[0, 0, 0, 0]"
267.296523809,,18925,,1583006572,148591041,"""Zero Band""",[0.6744799613952637],"[0, 0, 0, 0]"
267.302476645,,18926,,1583006572,154500961,"""Zero Band""",[0.6527636051177979],"[0, 0, 0, 0]"
267.308132648,,18927,,1583006572,160713911,"""Zero Band""",[0.6419375538825989],"[0, 0, 0, 0]"
267.313345432,,18928,,1583006572,166110992,"""Zero Band""",[0.6310794353485107],"[0, 0, 0, 0]"
267.318237782,,18929,,1583006572,171214103,"""Zero Band""",[0.6093630790710449],"[0, 0, 0, 0]"
267.325782299,,18930,,1583006572,176229953,"""Zero Band""",[0.587678849697113],"[0, 0, 0, 0]"
267.333347797,,18931,,1583006572,183789968,"""Zero Band""",[0.565962553024292],"[0, 0, 0, 0]"
267.338326693,,18932,,1583006572,191235065,"""Zero Band""",[0.5442461967468262],"[0, 0, 0, 0]"
267.344593525,,18933,,1583006572,196294069,"""Zero Band""",[0.5225620269775391],"[0, 0, 0, 0]"
267.3498981,,18934,,1583006572,202559947,"""Zero Band""",[0.5008456707000732],"[0, 0, 0, 0]"
267.350735188,,18935,,1583006572,207874059,"""Soft-Hard Sip Deadband""",[0.4791293442249298],"[0, 0, 0, 0]"
267.351489544,,18936,,1583006572,208712100,"""Soft-Hard Sip Deadband""",[0.4465869963169098],"[0, 0, 0, 0]"
267.352222204,,18937,,1583006572,209474086,"""Soft-Hard Sip Deadband""",[0.42487066984176636],"[0, 0, 0, 0]"
267.352933884,,18938,,1583006572,210212945,"""Soft-Hard Sip Deadband""",[0.39232829213142395],"[0, 0, 0, 0]"
267.353756905,,18939,,1583006572,210913896,"""Soft-Hard Sip Deadband""",[0.3706119656562805],"[0, 0, 0, 0]"
267.35454917,,18940,,1583006572,211762905,"""Soft-Hard Sip Deadband""",[0.348927766084671],"[0, 0, 0, 0]"
267.355390549,,18941,,1583006572,212522029,"""Soft-Hard Sip Deadband""",[0.3272114396095276],"[0, 0, 0, 0]"
267.35621047,,18942,,1583006572,213362932,"""Soft-Hard Sip Deadband""",[0.3163532614707947],"[0, 0, 0, 0]"
267.361762047,,18943,,1583006572,214163064,"""Soft Sip""",[0.2946690618991852],"[0, 0, 1, 0]"
267.366697073,,18944,,1583006572,219916105,"""Soft Sip""",[0.28381088376045227],"[0, 0, 1, 0]"
267.371665716,,18945,,1583006572,224590063,"""Soft Sip""",[0.2946690618991852],"[0, 0, 1, 0]"
267.372442722,,18946,,1583006572,229635953,"""Soft-Hard Sip Deadband""",[0.30549511313438416],"[0, 0, 0, 0]"
267.373235464,,18947,,1583006572,230431079,"""Soft-Hard Sip Deadband""",[0.3163532614707947],"[0, 0, 0, 0]"
267.373971939,,18948,,1583006572,231206893,"""Soft-Hard Sip Deadband""",[0.3272114396095276],"[0, 0, 0, 0]"
267.374704599,,18949,,1583006572,231946945,"""Soft-Hard Sip Deadband""",[0.3380695879459381],"[0, 0, 0, 0]"
267.375479698,,18950,,1583006572,232677936,"""Soft-Hard Sip Deadband""",[0.348927766084671],"[0, 0, 0, 0]"
267.376190901,,18951,,1583006572,233459949,"""Soft-Hard Sip Deadband""",[0.3597537875175476],"[0, 0, 0, 0]"
267.377032042,,18952,,1583006572,234188079,"""Soft-Hard Sip Deadband""",[0.3706119656562805],"[0, 0, 0, 0]"
267.377851963,,18953,,1583006572,234994888,"""Soft-Hard Sip Deadband""",[0.38147011399269104],"[0, 0, 0, 0]"
267.378980398,,18954,,1583006572,235871076,"""Soft-Hard Sip Deadband""",[0.39232829213142395],"[0, 0, 0, 0]"
267.379913092,,18955,,1583006572,237037897,"""Soft-Hard Sip Deadband""",[0.4031864404678345],"[0, 0, 0, 0]"
267.380721092,,18956,,1583006572,237920045,"""Soft-Hard Sip Deadband""",[0.4140446186065674],"[0, 0, 0, 0]"
267.381502151,,18957,,1583006572,238682985,"""Soft-Hard Sip Deadband""",[0.4031864404678345],"[0, 0, 0, 0]"
267.382278442,,18958,,1583006572,239603996,"""Soft-Hard Sip Deadband""",[0.39232829213142395],"[0, 0, 0, 0]"
267.383008242,,18959,,1583006572,240272998,"""Soft-Hard Sip Deadband""",[0.38147011399269104],"[0, 0, 0, 0]"
267.383701801,,18960,,1583006572,241005897,"""Soft-Hard Sip Deadband""",[0.3706119656562805],"[0, 0, 0, 0]"
267.384441853,,18961,,1583006572,241676092,"""Soft-Hard Sip Deadband""",[0.348927766084671],"[0, 0, 0, 0]"
267.385111332,,18962,,1583006572,242417097,"""Soft-Hard Sip Deadband""",[0.3380695879459381],"[0, 0, 0, 0]"
267.385965586,,18963,,1583006572,243092060,"""Soft-Hard Sip Deadband""",[0.3163532614707947],"[0, 0, 0, 0]"
267.386706352,,18964,,1583006572,243978023,"""Soft-Hard Sip Deadband""",[0.30549511313438416],"[0, 0, 0, 0]"
267.391994238,,18965,,1583006572,244668960,"""Soft Sip""",[0.28381088376045227],"[0, 0, 1, 0]"
267.397712231,,18966,,1583006572,250009059,"""Soft Sip""",[0.26209455728530884],"[0, 0, 1, 0]"
267.4039855,,18967,,1583006572,255758047,"""Soft Sip""",[0.22955219447612762],"[0, 0, 1, 0]"
267.409603834,,18968,,1583006572,262065887,"""Soft Sip""",[0.18611954152584076],"[0, 0, 1, 0]"
267.415951252,,18969,,1583006572,267692089,"""Soft Sip""",[0.14271900057792664],"[0, 0, 1, 0]"
267.423266172,,18970,,1583006572,273729085,"""Soft Sip""",[0.11017663776874542],"[0, 0, 1, 0]"
267.42794466,,18971,,1583006572,281348943,"""Soft Sip""",[0.08846031129360199],"[0, 0, 1, 0]"
267.433029175,,18972,,1583006572,285917997,"""Soft Sip""",[0.06674397736787796],"[0, 0, 1, 0]"
267.437909365,,18973,,1583006572,291001081,"""Soft Sip""",[0.04505977779626846],"[0, 0, 1, 0]"
267.443004131,,18974,,1583006572,296077013,"""Soft Sip""",[0.023343447595834732],"[0, 0, 1, 0]"
267.443921328,,18975,,1583006572,301028966,"""Zero Band""",[-0.0],"[0, 0, 0, 0]"
267.444776535,,18976,,1583006572,301892042,"""Zero Band""",[-0.0],"[0, 0, 0, 0]"
267.445669889,,18977,,1583006572,302771091,"""Zero Band""",[-0.0],"[0, 0, 0, 0]"
267.446439981,,18978,,1583006572,303719997,"""Zero Band""",[-0.0],"[0, 0, 0, 0]"
267.446530104,,18979,,1583006572,303719997,"""input stopped""",[-0.0],"[0, 0, 0, 0]"
267.475760698,,18980,,1583006572,332416057,"""Zero Band""",[-0.0],"[0, 0, 0, 0]"
267.480399132,,18981,,1583006572,337412118,"""Zero Band""",[-0.0],"[0, 0, 0, 0]"
267.486338139,,18982,,1583006572,343420028,"""Zero Band""",[-0.0],"[0, 0, 0, 0]"
267.48839736,,18983,,1583006572,345438003,"""Zero Band""",[-0.0],"[0, 0, 0, 0]"
267.490101576,,18984,,1583006572,347347021,"""Zero Band""",[-0.0],"[0, 0, 0, 0]"
267.496827841,,18985,,1583006572,353565931,"""Zero Band""",[-0.0016271184431388974],"[0, 0, 0, 0]"
267.502793312,,18986,,1583006572,355395078,"""Soft Puff""",[-0.012453158386051655],"[0, 1, 0, 0]"
267.507425547,,18987,,1583006572,360831022,"""Soft Puff""",[-0.023311322554945946],"[0, 1, 0, 0]"
267.513180256,,18988,,1583006572,365503072,"""Soft Puff""",[-0.03416948765516281],"[0, 1, 0, 0]"
267.519267321,,18989,,1583006572,371259927,"""Soft Puff""",[-0.04502765089273453],"[0, 1, 0, 0]"
267.525200605,,18990,,1583006572,377373933,"""Soft Puff""",[-0.055885814130306244],"[0, 1, 0, 0]"
267.532355547,,18991,,1583006572,383284091,"""Soft Puff""",[-0.06671185791492462],"[0, 1, 0, 0]"
267.538573027,,18992,,1583006572,390417098,"""Soft Puff""",[-0.07757002115249634],"[0, 1, 0, 0]"
267.545105219,,18993,,1583006572,396573066,"""Soft Puff""",[-0.08842818439006805],"[0, 1, 0, 0]"
267.551074028,,18994,,1583006572,403302907,"""Soft Puff""",[-0.09928634762763977],"[0, 1, 0, 0]"
267.556007624,,18995,,1583006572,409081935,"""Soft Puff""",[-0.11014451086521149],"[0, 1, 0, 0]"
267.562639952,,18996,,1583006572,413986921,"""Soft Puff""",[-0.1210026741027832],"[0, 1, 0, 0]"
267.568851471,,18997,,1583006572,420706987,"""Soft Puff""",[-0.13182871043682098],"[0, 1, 0, 0]"
267.573381901,,18998,,1583006572,426832914,"""Soft Puff""",[-0.1426868885755539],"[0, 1, 0, 0]"
267.580816269,,18999,,1583006572,431457996,"""Soft Puff""",[-0.1535450518131256],"[0, 1, 0, 0]"
267.585724115,,19000,,1583006572,438793897,"""Soft Puff""",[-0.16440321505069733],"[0, 1, 0, 0]"
267.590782642,,19001,,1583006572,443700075,"""Soft Puff""",[-0.17526137828826904],"[0, 1, 0, 0]"
267.595780611,,19002,,1583006572,448788881,"""Soft Puff""",[-0.18608741462230682],"[0, 1, 0, 0]"
267.603437185,,19003,,1583006572,453870058,"""Soft Puff""",[-0.19694557785987854],"[0, 1, 0, 0]"
267.60812664,,19004,,1583006572,461416006,"""Soft Puff""",[-0.20780374109745026],"[0, 1, 0, 0]"
267.614835262,,19005,,1583006572,466176986,"""Soft Puff""",[-0.21866190433502197],"[0, 1, 0, 0]"
267.620537281,,19006,,1583006572,472861051,"""Soft Puff""",[-0.2295200675725937],"[0, 1, 0, 0]"
267.639053345,,19007,,1583006572,491472959,"""Soft Puff""",[-0.21866190433502197],"[0, 1, 0, 0]"
267.655365467,,19008,,1583006572,507539033,"""Soft Puff""",[-0.20780374109745026],"[0, 1, 0, 0]"
267.66810298,,19009,,1583006572,517508983,"""Soft Puff""",[-0.19694557785987854],"[0, 1, 0, 0]"
267.673740149,,19010,,1583006572,526168107,"""Soft Puff""",[-0.18608741462230682],"[0, 1, 0, 0]"
267.678539753,,19011,,1583006572,531805038,"""Soft Puff""",[-0.17526137828826904],"[0, 1, 0, 0]"
267.686721087,,19012,,1583006572,539367914,"""Soft Puff""",[-0.16440321505069733],"[0, 1, 0, 0]"
267.692074776,,19013,,1583006572,544790983,"""Soft Puff""",[-0.1535450518131256],"[0, 1, 0, 0]"
267.698963642,,19014,,1583006572,550148963,"""Soft Puff""",[-0.1426868885755539],"[0, 1, 0, 0]"
267.704461813,,19015,,1583006572,557012081,"""Soft Puff""",[-0.13182871043682098],"[0, 1, 0, 0]"
267.709332705,,19016,,1583006572,562529087,"""Soft Puff""",[-0.1210026741027832],"[0, 1, 0, 0]"
267.715142488,,19017,,1583006572,567414045,"""Soft Puff""",[-0.11014451086521149],"[0, 1, 0, 0]"
267.719625235,,19018,,1583006572,573107957,"""Soft Puff""",[-0.09928634762763977],"[0, 1, 0, 0]"
267.725754499,,19019,,1583006572,577687978,"""Soft Puff""",[-0.08842818439006805],"[0, 1, 0, 0]"
267.732310295,,19020,,1583006572,583839893,"""Soft Puff""",[-0.07757002115249634],"[0, 1, 0, 0]"
267.737501383,,19021,,1583006572,590307950,"""Soft Puff""",[-0.06671185791492462],"[0, 1, 0, 0]"
267.742663622,,19022,,1583006572,595483064,"""Soft Puff""",[-0.055885814130306244],"[0, 1, 0, 0]"
267.748743296,,19023,,1583006572,600496053,"""Soft Puff""",[-0.04502765089273453],"[0, 1, 0, 0]"
267.755256176,,19024,,1583006572,606779098,"""Soft Puff""",[-0.03416948765516281],"[0, 1, 0, 0]"
267.761271477,,19025,,1583006572,613226890,"""Soft Puff""",[-0.023311322554945946],"[0, 1, 0, 0]"
267.76780057,,19026,,1583006572,619414091,"""Soft Puff""",[-0.012453158386051655],"[0, 1, 0, 0]"
267.768645048,,19027,,1583006572,625782966,"""Zero Band""",[-0.0016271184431388974],"[0, 0, 0, 0]"
267.76939249,,19028,,1583006572,626619100,"""Zero Band""",[-0.0],"[0, 0, 0, 0]"
267.77013731,,19029,,1583006572,627372980,"""Zero Band""",[-0.0],"[0, 0, 0, 0]"
267.771123409,,19030,,1583006572,628110885,"""Zero Band""",[-0.0],"[0, 0, 0, 0]"
267.772155285,,19031,,1583006572,629103899,"""Zero Band""",[-0.0],"[0, 0, 0, 0]"
267.773009062,,19032,,1583006572,630146980,"""Zero Band""",[-0.0],"[0, 0, 0, 0]"
267.773953438,,19033,,1583006572,631093025,"""Zero Band""",[-0.0],"[0, 0, 0, 0]"
267.774067402,,19034,,1583006572,631093025,"""input stopped""",[-0.0],"[0, 0, 0, 0]"
274.48184514,,19035,,1583006579,338510036,"""Zero Band""",[-0.0],"[0, 0, 0, 0]"
274.484883547,,19036,,1583006579,341496944,"""Zero Band""",[-0.0],"[0, 0, 0, 0]"
274.490665913,,19037,,1583006579,343419075,"""Zero Band""",[0.023343447595834732],"[0, 0, 0, 0]"
274.496325016,,19038,,1583006579,348722934,"""Zero Band""",[0.05591794103384018],"[0, 0, 0, 0]"
274.502101183,,19039,,1583006579,354391098,"""Zero Band""",[0.0993184745311737],"[0, 0, 0, 0]"
274.507405996,,19040,,1583006579,360088109,"""Zero Band""",[0.15357716381549835],"[0, 0, 0, 0]"
274.513135672,,19041,,1583006579,365561962,"""Zero Band""",[0.19697770476341248],"[0, 0, 0, 0]"
274.51922822,,19042,,1583006579,371135950,"""Zero Band""",[0.2403782308101654],"[0, 0, 0, 0]"
274.520416975,,19043,,1583006579,377221107,"""Soft-Hard Sip Deadband""",[0.30549511313438416],"[0, 0, 0, 0]"
274.521504164,,19044,,1583006579,378402948,"""Soft-Hard Sip Deadband""",[0.3597537875175476],"[0, 0, 0, 0]"
274.522461176,,19045,,1583006579,379489898,"""Soft-Hard Sip Deadband""",[0.4140446186065674],"[0, 0, 0, 0]"
274.523461819,,19046,,1583006579,380587100,"""Soft-Hard Sip Deadband""",[0.4683033227920532],"[0, 0, 0, 0]"
274.528284311,,19047,,1583006579,381479024,"""Zero Band""",[0.533388078212738],"[0, 0, 0, 0]"
274.534994364,,19048,,1583006579,386265993,"""Zero Band""",[0.598504900932312],"[0, 0, 0, 0]"
274.540410757,,19049,,1583006579,392987966,"""Zero Band""",[0.6636217832565308],"[0, 0, 0, 0]"
274.545740128,,19050,,1583006579,398394107,"""Zero Band""",[0.7395967841148376],"[0, 0, 0, 0]"
274.552023411,,19051,,1583006579,403796911,"""Zero Band""",[0.8047136664390564],"[0, 0, 0, 0]"
274.557996511,,19052,,1583006579,410126924,"""Zero Band""",[0.8698305487632751],"[0, 0, 0, 0]"
274.563096523,,19053,,1583006579,416002035,"""Zero Band""",[0.956631600856781],"[0, 0, 0, 0]"
274.568267584,,19054,,1583006579,421072006,"""Zero Band""",[1.0],"[0, 0, 0, 0]"
274.929359913,,19055,,1583006579,781488895,"""Zero Band""",[0.989206075668335],"[0, 0, 0, 0]"
274.935269833,,19056,,1583006579,787442922,"""Zero Band""",[0.924089252948761],"[0, 0, 0, 0]"
274.941694736,,19057,,1583006579,793142080,"""Zero Band""",[0.8698305487632751],"[0, 0, 0, 0]"
274.94736886,,19058,,1583006579,799794912,"""Zero Band""",[0.7938554883003235],"[0, 0, 0, 0]"
274.953377724,,19059,,1583006579,805347919,"""Zero Band""",[0.7504549622535706],"[0, 0, 0, 0]"
274.959677696,,19060,,1583006579,811364889,"""Zero Band""",[0.7070544362068176],"[0, 0, 0, 0]"
274.965197086,,19061,,1583006579,817663908,"""Zero Band""",[0.6636217832565308],"[0, 0, 0, 0]"
274.971404552,,19062,,1583006579,823177099,"""Zero Band""",[0.6310794353485107],"[0, 0, 0, 0]"
274.976630688,,19063,,1583006579,829219102,"""Zero Band""",[0.6202212572097778],"[0, 0, 0, 0]"
274.98153615,,19064,,1583006579,834619045,"""Zero Band""",[0.6093630790710449],"[0, 0, 0, 0]"
274.986045122,,19065,,1583006579,839524984,"""Zero Band""",[0.6202212572097778],"[0, 0, 0, 0]"
274.994220972,,19066,,1583006579,844034910,"""Zero Band""",[0.6419375538825989],"[0, 0, 0, 0]"
274.999506474,,19067,,1583006579,852204084,"""Zero Band""",[0.6744799613952637],"[0, 0, 0, 0]"
275.005110025,,19068,,1583006579,857426881,"""Zero Band""",[0.6961962580680847],"[0, 0, 0, 0]"
275.010829687,,19069,,1583006579,863090991,"""Zero Band""",[0.7287386655807495],"[0, 0, 0, 0]"
275.015836477,,19070,,1583006579,868808984,"""Zero Band""",[0.7613131403923035],"[0, 0, 0, 0]"
275.020584822,,19071,,1583006579,873814105,"""Zero Band""",[0.7721391916275024],"[0, 0, 0, 0]"
275.026690006,,19072,,1583006579,878668069,"""Zero Band""",[0.7829973101615906],"[0, 0, 0, 0]"
275.031571865,,19073,,1583006579,884666919,"""Zero Band""",[0.8047136664390564],"[0, 0, 0, 0]"
275.037133932,,19074,,1583006579,889549016,"""Zero Band""",[0.8372560143470764],"[0, 0, 0, 0]"
275.043259859,,19075,,1583006579,895107984,"""Zero Band""",[0.8589723706245422],"[0, 0, 0, 0]"
275.050112486,,19076,,1583006579,901226997,"""Zero Band""",[0.9023728966712952],"[0, 0, 0, 0]"
275.05675745,,19077,,1583006579,908087015,"""Zero Band""",[0.9349473714828491],"[0, 0, 0, 0]"
275.062173843,,19078,,1583006579,914781093,"""Zero Band""",[0.9674897789955139],"[0, 0, 0, 0]"
275.067932606,,19079,,1583006579,920178890,"""Zero Band""",[1.0],"[0, 0, 0, 0]"
275.073798418,,19080,,1583006579,925952911,"""Zero Band""",[0.989206075668335],"[0, 0, 0, 0]"
275.0796597,,19081,,1583006579,931974887,"""Zero Band""",[0.9349473714828491],"[0, 0, 0, 0]"
275.085254431,,19082,,1583006579,937633991,"""Zero Band""",[0.8589723706245422],"[0, 0, 0, 0]"
275.093617201,,19083,,1583006579,943231105,"""Zero Band""",[0.7938554883003235],"[0, 0, 0, 0]"
275.099251509,,19084,,1583006579,951597929,"""Zero Band""",[0.7287386655807495],"[0, 0, 0, 0]"
275.10375762,,19085,,1583006579,957099914,"""Zero Band""",[0.6527636051177979],"[0, 0, 0, 0]"
275.109537363,,19086,,1583006579,961740016,"""Zero Band""",[0.587678849697113],"[0, 0, 0, 0]"
275.114822626,,19087,,1583006579,967531919,"""Zero Band""",[0.5225620269775391],"[0, 0, 0, 0]"
275.115821123,,19088,,1583006579,972903966,"""Soft-Hard Sip Deadband""",[0.4357288181781769],"[0, 0, 0, 0]"
275.116776466,,19089,,1583006579,973814010,"""Soft-Hard Sip Deadband""",[0.3706119656562805],"[0, 0, 0, 0]"
275.122019053,,19090,,1583006579,974720001,"""Zero Band""",[0.2946690618991852],"[0, 0, 0, 0]"
275.127804279,,19091,,1583006579,980170965,"""Zero Band""",[0.2186940312385559],"[0, 0, 0, 0]"
275.132597685,,19092,,1583006579,985802888,"""Zero Band""",[0.15357716381549835],"[0, 0, 0, 0]"
275.138440132,,19093,,1583006579,990588903,"""Zero Band""",[0.06674397736787796],"[0, 0, 0, 0]"
275.139519453,,19094,,1583006579,996438980,"""Zero Band""",[0.0016592431347817183],"[0, 0, 0, 0]"
275.140340567,,19095,,1583006579,997488021,"""Zero Band""",[-0.0],"[0, 0, 0, 0]"
275.141112328,,19096,,1583006579,998322963,"""Zero Band""",[-0.0],"[0, 0, 0, 0]"
275.141276836,,19097,,1583006579,998322963,"""input stopped""",[-0.0],"[0, 0, 0, 0]"
275.142006636,,19098,,1583006579,999197006,"""Zero Band""",[-0.0],"[0, 0, 0, 0]"
275.147855043,,19099,,1583006580,8106,"""Zero Band""",[-0.03416948765516281],"[0, 0, 0, 0]"
275.156306028,,19100,,1583006580,5832910,"""Zero Band""",[-0.09928634762763977],"[0, 0, 0, 0]"
275.161386013,,19101,,1583006580,14292955,"""Zero Band""",[-0.16440321505069733],"[0, 0, 0, 0]"
275.166083813,,19102,,1583006580,19364118,"""Zero Band""",[-0.21866190433502197],"[0, 0, 0, 0]"
275.172916174,,19103,,1583006580,24058103,"""Zero Band""",[-0.28377875685691833],"[0, 0, 0, 0]"
275.174059629,,19104,,1583006580,31208992,"""Soft-Hard Puff Deadband""",[-0.3380374610424042],"[0, 0, 0, 0]"
275.174914837,,19105,,1583006580,32041072,"""Soft-Hard Puff Deadband""",[-0.3814379870891571],"[0, 0, 0, 0]"
275.175760031,,19106,,1583006580,32891035,"""Soft-Hard Puff Deadband""",[-0.4248385429382324],"[0, 0, 0, 0]"
275.176581144,,19107,,1583006580,33736944,"""Soft-Hard Puff Deadband""",[-0.4790972173213959],"[0, 0, 0, 0]"
275.183104277,,19108,,1583006580,34560918,"""Hard Puff""",[-0.5116717219352722],"[1, 0, 0, 0]"
275.190309763,,19109,,1583006580,41099071,"""Hard Puff""",[-0.5550722479820251],"[1, 0, 0, 0]"
275.195451021,,19110,,1583006580,48325061,"""Hard Puff""",[-0.5984727740287781],"[1, 0, 0, 0]"
275.200415134,,19111,,1583006580,53342103,"""Hard Puff""",[-0.6310473084449768],"[1, 0, 0, 0]"
275.206295967,,19112,,1583006580,58459043,"""Zero Band""",[-0.6527314782142639],"[0, 0, 0, 0]"
275.211468458,,19113,,1583006580,64276933,"""Zero Band""",[-0.6961641311645508],"[0, 0, 0, 0]"
275.217325449,,19114,,1583006580,69427013,"""Zero Band""",[-0.7287065386772156],"[0, 0, 0, 0]"
275.223809004,,19115,,1583006580,75330972,"""Zero Band""",[-0.7612810134887695],"[0, 0, 0, 0]"
275.229210377,,19116,,1583006580,81842899,"""Zero Band""",[-0.7938233613967896],"[0, 0, 0, 0]"
275.235462666,,19117,,1583006580,87184906,"""Zero Band""",[-0.8263657689094543],"[0, 0, 0, 0]"
275.241319895,,19118,,1583006580,93436956,"""Zero Band""",[-0.8589402437210083],"[0, 0, 0, 0]"
275.246844292,,19119,,1583006580,99303007,"""Zero Band""",[-0.8914825916290283],"[0, 0, 0, 0]"
275.252410412,,19120,,1583006580,104824066,"""Zero Band""",[-0.924057126045227],"[0, 0, 0, 0]"
275.257629395,,19121,,1583006580,110388994,"""Zero Band""",[-0.9457412958145142],"[0, 0, 0, 0]"
275.26226449,,19122,,1583006580,115715980,"""Zero Band""",[-0.989173948764801],"[0, 0, 0, 0]"
275.267475367,,19123,,1583006580,120274066,"""Zero Band""",[-1.0],"[0, 0, 0, 0]"
275.467854977,,19124,,1583006580,319431066,"""Zero Band""",[-0.9565994739532471],"[0, 0, 0, 0]"
275.472736835,,19125,,1583006580,325882911,"""Zero Band""",[-0.9131989479064941],"[0, 0, 0, 0]"
275.477161646,,19126,,1583006580,330737113,"""Zero Band""",[-0.8697984218597412],"[0, 0, 0, 0]"
275.483973503,,19127,,1583006580,335232019,"""Zero Band""",[-0.8372238874435425],"[0, 0, 0, 0]"
275.489152431,,19128,,1583006580,341955900,"""Zero Band""",[-0.7829651832580566],"[0, 0, 0, 0]"
275.494055986,,19129,,1583006580,347126960,"""Zero Band""",[-0.7504228353500366],"[0, 0, 0, 0]"
275.500444174,,19130,,1583006580,352140903,"""Zero Band""",[-0.7070223093032837],"[0, 0, 0, 0]"
275.505860329,,19131,,1583006580,358309984,"""Zero Band""",[-0.6635896563529968],"[0, 0, 0, 0]"
275.512205839,,19132,,1583006580,363883972,"""Zero Band""",[-0.6310473084449768],"[0, 0, 0, 0]"
275.51764369,,19133,,1583006580,370203018,"""Zero Band""",[-0.5984727740287781],"[0, 0, 0, 0]"
275.524122238,,19134,,1583006580,375607967,"""Zero Band""",[-0.5550722479820251],"[0, 0, 0, 0]"
275.530356407,,19135,,1583006580,382105112,"""Zero Band""",[-0.5116717219352722],"[0, 0, 0, 0]"
275.531216383,,19136,,1583006580,388330936,"""Soft-Hard Puff Deadband""",[-0.4790972173213959],"[0, 0, 0, 0]"
275.532364845,,19137,,1583006580,389336109,"""Soft-Hard Puff Deadband""",[-0.44655486941337585],"[0, 0, 0, 0]"
275.533129215,,19138,,1583006580,390167951,"""Soft-Hard Puff Deadband""",[-0.4031543433666229],"[0, 0, 0, 0]"
275.533890009,,19139,,1583006580,391089916,"""Soft-Hard Puff Deadband""",[-0.3705798387527466],"[0, 0, 0, 0]"
275.534810781,,19140,,1583006580,391880989,"""Soft-Hard Puff Deadband""",[-0.3488956391811371],"[0, 0, 0, 0]"
275.535806656,,19141,,1583006580,392925024,"""Soft-Hard Puff Deadband""",[-0.31632113456726074],"[0, 0, 0, 0]"
275.541268587,,19142,,1583006580,393851995,"""Soft Puff""",[-0.28377875685691833],"[0, 1, 0, 0]"
275.545839071,,19143,,1583006580,399250030,"""Soft Puff""",[-0.2620624303817749],"[0, 1, 0, 0]"
275.551934481,,19144,,1583006580,403819084,"""Soft Puff""",[-0.2295200675725937],"[0, 1, 0, 0]"
275.557686806,,19145,,1583006580,409955978,"""Soft Puff""",[-0.20780374109745026],"[0, 1, 0, 0]"
275.564299583,,19146,,1583006580,415699958,"""Soft Puff""",[-0.18608741462230682],"[0, 1, 0, 0]"
275.570641041,,19147,,1583006580,422275066,"""Soft Puff""",[-0.16440321505069733],"[0, 1, 0, 0]"
275.576971769,,19148,,1583006580,428613901,"""Soft Puff""",[-0.1426868885755539],"[0, 1, 0, 0]"
275.582173586,,19149,,1583006580,434876918,"""Soft Puff""",[-0.1210026741027832],"[0, 1, 0, 0]"
275.587822199,,19150,,1583006580,440021038,"""Soft Puff""",[-0.09928634762763977],"[0, 1, 0, 0]"
275.595337629,,19151,,1583006580,445956945,"""Soft Puff""",[-0.07757002115249634],"[0, 1, 0, 0]"
275.601737738,,19152,,1583006580,453309059,"""Soft Puff""",[-0.055885814130306244],"[0, 1, 0, 0]"
275.606460571,,19153,,1583006580,459433078,"""Soft Puff""",[-0.03416948765516281],"[0, 1, 0, 0]"
275.611814737,,19154,,1583006580,464438915,"""Soft Puff""",[-0.012453158386051655],"[0, 1, 0, 0]"
275.612746239,,19155,,1583006580,469794034,"""Zero Band""",[-0.0016271184431388974],"[0, 0, 0, 0]"
275.613574982,,19156,,1583006580,470730066,"""Zero Band""",[-0.0],"[0, 0, 0, 0]"
275.614397049,,19157,,1583006580,471558094,"""Zero Band""",[-0.0],"[0, 0, 0, 0]"
275.61532855,,19158,,1583006580,472412109,"""Zero Band""",[-0.0],"[0, 0, 0, 0]"
275.616215706,,19159,,1583006580,473305940,"""Zero Band""",[-0.0],"[0, 0, 0, 0]"
275.61630106,,19160,,1583006580,473305940,"""input stopped""",[-0.0],"[0, 0, 0, 0]"
276.239942551,,19161,,1583006581,96507072,"""Zero Band""",[-0.0],"[0, 0, 0, 0]"
276.244986057,,19162,,1583006581,101536989,"""Zero Band""",[-0.0],"[0, 0, 0, 0]"
276.246675968,,19163,,1583006581,103384971,"""Zero Band""",[-0.0],"[0, 0, 0, 0]"
276.248371124,,19164,,1583006581,105384111,"""Zero Band""",[-0.0],"[0, 0, 0, 0]"
276.252939701,,19165,,1583006581,109479904,"""Zero Band""",[-0.0],"[0, 0, 0, 0]"
276.254388332,,19166,,1583006581,111408948,"""Zero Band""",[0.0016592431347817183],"[0, 0, 0, 0]"
276.264713764,,19167,,1583006581,117391109,"""Soft Sip""",[0.012485282495617867],"[0, 0, 1, 0]"
276.269191742,,19168,,1583006581,122769117,"""Soft Sip""",[0.023343447595834732],"[0, 0, 1, 0]"
276.27541399,,19169,,1583006581,127265930,"""Soft Sip""",[0.03420161083340645],"[0, 0, 1, 0]"
276.281238317,,19170,,1583006581,133601903,"""Soft Sip""",[0.04505977779626846],"[0, 0, 1, 0]"
276.286503315,,19171,,1583006581,139316082,"""Soft Sip""",[0.05591794103384018],"[0, 0, 1, 0]"
276.293540239,,19172,,1583006581,144586086,"""Soft Sip""",[0.06674397736787796],"[0, 0, 1, 0]"
276.300974369,,19173,,1583006581,151515007,"""Soft Sip""",[0.07760214805603027],"[0, 0, 1, 0]"
276.306285858,,19174,,1583006581,159219026,"""Soft Sip""",[0.0993184745311737],"[0, 0, 1, 0]"
276.312274694,,19175,,1583006581,164292097,"""Soft Sip""",[0.11017663776874542],"[0, 0, 1, 0]"
276.319528341,,19176,,1583006581,170264005,"""Soft Sip""",[0.12103480100631714],"[0, 0, 1, 0]"
276.327410221,,19177,,1583006581,177500963,"""Soft Sip""",[0.14271900057792664],"[0, 0, 1, 0]"
276.333603621,,19178,,1583006581,185533046,"""Soft Sip""",[0.15357716381549835],"[0, 0, 1, 0]"
276.339715004,,19179,,1583006581,191595077,"""Soft Sip""",[0.17529350519180298],"[0, 0, 1, 0]"
276.34493494,,19180,,1583006581,197870016,"""Soft Sip""",[0.18611954152584076],"[0, 0, 1, 0]"
276.350049257,,19181,,1583006581,202819108,"""Soft Sip""",[0.2078358680009842],"[0, 0, 1, 0]"
276.357420444,,19182,,1583006581,208033084,"""Soft Sip""",[0.22955219447612762],"[0, 0, 1, 0]"
276.362322569,,19183,,1583006581,215401887,"""Soft Sip""",[0.2403782308101654],"[0, 0, 1, 0]"
276.37032938,,19184,,1583006581,220447063,"""Soft Sip""",[0.26209455728530884],"[0, 0, 1, 0]"
276.376850367,,19185,,1583006581,228337049,"""Soft Sip""",[0.28381088376045227],"[0, 0, 1, 0]"
276.37772584,,19186,,1583006581,234842061,"""Soft-Hard Sip Deadband""",[0.30549511313438416],"[0, 0, 0, 0]"
276.378560066,,19187,,1583006581,235718965,"""Soft-Hard Sip Deadband""",[0.3163532614707947],"[0, 0, 0, 0]"
276.379652739,,19188,,1583006581,236574888,"""Soft-Hard Sip Deadband""",[0.3380695879459381],"[0, 0, 0, 0]"
276.380282879,,19189,,1583006581,237407922,"""Soft-Hard Sip Deadband""",[0.348927766084671],"[0, 0, 0, 0]"
276.381366491,,19190,,1583006581,238428115,"""Soft-Hard Sip Deadband""",[0.3706119656562805],"[0, 0, 0, 0]"
276.382214546,,19191,,1583006581,239387035,"""Soft-Hard Sip Deadband""",[0.39232829213142395],"[0, 0, 0, 0]"
276.383235693,,19192,,1583006581,240200996,"""Soft-Hard Sip Deadband""",[0.4031864404678345],"[0, 0, 0, 0]"
276.384074688,,19193,,1583006581,241133928,"""Soft-Hard Sip Deadband""",[0.4140446186065674],"[0, 0, 0, 0]"
276.385010958,,19194,,1583006581,242094993,"""Soft-Hard Sip Deadband""",[0.42487066984176636],"[0, 0, 0, 0]"
276.38607049,,19195,,1583006581,243202924,"""Soft-Hard Sip Deadband""",[0.4465869963169098],"[0, 0, 0, 0]"
276.387201786,,19196,,1583006581,244056940,"""Soft-Hard Sip Deadband""",[0.4574451446533203],"[0, 0, 0, 0]"
276.388495684,,19197,,1583006581,245152950,"""Soft-Hard Sip Deadband""",[0.4683033227920532],"[0, 0, 0, 0]"
276.389311314,,19198,,1583006581,246382951,"""Soft-Hard Sip Deadband""",[0.4791293442249298],"[0, 0, 0, 0]"
276.390409708,,19199,,1583006581,247273921,"""Soft-Hard Sip Deadband""",[0.4899875223636627],"[0, 0, 0, 0]"
276.395362616,,19200,,1583006581,248390913,"""Zero Band""",[0.5008456707000732],"[0, 0, 0, 0]"
276.40100193,,19201,,1583006581,253350019,"""Zero Band""",[0.5117038488388062],"[0, 0, 0, 0]"
276.40722394,,19202,,1583006581,258969068,"""Zero Band""",[0.533388078212738],"[0, 0, 0, 0]"
276.412811041,,19203,,1583006581,265233039,"""Zero Band""",[0.5442461967468262],"[0, 0, 0, 0]"
276.418008566,,19204,,1583006581,270816087,"""Zero Band""",[0.565962553024292],"[0, 0, 0, 0]"
276.425037146,,19205,,1583006581,276030063,"""Zero Band""",[0.5768207311630249],"[0, 0, 0, 0]"
276.431143284,,19206,,1583006581,282999992,"""Zero Band""",[0.587678849697113],"[0, 0, 0, 0]"
276.436359167,,19207,,1583006581,289153099,"""Zero Band""",[0.598504900932312],"[0, 0, 0, 0]"
276.443678379,,19208,,1583006581,294388055,"""Zero Band""",[0.6202212572097778],"[0, 0, 0, 0]"
276.449690819,,19209,,1583006581,301687955,"""Zero Band""",[0.6310794353485107],"[0, 0, 0, 0]"
276.456044674,,19210,,1583006581,307884931,"""Zero Band""",[0.6527636051177979],"[0, 0, 0, 0]"
276.461379766,,19211,,1583006581,314066886,"""Zero Band""",[0.6636217832565308],"[0, 0, 0, 0]"
276.466196299,,19212,,1583006581,319360971,"""Zero Band""",[0.6744799613952637],"[0, 0, 0, 0]"
276.472014666,,19213,,1583006581,324177980,"""Zero Band""",[0.6853380799293518],"[0, 0, 0, 0]"
276.477760553,,19214,,1583006581,329998016,"""Zero Band""",[0.6961962580680847],"[0, 0, 0, 0]"
276.484817505,,19215,,1583006581,335736036,"""Zero Band""",[0.7070544362068176],"[0, 0, 0, 0]"
276.490772247,,19216,,1583006581,342787027,"""Zero Band""",[0.7178804874420166],"[0, 0, 0, 0]"
276.496423006,,19217,,1583006581,348762989,"""Zero Band""",[0.7287386655807495],"[0, 0, 0, 0]"
276.501300573,,19218,,1583006581,354415893,"""Zero Band""",[0.7395967841148376],"[0, 0, 0, 0]"
276.50770545,,19219,,1583006581,359272003,"""Zero Band""",[0.7504549622535706],"[0, 0, 0, 0]"
276.51316762,,19220,,1583006581,365680932,"""Zero Band""",[0.7613131403923035],"[0, 0, 0, 0]"
276.520473003,,19221,,1583006581,371175050,"""Zero Band""",[0.7721391916275024],"[0, 0, 0, 0]"
276.526296139,,19222,,1583006581,378722906,"""Zero Band""",[0.7829973101615906],"[0, 0, 0, 0]"
276.531380177,,19223,,1583006581,384316921,"""Zero Band""",[0.7938554883003235],"[0, 0, 0, 0]"
276.537556171,,19224,,1583006581,389370918,"""Zero Band""",[0.8047136664390564],"[0, 0, 0, 0]"
276.545467854,,19225,,1583006581,395554065,"""Zero Band""",[0.8155718445777893],"[0, 0, 0, 0]"
276.551696777,,19226,,1583006581,403440952,"""Zero Band""",[0.8263978958129883],"[0, 0, 0, 0]"
276.557975054,,19227,,1583006581,409693002,"""Zero Band""",[0.8372560143470764],"[0, 0, 0, 0]"
276.564800739,,19228,,1583006581,416006088,"""Zero Band""",[0.8481141924858093],"[0, 0, 0, 0]"
276.56978488,,19229,,1583006581,422779083,"""Zero Band""",[0.8589723706245422],"[0, 0, 0, 0]"
276.575230598,,19230,,1583006581,427813053,"""Zero Band""",[0.8806886672973633],"[0, 0, 0, 0]"
276.581236601,,19231,,1583006581,433209896,"""Zero Band""",[0.8915147185325623],"[0, 0, 0, 0]"
276.586545229,,19232,,1583006581,439210891,"""Zero Band""",[0.9023728966712952],"[0, 0, 0, 0]"
276.591438055,,19233,,1583006581,444531917,"""Zero Band""",[0.9132310748100281],"[0, 0, 0, 0]"
276.596834421,,19234,,1583006581,449438095,"""Zero Band""",[0.924089252948761],"[0, 0, 0, 0]"
276.602124453,,19235,,1583006581,454811096,"""Zero Band""",[0.9349473714828491],"[0, 0, 0, 0]"
276.607412577,,19236,,1583006581,460103988,"""Zero Band""",[0.9457734227180481],"[0, 0, 0, 0]"
276.613585472,,19237,,1583006581,465253114,"""Zero Band""",[0.956631600856781],"[0, 0, 0, 0]"
276.618963957,,19238,,1583006581,471549034,"""Zero Band""",[0.9674897789955139],"[0, 0, 0, 0]"
276.62522459,,19239,,1583006581,477159023,"""Zero Band""",[0.956631600856781],"[0, 0, 0, 0]"
276.632943869,,19240,,1583006581,483202934,"""Zero Band""",[0.9457734227180481],"[0, 0, 0, 0]"
276.638398409,,19241,,1583006581,490919113,"""Zero Band""",[0.9349473714828491],"[0, 0, 0, 0]"
276.644715071,,19242,,1583006581,496373891,"""Zero Band""",[0.924089252948761],"[0, 0, 0, 0]"
276.651673079,,19243,,1583006581,502686977,"""Zero Band""",[0.9349473714828491],"[0, 0, 0, 0]"
276.657895088,,19244,,1583006581,509644985,"""Zero Band""",[0.9457734227180481],"[0, 0, 0, 0]"
276.665582657,,19245,,1583006581,515871047,"""Zero Band""",[0.956631600856781],"[0, 0, 0, 0]"
276.670661926,,19246,,1583006581,523636102,"""Zero Band""",[0.9674897789955139],"[0, 0, 0, 0]"
276.675878048,,19247,,1583006581,528640031,"""Zero Band""",[0.978347897529602],"[0, 0, 0, 0]"
276.6821661,,19248,,1583006581,533860921,"""Zero Band""",[0.989206075668335],"[0, 0, 0, 0]"
276.687740088,,19249,,1583006581,540142059,"""Zero Band""",[1.0],"[0, 0, 0, 0]"
276.692656279,,19250,,1583006581,545730113,"""Zero Band""",[0.989206075668335],"[0, 0, 0, 0]"
276.698342085,,19251,,1583006581,550652980,"""Zero Band""",[0.978347897529602],"[0, 0, 0, 0]"
276.704331875,,19252,,1583006581,556245088,"""Zero Band""",[0.9674897789955139],"[0, 0, 0, 0]"
276.710458755,,19253,,1583006581,562304019,"""Zero Band""",[0.956631600856781],"[0, 0, 0, 0]"
276.717796087,,19254,,1583006581,568474054,"""Zero Band""",[0.9457734227180481],"[0, 0, 0, 0]"
276.723445415,,19255,,1583006581,575809955,"""Zero Band""",[0.9349473714828491],"[0, 0, 0, 0]"
276.729170322,,19256,,1583006581,581691980,"""Zero Band""",[0.9457734227180481],"[0, 0, 0, 0]"
276.736246824,,19257,,1583006581,587165117,"""Zero Band""",[0.9349473714828491],"[0, 0, 0, 0]"
276.742757559,,19258,,1583006581,594104051,"""Zero Band""",[0.924089252948761],"[0, 0, 0, 0]"
276.748077154,,19259,,1583006581,600742101,"""Zero Band""",[0.9132310748100281],"[0, 0, 0, 0]"
276.75386095,,19260,,1583006581,605767965,"""Zero Band""",[0.9023728966712952],"[0, 0, 0, 0]"
276.759023905,,19261,,1583006581,611865043,"""Zero Band""",[0.8915147185325623],"[0, 0, 0, 0]"
276.764720917,,19262,,1583006581,616998910,"""Zero Band""",[0.8806886672973633],"[0, 0, 0, 0]"
276.77096343,,19263,,1583006581,622642993,"""Zero Band""",[0.8589723706245422],"[0, 0, 0, 0]"
276.777182579,,19264,,1583006581,628931999,"""Zero Band""",[0.8372560143470764],"[0, 0, 0, 0]"
276.782986879,,19265,,1583006581,635159015,"""Zero Band""",[0.8263978958129883],"[0, 0, 0, 0]"
276.78822279,,19266,,1583006581,640872955,"""Zero Band""",[0.8047136664390564],"[0, 0, 0, 0]"
276.793708324,,19267,,1583006581,646192073,"""Zero Band""",[0.7829973101615906],"[0, 0, 0, 0]"
276.800920725,,19268,,1583006581,651679992,"""Zero Band""",[0.7395967841148376],"[0, 0, 0, 0]"
276.808497429,,19269,,1583006581,658885955,"""Zero Band""",[0.7070544362068176],"[0, 0, 0, 0]"
276.814996004,,19270,,1583006581,666465997,"""Zero Band""",[0.6853380799293518],"[0, 0, 0, 0]"
276.821912527,,19271,,1583006581,672976016,"""Zero Band""",[0.6527636051177979],"[0, 0, 0, 0]"
276.826579809,,19272,,1583006581,679889917,"""Zero Band""",[0.6202212572097778],"[0, 0, 0, 0]"
276.832769871,,19273,,1583006581,684550046,"""Zero Band""",[0.5768207311630249],"[0, 0, 0, 0]"
276.839643955,,19274,,1583006581,690747022,"""Zero Band""",[0.5442461967468262],"[0, 0, 0, 0]"
276.844423294,,19275,,1583006581,697624921,"""Zero Band""",[0.5117038488388062],"[0, 0, 0, 0]"
276.845322132,,19276,,1583006581,702419996,"""Soft-Hard Sip Deadband""",[0.4791293442249298],"[0, 0, 0, 0]"
276.846002579,,19277,,1583006581,703221082,"""Soft-Hard Sip Deadband""",[0.4357288181781769],"[0, 0, 0, 0]"
276.846701145,,19278,,1583006581,703933954,"""Soft-Hard Sip Deadband""",[0.4031864404678345],"[0, 0, 0, 0]"
276.847705603,,19279,,1583006581,704675912,"""Soft-Hard Sip Deadband""",[0.3706119656562805],"[0, 0, 0, 0]"
276.848424673,,19280,,1583006581,705430030,"""Soft-Hard Sip Deadband""",[0.3380695879459381],"[0, 0, 0, 0]"
276.849158287,,19281,,1583006581,706393957,"""Soft-Hard Sip Deadband""",[0.3163532614707947],"[0, 0, 0, 0]"
276.856081247,,19282,,1583006581,707139015,"""Soft Sip""",[0.28381088376045227],"[0, 0, 1, 0]"
276.86071372,,19283,,1583006581,714056015,"""Soft Sip""",[0.27295273542404175],"[0, 0, 1, 0]"
276.867940903,,19284,,1583006581,719006061,"""Soft Sip""",[0.2512364089488983],"[0, 0, 1, 0]"
276.874524355,,19285,,1583006581,725908041,"""Soft Sip""",[0.2403782308101654],"[0, 0, 1, 0]"
276.879120588,,19286,,1583006581,732502937,"""Soft Sip""",[0.22955219447612762],"[0, 0, 1, 0]"
276.88589263,,19287,,1583006581,737093925,"""Soft Sip""",[0.2186940312385559],"[0, 0, 1, 0]"
276.892534256,,19288,,1583006581,743932008,"""Soft Sip""",[0.22955219447612762],"[0, 0, 1, 0]"
276.897844076,,19289,,1583006581,750503063,"""Soft Sip""",[0.2403782308101654],"[0, 0, 1, 0]"
276.905076504,,19290,,1583006581,755861997,"""Soft Sip""",[0.2512364089488983],"[0, 0, 1, 0]"
276.909789085,,19291,,1583006581,762646913,"""Soft Sip""",[0.26209455728530884],"[0, 0, 1, 0]"
276.914324999,,19292,,1583006581,767767906,"""Soft Sip""",[0.27295273542404175],"[0, 0, 1, 0]"
276.919993401,,19293,,1583006581,772308111,"""Soft Sip""",[0.28381088376045227],"[0, 0, 1, 0]"
276.925160885,,19294,,1583006581,777888059,"""Soft Sip""",[0.2946690618991852],"[0, 0, 1, 0]"
276.925986767,,19295,,1583006581,783149957,"""Soft-Hard Sip Deadband""",[0.30549511313438416],"[0, 0, 0, 0]"
276.926834345,,19296,,1583006581,783977985,"""Soft-Hard Sip Deadband""",[0.3163532614707947],"[0, 0, 0, 0]"
276.927800655,,19297,,1583006581,784820079,"""Soft-Hard Sip Deadband""",[0.3380695879459381],"[0, 0, 0, 0]"
276.928809404,,19298,,1583006581,785788059,"""Soft-Hard Sip Deadband""",[0.348927766084671],"[0, 0, 0, 0]"
276.92964673,,19299,,1583006581,786788940,"""Soft-Hard Sip Deadband""",[0.3597537875175476],"[0, 0, 0, 0]"
276.930528879,,19300,,1583006581,787710905,"""Soft-Hard Sip Deadband""",[0.38147011399269104],"[0, 0, 0, 0]"
276.931360245,,19301,,1583006581,788506984,"""Soft-Hard Sip Deadband""",[0.39232829213142395],"[0, 0, 0, 0]"
276.932236433,,19302,,1583006581,789364099,"""Soft-Hard Sip Deadband""",[0.4031864404678345],"[0, 0, 0, 0]"
276.932938576,,19303,,1583006581,790132999,"""Soft-Hard Sip Deadband""",[0.4140446186065674],"[0, 0, 0, 0]"
276.933675766,,19304,,1583006581,790914058,"""Soft-Hard Sip Deadband""",[0.4357288181781769],"[0, 0, 0, 0]"
276.934786081,,19305,,1583006581,791645050,"""Soft-Hard Sip Deadband""",[0.4465869963169098],"[0, 0, 0, 0]"
276.935661316,,19306,,1583006581,792748928,"""Soft-Hard Sip Deadband""",[0.4574451446533203],"[0, 0, 0, 0]"
276.936421633,,19307,,1583006581,793567895,"""Soft-Hard Sip Deadband""",[0.4683033227920532],"[0, 0, 0, 0]"
276.93710351,,19308,,1583006581,794316053,"""Soft-Hard Sip Deadband""",[0.4791293442249298],"[0, 0, 0, 0]"
276.93786478,,19309,,1583006581,795063972,"""Soft-Hard Sip Deadband""",[0.4899875223636627],"[0, 0, 0, 0]"
276.943426371,,19310,,1583006581,795840978,"""Zero Band""",[0.5117038488388062],"[0, 0, 0, 0]"
276.948248625,,19311,,1583006581,801399946,"""Zero Band""",[0.5225620269775391],"[0, 0, 0, 0]"
276.955095768,,19312,,1583006581,806225061,"""Zero Band""",[0.533388078212738],"[0, 0, 0, 0]"
276.962538719,,19313,,1583006581,813126087,"""Zero Band""",[0.5442461967468262],"[0, 0, 0, 0]"
276.967866182,,19314,,1583006581,820543050,"""Zero Band""",[0.5551043748855591],"[0, 0, 0, 0]"
276.974072456,,19315,,1583006581,825675964,"""Zero Band""",[0.5768207311630249],"[0, 0, 0, 0]"
276.979382515,,19316,,1583006581,832052946,"""Zero Band""",[0.587678849697113],"[0, 0, 0, 0]"
276.984919071,,19317,,1583006581,837412118,"""Zero Band""",[0.598504900932312],"[0, 0, 0, 0]"
276.990781307,,19318,,1583006581,842901945,"""Zero Band""",[0.6093630790710449],"[0, 0, 0, 0]"
276.996754169,,19319,,1583006581,848772048,"""Zero Band""",[0.6202212572097778],"[0, 0, 0, 0]"
277.001701355,,19320,,1583006581,854729890,"""Zero Band""",[0.6310794353485107],"[0, 0, 0, 0]"
277.008373022,,19321,,1583006581,859695911,"""Zero Band""",[0.6419375538825989],"[0, 0, 0, 0]"
277.014243603,,19322,,1583006581,866096973,"""Zero Band""",[0.6527636051177979],"[0, 0, 0, 0]"
277.019689798,,19323,,1583006581,872212886,"""Zero Band""",[0.6636217832565308],"[0, 0, 0, 0]"
277.026071787,,19324,,1583006581,877990007,"""Zero Band""",[0.6744799613952637],"[0, 0, 0, 0]"
277.032493114,,19325,,1583006581,884043931,"""Zero Band""",[0.6636217832565308],"[0, 0, 0, 0]"
277.038235188,,19326,,1583006581,890470027,"""Zero Band""",[0.6527636051177979],"[0, 0, 0, 0]"
277.044434309,,19327,,1583006581,896219015,"""Zero Band""",[0.6419375538825989],"[0, 0, 0, 0]"
277.049473763,,19328,,1583006581,902421951,"""Zero Band""",[0.6310794353485107],"[0, 0, 0, 0]"
277.055096388,,19329,,1583006581,907474040,"""Zero Band""",[0.6202212572097778],"[0, 0, 0, 0]"
277.061280251,,19330,,1583006581,913075923,"""Zero Band""",[0.6093630790710449],"[0, 0, 0, 0]"
277.067158461,,19331,,1583006581,919258117,"""Zero Band""",[0.598504900932312],"[0, 0, 0, 0]"
277.073239565,,19332,,1583006581,925180912,"""Zero Band""",[0.587678849697113],"[0, 0, 0, 0]"
277.077754974,,19333,,1583006581,930953025,"""Zero Band""",[0.5768207311630249],"[0, 0, 0, 0]"
277.083032608,,19334,,1583006581,935770034,"""Zero Band""",[0.565962553024292],"[0, 0, 0, 0]"
277.090152264,,19335,,1583006581,941011905,"""Zero Band""",[0.5551043748855591],"[0, 0, 0, 0]"
277.096081734,,19336,,1583006581,948152065,"""Zero Band""",[0.5442461967468262],"[0, 0, 0, 0]"
277.103135824,,19337,,1583006581,954166889,"""Zero Band""",[0.533388078212738],"[0, 0, 0, 0]"
277.110732317,,19338,,1583006581,961165904,"""Zero Band""",[0.5225620269775391],"[0, 0, 0, 0]"
277.1158216,,19339,,1583006581,968750953,"""Zero Band""",[0.5117038488388062],"[0, 0, 0, 0]"
277.121859312,,19340,,1583006581,973808050,"""Zero Band""",[0.5008456707000732],"[0, 0, 0, 0]"
277.128111601,,19341,,1583006581,979862928,"""Zero Band""",[0.5117038488388062],"[0, 0, 0, 0]"
277.133477926,,19342,,1583006581,986099004,"""Zero Band""",[0.5225620269775391],"[0, 0, 0, 0]"
277.139453411,,19343,,1583006581,991436004,"""Zero Band""",[0.5117038488388062],"[0, 0, 0, 0]"
277.147090673,,19344,,1583006581,997569084,"""Zero Band""",[0.5008456707000732],"[0, 0, 0, 0]"
277.147940159,,19345,,1583006582,5072116,"""Soft-Hard Sip Deadband""",[0.4899875223636627],"[0, 0, 0, 0]"
277.148677588,,19346,,1583006582,5934953,"""Soft-Hard Sip Deadband""",[0.4791293442249298],"[0, 0, 0, 0]"
277.149435043,,19347,,1583006582,6668090,"""Soft-Hard Sip Deadband""",[0.4683033227920532],"[0, 0, 0, 0]"
277.150167704,,19348,,1583006582,7421016,"""Soft-Hard Sip Deadband""",[0.4574451446533203],"[0, 0, 0, 0]"
277.150940418,,19349,,1583006582,8197069,"""Soft-Hard Sip Deadband""",[0.4465869963169098],"[0, 0, 0, 0]"
277.152267218,,19350,,1583006582,8922100,"""Soft-Hard Sip Deadband""",[0.4357288181781769],"[0, 0, 0, 0]"
277.153322935,,19351,,1583006582,10238885,"""Soft-Hard Sip Deadband""",[0.42487066984176636],"[0, 0, 0, 0]"
277.154453516,,19352,,1583006582,11564016,"""Soft-Hard Sip Deadband""",[0.4140446186065674],"[0, 0, 0, 0]"
277.155436993,,19353,,1583006582,12434005,"""Soft-Hard Sip Deadband""",[0.4031864404678345],"[0, 0, 0, 0]"
277.156358242,,19354,,1583006582,13417959,"""Soft-Hard Sip Deadband""",[0.39232829213142395],"[0, 0, 0, 0]"
277.157258511,,19355,,1583006582,14353036,"""Soft-Hard Sip Deadband""",[0.38147011399269104],"[0, 0, 0, 0]"
277.158292055,,19356,,1583006582,15235900,"""Soft-Hard Sip Deadband""",[0.3706119656562805],"[0, 0, 0, 0]"
277.159125805,,19357,,1583006582,16256093,"""Soft-Hard Sip Deadband""",[0.3597537875175476],"[0, 0, 0, 0]"
277.15993309,,19358,,1583006582,17096996,"""Soft-Hard Sip Deadband""",[0.348927766084671],"[0, 0, 0, 0]"
277.160716772,,19359,,1583006582,17909049,"""Soft-Hard Sip Deadband""",[0.3380695879459381],"[0, 0, 0, 0]"
277.161495447,,19360,,1583006582,18686056,"""Soft-Hard Sip Deadband""",[0.3272114396095276],"[0, 0, 0, 0]"
277.162245274,,19361,,1583006582,19476890,"""Soft-Hard Sip Deadband""",[0.3163532614707947],"[0, 0, 0, 0]"
277.162992239,,19362,,1583006582,20241022,"""Soft-Hard Sip Deadband""",[0.30549511313438416],"[0, 0, 0, 0]"
277.167529106,,19363,,1583006582,20970106,"""Soft Sip""",[0.2946690618991852],"[0, 0, 1, 0]"
277.172563314,,19364,,1583006582,25509119,"""Soft Sip""",[0.27295273542404175],"[0, 0, 1, 0]"
277.181270361,,19365,,1583006582,30461072,"""Soft Sip""",[0.26209455728530884],"[0, 0, 1, 0]"
277.187836647,,19366,,1583006582,39244890,"""Soft Sip""",[0.2512364089488983],"[0, 0, 1, 0]"
277.195767164,,19367,,1583006582,45963048,"""Soft Sip""",[0.22955219447612762],"[0, 0, 1, 0]"
277.201396465,,19368,,1583006582,53746938,"""Soft Sip""",[0.2078358680009842],"[0, 0, 1, 0]"
277.207219362,,19369,,1583006582,59384107,"""Soft Sip""",[0.19697770476341248],"[0, 0, 1, 0]"
277.214031696,,19370,,1583006582,65196990,"""Soft Sip""",[0.17529350519180298],"[0, 0, 1, 0]"
277.221458912,,19371,,1583006582,71985006,"""Soft Sip""",[0.16443534195423126],"[0, 0, 1, 0]"
277.227380037,,19372,,1583006582,79437971,"""Soft Sip""",[0.15357716381549835],"[0, 0, 1, 0]"
277.232597113,,19373,,1583006582,85361003,"""Soft Sip""",[0.14271900057792664],"[0, 0, 1, 0]"
277.237667084,,19374,,1583006582,90581893,"""Soft Sip""",[0.13186083734035492],"[0, 0, 1, 0]"
277.242807627,,19375,,1583006582,95643043,"""Soft Sip""",[0.14271900057792664],"[0, 0, 1, 0]"
277.248947382,,19376,,1583006582,100760936,"""Soft Sip""",[0.15357716381549835],"[0, 0, 1, 0]"
277.254325151,,19377,,1583006582,106945991,"""Soft Sip""",[0.16443534195423126],"[0, 0, 1, 0]"
277.259929657,,19378,,1583006582,112152099,"""Soft Sip""",[0.17529350519180298],"[0, 0, 1, 0]"
277.265091419,,19379,,1583006582,118114948,"""Soft Sip""",[0.18611954152584076],"[0, 0, 1, 0]"
277.269921541,,19380,,1583006582,123095989,"""Soft Sip""",[0.19697770476341248],"[0, 0, 1, 0]"
277.276464462,,19381,,1583006582,127907991,"""Soft Sip""",[0.18611954152584076],"[0, 0, 1, 0]"
277.282009363,,19382,,1583006582,134443044,"""Soft Sip""",[0.17529350519180298],"[0, 0, 1, 0]"
277.286939621,,19383,,1583006582,140007019,"""Soft Sip""",[0.18611954152584076],"[0, 0, 1, 0]"
277.292378426,,19384,,1583006582,144917011,"""Soft Sip""",[0.19697770476341248],"[0, 0, 1, 0]"
277.297005892,,19385,,1583006582,150356054,"""Soft Sip""",[0.2078358680009842],"[0, 0, 1, 0]"
277.302869797,,19386,,1583006582,155014991,"""Soft Sip""",[0.2186940312385559],"[0, 0, 1, 0]"
277.311602116,,19387,,1583006582,160871028,"""Soft Sip""",[0.22955219447612762],"[0, 0, 1, 0]"
277.318264484,,19388,,1583006582,169559955,"""Soft Sip""",[0.2403782308101654],"[0, 0, 1, 0]"
277.324754238,,19389,,1583006582,176266908,"""Soft Sip""",[0.2512364089488983],"[0, 0, 1, 0]"
277.3312428,,19390,,1583006582,182713985,"""Soft Sip""",[0.26209455728530884],"[0, 0, 1, 0]"
277.335716963,,19391,,1583006582,189161062,"""Soft Sip""",[0.27295273542404175],"[0, 0, 1, 0]"
277.341127396,,19392,,1583006582,193665027,"""Soft Sip""",[0.28381088376045227],"[0, 0, 1, 0]"
277.347002745,,19393,,1583006582,199105024,"""Soft Sip""",[0.2946690618991852],"[0, 0, 1, 0]"
277.352951527,,19394,,1583006582,204979896,"""Soft Sip""",[0.28381088376045227],"[0, 0, 1, 0]"
277.357786655,,19395,,1583006582,210920095,"""Soft Sip""",[0.27295273542404175],"[0, 0, 1, 0]"
277.363226175,,19396,,1583006582,215785026,"""Soft Sip""",[0.26209455728530884],"[0, 0, 1, 0]"
277.370855331,,19397,,1583006582,221201896,"""Soft Sip""",[0.2512364089488983],"[0, 0, 1, 0]"
277.37718749,,19398,,1583006582,228852987,"""Soft Sip""",[0.2403782308101654],"[0, 0, 1, 0]"
277.384030342,,19399,,1583006582,235409021,"""Soft Sip""",[0.22955219447612762],"[0, 0, 1, 0]"
277.390187263,,19400,,1583006582,241839885,"""Soft Sip""",[0.2186940312385559],"[0, 0, 1, 0]"
277.396649122,,19401,,1583006582,248183012,"""Soft Sip""",[0.19697770476341248],"[0, 0, 1, 0]"
277.402886152,,19402,,1583006582,254614114,"""Soft Sip""",[0.18611954152584076],"[0, 0, 1, 0]"
277.408420086,,19403,,1583006582,260893106,"""Soft Sip""",[0.17529350519180298],"[0, 0, 1, 0]"
277.414524317,,19404,,1583006582,266380071,"""Soft Sip""",[0.15357716381549835],"[0, 0, 1, 0]"
277.419872999,,19405,,1583006582,272676944,"""Soft Sip""",[0.14271900057792664],"[0, 0, 1, 0]"
277.424540281,,19406,,1583006582,277777910,"""Soft Sip""",[0.12103480100631714],"[0, 0, 1, 0]"
277.431019545,,19407,,1583006582,282531023,"""Soft Sip""",[0.08846031129360199],"[0, 0, 1, 0]"
277.436107874,,19408,,1583006582,289033889,"""Soft Sip""",[0.06674397736787796],"[0, 0, 1, 0]"
277.441586018,,19409,,1583006582,293992996,"""Soft Sip""",[0.04505977779626846],"[0, 0, 1, 0]"
277.448467255,,19410,,1583006582,299565076,"""Soft Sip""",[0.023343447595834732],"[0, 0, 1, 0]"
277.449451685,,19411,,1583006582,306369066,"""Zero Band""",[0.0016592431347817183],"[0, 0, 0, 0]"
277.450458288,,19412,,1583006582,307427883,"""Zero Band""",[-0.0],"[0, 0, 0, 0]"
277.451408863,,19413,,1583006582,308449983,"""Zero Band""",[-0.0],"[0, 0, 0, 0]"
277.452295065,,19414,,1583006582,309395074,"""Zero Band""",[-0.0],"[0, 0, 0, 0]"
277.453197718,,19415,,1583006582,310276985,"""Zero Band""",[-0.0],"[0, 0, 0, 0]"
277.4532969,,19416,,1583006582,310276985,"""input stopped""",[-0.0],"[0, 0, 0, 0]"
278.29760313,,19417,,1583006583,154453992,"""Zero Band""",[-0.0],"[0, 0, 0, 0]"
278.30472827,,19418,,1583006583,161449909,"""Zero Band""",[-0.0],"[0, 0, 0, 0]"
278.310317755,,19419,,1583006583,167387008,"""Zero Band""",[-0.0],"[0, 0, 0, 0]"
278.316283464,,19420,,1583006583,173405885,"""Zero Band""",[-0.0],"[0, 0, 0, 0]"
278.332517385,,19421,,1583006583,189461946,"""Zero Band""",[-0.0],"[0, 0, 0, 0]"
278.336457968,,19422,,1583006583,193468093,"""Zero Band""",[-0.0],"[0, 0, 0, 0]"
278.358593464,,19423,,1583006583,215492963,"""Zero Band""",[-0.0],"[0, 0, 0, 0]"
278.368650198,,19424,,1583006583,225486993,"""Zero Band""",[-0.0],"[0, 0, 0, 0]"
278.392402649,,19425,,1583006583,249464035,"""Zero Band""",[-0.0],"[0, 0, 0, 0]"
278.394069195,,19426,,1583006583,251368999,"""Zero Band""",[-0.0],"[0, 0, 0, 0]"
278.398323774,,19427,,1583006583,255489110,"""Zero Band""",[-0.0],"[0, 0, 0, 0]"
278.400300503,,19428,,1583006583,257450103,"""Zero Band""",[-0.0],"[0, 0, 0, 0]"
278.410739899,,19429,,1583006583,267533063,"""Zero Band""",[-0.0],"[0, 0, 0, 0]"
278.420796394,,19430,,1583006583,277533054,"""Zero Band""",[-0.0],"[0, 0, 0, 0]"
278.440414429,,19431,,1583006583,297497987,"""Zero Band""",[-0.0],"[0, 0, 0, 0]"
278.442011595,,19432,,1583006583,299320936,"""Zero Band""",[-0.0],"[0, 0, 0, 0]"
278.444206953,,19433,,1583006583,301419019,"""Zero Band""",[-0.0],"[0, 0, 0, 0]"
278.45260191,,19434,,1583006583,309463024,"""Zero Band""",[-0.0],"[0, 0, 0, 0]"
278.47865057,,19435,,1583006583,335500955,"""Zero Band""",[-0.0],"[0, 0, 0, 0]"
278.486466646,,19436,,1583006583,343422889,"""Zero Band""",[0.0016592431347817183],"[0, 0, 0, 0]"
278.498440504,,19437,,1583006583,351422071,"""Soft Sip""",[0.012485282495617867],"[0, 0, 1, 0]"
278.505127907,,19438,,1583006583,356471061,"""Soft Sip""",[0.023343447595834732],"[0, 0, 1, 0]"
278.510547161,,19439,,1583006583,363204956,"""Soft Sip""",[0.03420161083340645],"[0, 0, 1, 0]"
278.515403271,,19440,,1583006583,368613958,"""Soft Sip""",[0.04505977779626846],"[0, 0, 1, 0]"
278.520684242,,19441,,1583006583,373436927,"""Soft Sip""",[0.05591794103384018],"[0, 0, 1, 0]"
278.527103186,,19442,,1583006583,378799915,"""Soft Sip""",[0.06674397736787796],"[0, 0, 1, 0]"
278.532301664,,19443,,1583006583,385114908,"""Soft Sip""",[0.07760214805603027],"[0, 0, 1, 0]"
278.538560867,,19444,,1583006583,390378952,"""Soft Sip""",[0.08846031129360199],"[0, 0, 1, 0]"
278.543894053,,19445,,1583006583,396661043,"""Soft Sip""",[0.0993184745311737],"[0, 0, 1, 0]"
278.548481226,,19446,,1583006583,401762962,"""Soft Sip""",[0.11017663776874542],"[0, 0, 1, 0]"
278.553860903,,19447,,1583006583,406476020,"""Soft Sip""",[0.12103480100631714],"[0, 0, 1, 0]"
278.560441971,,19448,,1583006583,411735057,"""Soft Sip""",[0.13186083734035492],"[0, 0, 1, 0]"
278.568245649,,19449,,1583006583,418407917,"""Soft Sip""",[0.14271900057792664],"[0, 0, 1, 0]"
278.573230028,,19450,,1583006583,426326990,"""Soft Sip""",[0.15357716381549835],"[0, 0, 1, 0]"
278.579581976,,19451,,1583006583,431106090,"""Soft Sip""",[0.17529350519180298],"[0, 0, 1, 0]"
278.586646795,,19452,,1583006583,437814950,"""Soft Sip""",[0.18611954152584076],"[0, 0, 1, 0]"
278.594035149,,19453,,1583006583,444622039,"""Soft Sip""",[0.19697770476341248],"[0, 0, 1, 0]"
278.600732565,,19454,,1583006583,452112913,"""Soft Sip""",[0.2078358680009842],"[0, 0, 1, 0]"
278.606460333,,19455,,1583006583,458714008,"""Soft Sip""",[0.22955219447612762],"[0, 0, 1, 0]"
278.612535954,,19456,,1583006583,464418888,"""Soft Sip""",[0.2403782308101654],"[0, 0, 1, 0]"
278.617990017,,19457,,1583006583,470518112,"""Soft Sip""",[0.2512364089488983],"[0, 0, 1, 0]"
278.624445915,,19458,,1583006583,475965976,"""Soft Sip""",[0.26209455728530884],"[0, 0, 1, 0]"
278.629941702,,19459,,1583006583,482428073,"""Soft Sip""",[0.28381088376045227],"[0, 0, 1, 0]"
278.635798216,,19460,,1583006583,487920045,"""Soft Sip""",[0.2946690618991852],"[0, 0, 1, 0]"
278.636658192,,19461,,1583006583,493798017,"""Soft-Hard Sip Deadband""",[0.30549511313438416],"[0, 0, 0, 0]"
278.637421608,,19462,,1583006583,494662046,"""Soft-Hard Sip Deadband""",[0.3272114396095276],"[0, 0, 0, 0]"
278.638239384,,19463,,1583006583,495548009,"""Soft-Hard Sip Deadband""",[0.3380695879459381],"[0, 0, 0, 0]"
278.638914347,,19464,,1583006583,496217966,"""Soft-Hard Sip Deadband""",[0.348927766084671],"[0, 0, 0, 0]"
278.639615774,,19465,,1583006583,496892929,"""Soft-Hard Sip Deadband""",[0.3597537875175476],"[0, 0, 0, 0]"
278.640354156,,19466,,1583006583,497571945,"""Soft-Hard Sip Deadband""",[0.3706119656562805],"[0, 0, 0, 0]"
278.641026258,,19467,,1583006583,498327970,"""Soft-Hard Sip Deadband""",[0.38147011399269104],"[0, 0, 0, 0]"
278.641697884,,19468,,1583006583,499005079,"""Soft-Hard Sip Deadband""",[0.39232829213142395],"[0, 0, 0, 0]"
278.642414808,,19469,,1583006583,499676942,"""Soft-Hard Sip Deadband""",[0.4031864404678345],"[0, 0, 0, 0]"
278.643273592,,19470,,1583006583,500397920,"""Soft-Hard Sip Deadband""",[0.4140446186065674],"[0, 0, 0, 0]"
278.64400363,,19471,,1583006583,501291036,"""Soft-Hard Sip Deadband""",[0.42487066984176636],"[0, 0, 0, 0]"
278.64511013,,19472,,1583006583,502046108,"""Soft-Hard Sip Deadband""",[0.4357288181781769],"[0, 0, 0, 0]"
278.648292542,,19473,,1583006583,505378007,"""Soft-Hard Sip Deadband""",[0.4465869963169098],"[0, 0, 0, 0]"
278.652343273,,19474,,1583006583,509406089,"""Soft-Hard Sip Deadband""",[0.4574451446533203],"[0, 0, 0, 0]"
278.65459919,,19475,,1583006583,511415004,"""Soft-Hard Sip Deadband""",[0.4683033227920532],"[0, 0, 0, 0]"
278.660550117,,19476,,1583006583,517561912,"""Soft-Hard Sip Deadband""",[0.4791293442249298],"[0, 0, 0, 0]"
278.666498899,,19477,,1583006583,523426055,"""Soft-Hard Sip Deadband""",[0.4899875223636627],"[0, 0, 0, 0]"
278.675848722,,19478,,1583006583,527393102,"""Zero Band""",[0.5008456707000732],"[0, 0, 0, 0]"
278.681780577,,19479,,1583006583,533883094,"""Zero Band""",[0.5117038488388062],"[0, 0, 0, 0]"
278.68751812,,19480,,1583006583,539800882,"""Zero Band""",[0.5225620269775391],"[0, 0, 0, 0]"
278.694425821,,19481,,1583006583,545582056,"""Zero Band""",[0.533388078212738],"[0, 0, 0, 0]"
278.710811853,,19482,,1583006583,561499118,"""Zero Band""",[0.5442461967468262],"[0, 0, 0, 0]"
278.716886759,,19483,,1583006583,568905115,"""Zero Band""",[0.533388078212738],"[0, 0, 0, 0]"
278.728390694,,19484,,1583006583,579463005,"""Zero Band""",[0.5225620269775391],"[0, 0, 0, 0]"
278.770575047,,19485,,1583006583,623502969,"""Zero Band""",[0.5117038488388062],"[0, 0, 0, 0]"
278.778972626,,19486,,1583006583,631409883,"""Zero Band""",[0.5225620269775391],"[0, 0, 0, 0]"
278.788262129,,19487,,1583006583,639496088,"""Zero Band""",[0.5117038488388062],"[0, 0, 0, 0]"
278.803580523,,19488,,1583006583,655407905,"""Zero Band""",[0.5225620269775391],"[0, 0, 0, 0]"
278.814154863,,19489,,1583006583,665427923,"""Zero Band""",[0.533388078212738],"[0, 0, 0, 0]"
278.82378602,,19490,,1583006583,675568103,"""Zero Band""",[0.5442461967468262],"[0, 0, 0, 0]"
278.830225945,,19491,,1583006583,681843042,"""Zero Band""",[0.5551043748855591],"[0, 0, 0, 0]"
278.83637476,,19492,,1583006583,688270092,"""Zero Band""",[0.565962553024292],"[0, 0, 0, 0]"
278.842561007,,19493,,1583006583,694475889,"""Zero Band""",[0.5768207311630249],"[0, 0, 0, 0]"
278.850130081,,19494,,1583006583,700619935,"""Zero Band""",[0.587678849697113],"[0, 0, 0, 0]"
278.858296156,,19495,,1583006583,708168029,"""Zero Band""",[0.598504900932312],"[0, 0, 0, 0]"
278.866218805,,19496,,1583006583,716419935,"""Zero Band""",[0.6093630790710449],"[0, 0, 0, 0]"
278.872895241,,19497,,1583006583,724055051,"""Zero Band""",[0.6202212572097778],"[0, 0, 0, 0]"
278.88032937,,19498,,1583006583,730983972,"""Zero Band""",[0.6310794353485107],"[0, 0, 0, 0]"
278.887956858,,19499,,1583006583,738313913,"""Zero Band""",[0.6419375538825989],"[0, 0, 0, 0]"
278.894078016,,19500,,1583006583,746095895,"""Zero Band""",[0.6527636051177979],"[0, 0, 0, 0]"
278.900416613,,19501,,1583006583,752053976,"""Zero Band""",[0.6636217832565308],"[0, 0, 0, 0]"
278.907351494,,19502,,1583006583,759630918,"""Zero Band""",[0.6744799613952637],"[0, 0, 0, 0]"
278.913495302,,19503,,1583006583,765326023,"""Zero Band""",[0.6853380799293518],"[0, 0, 0, 0]"
278.919879675,,19504,,1583006583,771476984,"""Zero Band""",[0.6961962580680847],"[0, 0, 0, 0]"
278.925155878,,19505,,1583006583,777559041,"""Zero Band""",[0.7070544362068176],"[0, 0, 0, 0]"
278.930695295,,19506,,1583006583,783042907,"""Zero Band""",[0.7178804874420166],"[0, 0, 0, 0]"
278.936304808,,19507,,1583006583,788750886,"""Zero Band""",[0.7070544362068176],"[0, 0, 0, 0]"
278.94180131,,19508,,1583006583,794358968,"""Zero Band""",[0.6961962580680847],"[0, 0, 0, 0]"
278.947205544,,19509,,1583006583,799861907,"""Zero Band""",[0.6853380799293518],"[0, 0, 0, 0]"
278.953809023,,19510,,1583006583,805180072,"""Zero Band""",[0.6636217832565308],"[0, 0, 0, 0]"
278.959479809,,19511,,1583006583,811996936,"""Zero Band""",[0.6527636051177979],"[0, 0, 0, 0]"
278.963996172,,19512,,1583006583,817455053,"""Zero Band""",[0.6419375538825989],"[0, 0, 0, 0]"
278.969797373,,19513,,1583006583,822103023,"""Zero Band""",[0.6310794353485107],"[0, 0, 0, 0]"
278.976359606,,19514,,1583006583,827804088,"""Zero Band""",[0.6093630790710449],"[0, 0, 0, 0]"
278.981794119,,19515,,1583006583,834367036,"""Zero Band""",[0.598504900932312],"[0, 0, 0, 0]"
278.989039183,,19516,,1583006583,839762926,"""Zero Band""",[0.587678849697113],"[0, 0, 0, 0]"
278.996019602,,19517,,1583006583,847059011,"""Zero Band""",[0.565962553024292],"[0, 0, 0, 0]"
279.002002478,,19518,,1583006583,854157924,"""Zero Band""",[0.5551043748855591],"[0, 0, 0, 0]"
279.008346081,,19519,,1583006583,859977960,"""Zero Band""",[0.5442461967468262],"[0, 0, 0, 0]"
279.013908148,,19520,,1583006583,866338014,"""Zero Band""",[0.533388078212738],"[0, 0, 0, 0]"
279.019146681,,19521,,1583006583,871887922,"""Zero Band""",[0.5117038488388062],"[0, 0, 0, 0]"
279.025160074,,19522,,1583006583,877417087,"""Zero Band""",[0.5008456707000732],"[0, 0, 0, 0]"
279.025666714,,19523,,1583006583,882911920,"""Soft-Hard Sip Deadband""",[0.4791293442249298],"[0, 0, 0, 0]"
279.026345253,,19524,,1583006583,883637905,"""Soft-Hard Sip Deadband""",[0.4574451446533203],"[0, 0, 0, 0]"
279.027020931,,19525,,1583006583,884318113,"""Soft-Hard Sip Deadband""",[0.4465869963169098],"[0, 0, 0, 0]"
279.027760744,,19526,,1583006583,884989023,"""Soft-Hard Sip Deadband""",[0.4140446186065674],"[0, 0, 0, 0]"
279.028477669,,19527,,1583006583,885735988,"""Soft-Hard Sip Deadband""",[0.4031864404678345],"[0, 0, 0, 0]"
279.029195547,,19528,,1583006583,886462926,"""Soft-Hard Sip Deadband""",[0.38147011399269104],"[0, 0, 0, 0]"
279.029974699,,19529,,1583006583,887192010,"""Soft-Hard Sip Deadband""",[0.3597537875175476],"[0, 0, 0, 0]"
279.030694008,,19530,,1583006583,887960910,"""Soft-Hard Sip Deadband""",[0.3380695879459381],"[0, 0, 0, 0]"
279.031412125,,19531,,1583006583,888675928,"""Soft-Hard Sip Deadband""",[0.3272114396095276],"[0, 0, 0, 0]"
279.032263041,,19532,,1583006583,889391899,"""Soft-Hard Sip Deadband""",[0.30549511313438416],"[0, 0, 0, 0]"
279.037845612,,19533,,1583006583,890153884,"""Soft Sip""",[0.2946690618991852],"[0, 0, 1, 0]"
279.043898344,,19534,,1583006583,895977020,"""Soft Sip""",[0.27295273542404175],"[0, 0, 1, 0]"
279.048786402,,19535,,1583006583,901879072,"""Soft Sip""",[0.26209455728530884],"[0, 0, 1, 0]"
279.054781437,,19536,,1583006583,906634092,"""Soft Sip""",[0.2512364089488983],"[0, 0, 1, 0]"
279.061224937,,19537,,1583006583,912553071,"""Soft Sip""",[0.2403782308101654],"[0, 0, 1, 0]"
279.06828618,,19538,,1583006583,919198036,"""Soft Sip""",[0.22955219447612762],"[0, 0, 1, 0]"
279.074983597,,19539,,1583006583,926265001,"""Soft Sip""",[0.2186940312385559],"[0, 0, 1, 0]"
279.081496239,,19540,,1583006583,933111906,"""Soft Sip""",[0.2078358680009842],"[0, 0, 1, 0]"
279.087917089,,19541,,1583006583,939497947,"""Soft Sip""",[0.2186940312385559],"[0, 0, 1, 0]"
279.092848539,,19542,,1583006583,945895910,"""Soft Sip""",[0.22955219447612762],"[0, 0, 1, 0]"
279.098588943,,19543,,1583006583,950983047,"""Soft Sip""",[0.2403782308101654],"[0, 0, 1, 0]"
279.105772257,,19544,,1583006583,956604003,"""Soft Sip""",[0.2512364089488983],"[0, 0, 1, 0]"
279.11116147,,19545,,1583006583,963751077,"""Soft Sip""",[0.26209455728530884],"[0, 0, 1, 0]"
279.116631985,,19546,,1583006583,969142913,"""Soft Sip""",[0.27295273542404175],"[0, 0, 1, 0]"
279.123112917,,19547,,1583006583,974534988,"""Soft Sip""",[0.28381088376045227],"[0, 0, 1, 0]"
279.127890587,,19548,,1583006583,981092929,"""Soft Sip""",[0.2946690618991852],"[0, 0, 1, 0]"
279.128683329,,19549,,1583006583,985865116,"""Soft-Hard Sip Deadband""",[0.30549511313438416],"[0, 0, 0, 0]"
279.129484653,,19550,,1583006583,986660003,"""Soft-Hard Sip Deadband""",[0.3163532614707947],"[0, 0, 0, 0]"
279.130278349,,19551,,1583006583,987464904,"""Soft-Hard Sip Deadband""",[0.3272114396095276],"[0, 0, 0, 0]"
279.13119936,,19552,,1583006583,988380908,"""Soft-Hard Sip Deadband""",[0.3380695879459381],"[0, 0, 0, 0]"
279.13199544,,19553,,1583006583,989165067,"""Soft-Hard Sip Deadband""",[0.348927766084671],"[0, 0, 0, 0]"
279.132928371,,19554,,1583006583,989968061,"""Soft-Hard Sip Deadband""",[0.3597537875175476],"[0, 0, 0, 0]"
279.133446693,,19555,,1583006583,990690946,"""Soft-Hard Sip Deadband""",[0.3706119656562805],"[0, 0, 0, 0]"
279.134323359,,19556,,1583006583,991441011,"""Soft-Hard Sip Deadband""",[0.38147011399269104],"[0, 0, 0, 0]"
279.135125875,,19557,,1583006583,992392063,"""Soft-Hard Sip Deadband""",[0.39232829213142395],"[0, 0, 0, 0]"
279.136289835,,19558,,1583006583,993096113,"""Soft-Hard Sip Deadband""",[0.4031864404678345],"[0, 0, 0, 0]"
279.137080193,,19559,,1583006583,994117021,"""Soft-Hard Sip Deadband""",[0.4140446186065674],"[0, 0, 0, 0]"
279.138216257,,19560,,1583006583,995044946,"""Soft-Hard Sip Deadband""",[0.42487066984176636],"[0, 0, 0, 0]"
279.139127731,,19561,,1583006583,996248960,"""Soft-Hard Sip Deadband""",[0.4140446186065674],"[0, 0, 0, 0]"
279.14012289,,19562,,1583006583,997159957,"""Soft-Hard Sip Deadband""",[0.4031864404678345],"[0, 0, 0, 0]"
279.142346144,,19563,,1583006583,999422073,"""Soft-Hard Sip Deadband""",[0.39232829213142395],"[0, 0, 0, 0]"
279.144332647,,19564,,1583006584,1391887,"""Soft-Hard Sip Deadband""",[0.38147011399269104],"[0, 0, 0, 0]"
279.146120787,,19565,,1583006584,3376960,"""Soft-Hard Sip Deadband""",[0.3706119656562805],"[0, 0, 0, 0]"
279.150198698,,19566,,1583006584,7386922,"""Soft-Hard Sip Deadband""",[0.3597537875175476],"[0, 0, 0, 0]"
279.152160883,,19567,,1583006584,9366035,"""Soft-Hard Sip Deadband""",[0.348927766084671],"[0, 0, 0, 0]"
279.154671192,,19568,,1583006584,11435985,"""Soft-Hard Sip Deadband""",[0.3380695879459381],"[0, 0, 0, 0]"
279.158645391,,19569,,1583006584,15485048,"""Soft-Hard Sip Deadband""",[0.3272114396095276],"[0, 0, 0, 0]"
279.160284281,,19570,,1583006584,17416000,"""Soft-Hard Sip Deadband""",[0.30549511313438416],"[0, 0, 0, 0]"
279.165930271,,19571,,1583006584,19355058,"""Soft Sip""",[0.2946690618991852],"[0, 0, 1, 0]"
279.172604561,,19572,,1583006584,24012088,"""Soft Sip""",[0.27295273542404175],"[0, 0, 1, 0]"
279.178704739,,19573,,1583006584,30699014,"""Soft Sip""",[0.26209455728530884],"[0, 0, 1, 0]"
279.183508873,,19574,,1583006584,36778926,"""Soft Sip""",[0.2403782308101654],"[0, 0, 1, 0]"
279.18937993,,19575,,1583006584,41487932,"""Soft Sip""",[0.22955219447612762],"[0, 0, 1, 0]"
279.196443319,,19576,,1583006584,47424077,"""Soft Sip""",[0.2078358680009842],"[0, 0, 1, 0]"
279.201646328,,19577,,1583006584,54475069,"""Soft Sip""",[0.18611954152584076],"[0, 0, 1, 0]"
279.207229376,,19578,,1583006584,59745073,"""Soft Sip""",[0.17529350519180298],"[0, 0, 1, 0]"
279.212909222,,19579,,1583006584,65210103,"""Soft Sip""",[0.15357716381549835],"[0, 0, 1, 0]"
279.217259407,,19580,,1583006584,70888042,"""Soft Sip""",[0.13186083734035492],"[0, 0, 1, 0]"
279.222160578,,19581,,1583006584,75269937,"""Soft Sip""",[0.12103480100631714],"[0, 0, 1, 0]"
279.229805231,,19582,,1583006584,80272912,"""Soft Sip""",[0.11017663776874542],"[0, 0, 1, 0]"
279.235176086,,19583,,1583006584,87594985,"""Soft Sip""",[0.08846031129360199],"[0, 0, 1, 0]"
279.239992142,,19584,,1583006584,93146085,"""Soft Sip""",[0.07760214805603027],"[0, 0, 1, 0]"
279.246105671,,19585,,1583006584,97976922,"""Soft Sip""",[0.06674397736787796],"[0, 0, 1, 0]"
279.251699686,,19586,,1583006584,104079008,"""Soft Sip""",[0.05591794103384018],"[0, 0, 1, 0]"
279.256606817,,19587,,1583006584,109841108,"""Soft Sip""",[0.04505977779626846],"[0, 0, 1, 0]"
279.263612986,,19588,,1583006584,114604949,"""Soft Sip""",[0.03420161083340645],"[0, 0, 1, 0]"
279.26859808,,19589,,1583006584,121613979,"""Soft Sip""",[0.023343447595834732],"[0, 0, 1, 0]"
279.273205042,,19590,,1583006584,126606941,"""Soft Sip""",[0.012485282495617867],"[0, 0, 1, 0]"
279.274129391,,19591,,1583006584,131194114,"""Zero Band""",[0.0016592431347817183],"[0, 0, 0, 0]"
279.274988174,,19592,,1583006584,132136106,"""Zero Band""",[-0.0],"[0, 0, 0, 0]"
279.276036501,,19593,,1583006584,133090972,"""Zero Band""",[-0.0],"[0, 0, 0, 0]"
279.277307987,,19594,,1583006584,134007930,"""Zero Band""",[-0.0],"[0, 0, 0, 0]"
279.278187513,,19595,,1583006584,135272026,"""Zero Band""",[-0.0],"[0, 0, 0, 0]"
279.279152632,,19596,,1583006584,136269092,"""Zero Band""",[-0.0],"[0, 0, 0, 0]"
279.280006886,,19597,,1583006584,137139081,"""Zero Band""",[-0.0],"[0, 0, 0, 0]"
279.284361601,,19598,,1583006584,141423940,"""Zero Band""",[-0.0],"[0, 0, 0, 0]"
279.288506985,,19599,,1583006584,145415067,"""Zero Band""",[-0.0],"[0, 0, 0, 0]"
279.290719748,,19600,,1583006584,147423028,"""Zero Band""",[-0.0],"[0, 0, 0, 0]"
279.308631182,,19601,,1583006584,165493011,"""Zero Band""",[0.0016592431347817183],"[0, 0, 0, 0]"
279.332618475,,19602,,1583006584,189467906,"""Zero Band""",[-0.0],"[0, 0, 0, 0]"
279.352575302,,19603,,1583006584,209460020,"""Zero Band""",[-0.0],"[0, 0, 0, 0]"
279.358566761,,19604,,1583006584,215430974,"""Zero Band""",[-0.0],"[0, 0, 0, 0]"
279.360164165,,19605,,1583006584,217360973,"""Zero Band""",[-0.0],"[0, 0, 0, 0]"
279.362123251,,19606,,1583006584,219378948,"""Zero Band""",[-0.0],"[0, 0, 0, 0]"
279.376417398,,19607,,1583006584,233489990,"""Zero Band""",[0.0016592431347817183],"[0, 0, 0, 0]"
279.391982317,,19608,,1583006584,243448972,"""Soft Sip""",[0.012485282495617867],"[0, 0, 1, 0]"
279.399421453,,19609,,1583006584,251374006,"""Soft Sip""",[0.023343447595834732],"[0, 0, 1, 0]"
279.415190697,,19610,,1583006584,267496109,"""Soft Sip""",[0.03420161083340645],"[0, 0, 1, 0]"
279.4211092,,19611,,1583006584,273230075,"""Soft Sip""",[0.023343447595834732],"[0, 0, 1, 0]"
279.426295042,,19612,,1583006584,279215097,"""Soft Sip""",[0.03420161083340645],"[0, 0, 1, 0]"
279.432376146,,19613,,1583006584,284430980,"""Soft Sip""",[0.023343447595834732],"[0, 0, 1, 0]"
279.439192295,,19614,,1583006584,290429115,"""Soft Sip""",[0.03420161083340645],"[0, 0, 1, 0]"
279.449623108,,19615,,1583006584,301420927,"""Soft Sip""",[0.04505977779626846],"[0, 0, 1, 0]"
279.460865974,,19616,,1583006584,313482046,"""Soft Sip""",[0.05591794103384018],"[0, 0, 1, 0]"
279.466134071,,19617,,1583006584,319370985,"""Soft Sip""",[0.06674397736787796],"[0, 0, 1, 0]"
279.475972652,,19618,,1583006584,327445030,"""Soft Sip""",[0.07760214805603027],"[0, 0, 1, 0]"
279.48192668,,19619,,1583006584,334003925,"""Soft Sip""",[0.08846031129360199],"[0, 0, 1, 0]"
279.489570856,,19620,,1583006584,339993000,"""Soft Sip""",[0.0993184745311737],"[0, 0, 1, 0]"
279.495154381,,19621,,1583006584,347649097,"""Soft Sip""",[0.11017663776874542],"[0, 0, 1, 0]"
279.50009203,,19622,,1583006584,353399991,"""Soft Sip""",[0.12103480100631714],"[0, 0, 1, 0]"
279.505916357,,19623,,1583006584,358124017,"""Soft Sip""",[0.13186083734035492],"[0, 0, 1, 0]"
279.514161587,,19624,,1583006584,365458965,"""Soft Sip""",[0.14271900057792664],"[0, 0, 1, 0]"
279.52008152,,19625,,1583006584,372103929,"""Soft Sip""",[0.15357716381549835],"[0, 0, 1, 0]"
279.544703245,,19626,,1583006584,395593881,"""Soft Sip""",[0.14271900057792664],"[0, 0, 1, 0]"
279.551172018,,19627,,1583006584,403383970,"""Soft Sip""",[0.13186083734035492],"[0, 0, 1, 0]"
279.556560278,,19628,,1583006584,409218072,"""Soft Sip""",[0.12103480100631714],"[0, 0, 1, 0]"
279.562844515,,19629,,1583006584,415381908,"""Soft Sip""",[0.11017663776874542],"[0, 0, 1, 0]"
279.568071604,,19630,,1583006584,420880079,"""Soft Sip""",[0.0993184745311737],"[0, 0, 1, 0]"
279.573960066,,19631,,1583006584,426115036,"""Soft Sip""",[0.08846031129360199],"[0, 0, 1, 0]"
279.58042264,,19632,,1583006584,432044982,"""Soft Sip""",[0.07760214805603027],"[0, 0, 1, 0]"
279.585827351,,19633,,1583006584,438574075,"""Soft Sip""",[0.06674397736787796],"[0, 0, 1, 0]"
279.592237473,,19634,,1583006584,443941116,"""Soft Sip""",[0.05591794103384018],"[0, 0, 1, 0]"
279.599048615,,19635,,1583006584,450233936,"""Soft Sip""",[0.04505977779626846],"[0, 0, 1, 0]"
279.604107857,,19636,,1583006584,457140922,"""Soft Sip""",[0.03420161083340645],"[0, 0, 1, 0]"
279.609975338,,19637,,1583006584,462296009,"""Soft Sip""",[0.023343447595834732],"[0, 0, 1, 0]"
279.616025209,,19638,,1583006584,467703104,"""Soft Sip""",[0.03420161083340645],"[0, 0, 1, 0]"
279.622957468,,19639,,1583006584,475465059,"""Soft Sip""",[0.04505977779626846],"[0, 0, 1, 0]"
279.630962372,,19640,,1583006584,483432054,"""Soft Sip""",[0.05591794103384018],"[0, 0, 1, 0]"
279.637607574,,19641,,1583006584,489051103,"""Soft Sip""",[0.06674397736787796],"[0, 0, 1, 0]"
279.644729137,,19642,,1583006584,495626926,"""Soft Sip""",[0.07760214805603027],"[0, 0, 1, 0]"
279.651350737,,19643,,1583006584,502777099,"""Soft Sip""",[0.08846031129360199],"[0, 0, 1, 0]"
279.658454418,,19644,,1583006584,509392976,"""Soft Sip""",[0.0993184745311737],"[0, 0, 1, 0]"
279.663266182,,19645,,1583006584,516519069,"""Soft Sip""",[0.11017663776874542],"[0, 0, 1, 0]"
279.669092894,,19646,,1583006584,521326065,"""Soft Sip""",[0.12103480100631714],"[0, 0, 1, 0]"
279.676444292,,19647,,1583006584,527178049,"""Soft Sip""",[0.13186083734035492],"[0, 0, 1, 0]"
279.681591749,,19648,,1583006584,534466981,"""Soft Sip""",[0.14271900057792664],"[0, 0, 1, 0]"
279.688229322,,19649,,1583006584,539706945,"""Soft Sip""",[0.15357716381549835],"[0, 0, 1, 0]"
279.694309473,,19650,,1583006584,546179056,"""Soft Sip""",[0.16443534195423126],"[0, 0, 1, 0]"
279.699484825,,19651,,1583006584,552299976,"""Soft Sip""",[0.17529350519180298],"[0, 0, 1, 0]"
279.706068277,,19652,,1583006584,557533979,"""Soft Sip""",[0.18611954152584076],"[0, 0, 1, 0]"
279.713074207,,19653,,1583006584,564178943,"""Soft Sip""",[0.19697770476341248],"[0, 0, 1, 0]"
279.718900681,,19654,,1583006584,571073055,"""Soft Sip""",[0.2078358680009842],"[0, 0, 1, 0]"
279.724098682,,19655,,1583006584,576600074,"""Soft Sip""",[0.2186940312385559],"[0, 0, 1, 0]"
279.729937077,,19656,,1583006584,582129955,"""Soft Sip""",[0.22955219447612762],"[0, 0, 1, 0]"
279.734422684,,19657,,1583006584,588006973,"""Soft Sip""",[0.2403782308101654],"[0, 0, 1, 0]"
279.739611149,,19658,,1583006584,592396974,"""Soft Sip""",[0.2512364089488983],"[0, 0, 1, 0]"
279.74625206,,19659,,1583006584,597744941,"""Soft Sip""",[0.26209455728530884],"[0, 0, 1, 0]"
279.752855778,,19660,,1583006584,604233026,"""Soft Sip""",[0.27295273542404175],"[0, 0, 1, 0]"
279.758528948,,19661,,1583006584,610862970,"""Soft Sip""",[0.28381088376045227],"[0, 0, 1, 0]"
279.764365673,,19662,,1583006584,616561889,"""Soft Sip""",[0.2946690618991852],"[0, 0, 1, 0]"
279.765189409,,19663,,1583006584,622342109,"""Soft-Hard Sip Deadband""",[0.30549511313438416],"[0, 0, 0, 0]"
279.765877247,,19664,,1583006584,623188018,"""Soft-Hard Sip Deadband""",[0.3163532614707947],"[0, 0, 0, 0]"
279.766616583,,19665,,1583006584,623929977,"""Soft-Hard Sip Deadband""",[0.30549511313438416],"[0, 0, 0, 0]"
279.772498369,,19666,,1583006584,625407934,"""Soft Sip""",[0.2946690618991852],"[0, 0, 1, 0]"
279.780851603,,19667,,1583006584,633476972,"""Soft Sip""",[0.28381088376045227],"[0, 0, 1, 0]"
279.788562298,,19668,,1583006584,641453027,"""Soft Sip""",[0.27295273542404175],"[0, 0, 1, 0]"
279.795565844,,19669,,1583006584,647383928,"""Soft Sip""",[0.26209455728530884],"[0, 0, 1, 0]"
279.802047491,,19670,,1583006584,653614044,"""Soft Sip""",[0.2512364089488983],"[0, 0, 1, 0]"
279.807394266,,19671,,1583006584,660099983,"""Soft Sip""",[0.2403782308101654],"[0, 0, 1, 0]"
279.813839912,,19672,,1583006584,665445089,"""Soft Sip""",[0.22955219447612762],"[0, 0, 1, 0]"
279.822800636,,19673,,1583006584,675370931,"""Soft Sip""",[0.2186940312385559],"[0, 0, 1, 0]"
279.91083622,,19674,,1583006584,763596057,"""Soft Sip""",[0.22955219447612762],"[0, 0, 1, 0]"
279.930798292,,19675,,1583006584,783610105,"""Soft Sip""",[0.2403782308101654],"[0, 0, 1, 0]"
279.935195923,,19676,,1583006584,788857936,"""Soft Sip""",[0.2512364089488983],"[0, 0, 1, 0]"
279.970645666,,19677,,1583006584,821471929,"""Soft Sip""",[0.26209455728530884],"[0, 0, 1, 0]"
279.99519062,,19678,,1583006584,847471952,"""Soft Sip""",[0.27295273542404175],"[0, 0, 1, 0]"
280.001491308,,19679,,1583006584,853271007,"""Soft Sip""",[0.26209455728530884],"[0, 0, 1, 0]"
280.007196426,,19680,,1583006584,859591007,"""Soft Sip""",[0.27295273542404175],"[0, 0, 1, 0]"
280.018593073,,19681,,1583006584,871481895,"""Soft Sip""",[0.28381088376045227],"[0, 0, 1, 0]"
280.029907227,,19682,,1583006584,881531000,"""Soft Sip""",[0.2946690618991852],"[0, 0, 1, 0]"
280.030991554,,19683,,1583006584,887830018,"""Soft-Hard Sip Deadband""",[0.30549511313438416],"[0, 0, 0, 0]"
280.038721561,,19684,,1583006584,895544052,"""Soft-Hard Sip Deadband""",[0.3163532614707947],"[0, 0, 0, 0]"
280.042430401,,19685,,1583006584,899394989,"""Soft-Hard Sip Deadband""",[0.3272114396095276],"[0, 0, 0, 0]"
280.048441648,,19686,,1583006584,905464887,"""Soft-Hard Sip Deadband""",[0.3380695879459381],"[0, 0, 0, 0]"
280.052172661,,19687,,1583006584,909353971,"""Soft-Hard Sip Deadband""",[0.348927766084671],"[0, 0, 0, 0]"
280.05829072,,19688,,1583006584,915415048,"""Soft-Hard Sip Deadband""",[0.3597537875175476],"[0, 0, 0, 0]"
280.060187101,,19689,,1583006584,917404890,"""Soft-Hard Sip Deadband""",[0.3706119656562805],"[0, 0, 0, 0]"
280.066426754,,19690,,1583006584,923444986,"""Soft-Hard Sip Deadband""",[0.38147011399269104],"[0, 0, 0, 0]"
280.070927143,,19691,,1583006584,927546977,"""Soft-Hard Sip Deadband""",[0.39232829213142395],"[0, 0, 0, 0]"
280.076621771,,19692,,1583006584,933413028,"""Soft-Hard Sip Deadband""",[0.4031864404678345],"[0, 0, 0, 0]"
280.082474232,,19693,,1583006584,939378976,"""Soft-Hard Sip Deadband""",[0.4140446186065674],"[0, 0, 0, 0]"
280.086558819,,19694,,1583006584,943389892,"""Soft-Hard Sip Deadband""",[0.42487066984176636],"[0, 0, 0, 0]"
280.092517614,,19695,,1583006584,949465036,"""Soft-Hard Sip Deadband""",[0.4357288181781769],"[0, 0, 0, 0]"
280.096229792,,19696,,1583006584,953367948,"""Soft-Hard Sip Deadband""",[0.4465869963169098],"[0, 0, 0, 0]"
280.102308989,,19697,,1583006584,959395885,"""Soft-Hard Sip Deadband""",[0.4574451446533203],"[0, 0, 0, 0]"
280.108152151,,19698,,1583006584,965356111,"""Soft-Hard Sip Deadband""",[0.4683033227920532],"[0, 0, 0, 0]"
280.112259388,,19699,,1583006584,969384908,"""Soft-Hard Sip Deadband""",[0.4791293442249298],"[0, 0, 0, 0]"
280.120731115,,19700,,1583006584,977504968,"""Soft-Hard Sip Deadband""",[0.4899875223636627],"[0, 0, 0, 0]"
280.130657911,,19701,,1583006584,983428001,"""Zero Band""",[0.5008456707000732],"[0, 0, 0, 0]"
280.137944937,,19702,,1583006584,991363048,"""Zero Band""",[0.5117038488388062],"[0, 0, 0, 0]"
280.167991638,,19703,,1583006585,19572019,"""Zero Band""",[0.5008456707000732],"[0, 0, 0, 0]"
280.186813593,,19704,,1583006585,43479919,"""Soft-Hard Sip Deadband""",[0.4899875223636627],"[0, 0, 0, 0]"
280.195013285,,19705,,1583006585,51517009,"""Soft-Hard Sip Deadband""",[0.4791293442249298],"[0, 0, 0, 0]"
280.198452473,,19706,,1583006585,55409908,"""Soft-Hard Sip Deadband""",[0.4683033227920532],"[0, 0, 0, 0]"
280.206680298,,19707,,1583006585,63467979,"""Soft-Hard Sip Deadband""",[0.4574451446533203],"[0, 0, 0, 0]"
280.21280551,,19708,,1583006585,69580078,"""Soft-Hard Sip Deadband""",[0.4465869963169098],"[0, 0, 0, 0]"
280.220496655,,19709,,1583006585,77451944,"""Soft-Hard Sip Deadband""",[0.4357288181781769],"[0, 0, 0, 0]"
280.232708693,,19710,,1583006585,89462995,"""Soft-Hard Sip Deadband""",[0.42487066984176636],"[0, 0, 0, 0]"
280.242839336,,19711,,1583006585,99520921,"""Soft-Hard Sip Deadband""",[0.4140446186065674],"[0, 0, 0, 0]"
280.252783537,,19712,,1583006585,109487056,"""Soft-Hard Sip Deadband""",[0.4031864404678345],"[0, 0, 0, 0]"
280.264754057,,19713,,1583006585,121512889,"""Soft-Hard Sip Deadband""",[0.39232829213142395],"[0, 0, 0, 0]"
280.268512487,,19714,,1583006585,125478029,"""Soft-Hard Sip Deadband""",[0.38147011399269104],"[0, 0, 0, 0]"
280.278310299,,19715,,1583006585,135395050,"""Soft-Hard Sip Deadband""",[0.3706119656562805],"[0, 0, 0, 0]"
280.302521467,,19716,,1583006585,159449100,"""Soft-Hard Sip Deadband""",[0.3597537875175476],"[0, 0, 0, 0]"
280.304680586,,19717,,1583006585,161417961,"""Soft-Hard Sip Deadband""",[0.3706119656562805],"[0, 0, 0, 0]"
280.308494091,,19718,,1583006585,165415048,"""Soft-Hard Sip Deadband""",[0.3597537875175476],"[0, 0, 0, 0]"
280.316464424,,19719,,1583006585,173405885,"""Soft-Hard Sip Deadband""",[0.3706119656562805],"[0, 0, 0, 0]"
280.342902899,,19720,,1583006585,199508905,"""Soft-Hard Sip Deadband""",[0.38147011399269104],"[0, 0, 0, 0]"
280.356873989,,19721,,1583006585,213476896,"""Soft-Hard Sip Deadband""",[0.39232829213142395],"[0, 0, 0, 0]"
280.372711897,,19722,,1583006585,229505062,"""Soft-Hard Sip Deadband""",[0.4031864404678345],"[0, 0, 0, 0]"
280.389104843,,19723,,1583006585,245524883,"""Soft-Hard Sip Deadband""",[0.4140446186065674],"[0, 0, 0, 0]"
280.390576839,,19724,,1583006585,247406005,"""Soft-Hard Sip Deadband""",[0.4031864404678345],"[0, 0, 0, 0]"
280.394697666,,19725,,1583006585,251466989,"""Soft-Hard Sip Deadband""",[0.4140446186065674],"[0, 0, 0, 0]"
280.396264553,,19726,,1583006585,253386020,"""Soft-Hard Sip Deadband""",[0.4031864404678345],"[0, 0, 0, 0]"
280.404799223,,19727,,1583006585,261470079,"""Soft-Hard Sip Deadband""",[0.39232829213142395],"[0, 0, 0, 0]"
280.412579536,,19728,,1583006585,269408941,"""Soft-Hard Sip Deadband""",[0.38147011399269104],"[0, 0, 0, 0]"
280.416307449,,19729,,1583006585,273370981,"""Soft-Hard Sip Deadband""",[0.3706119656562805],"[0, 0, 0, 0]"
280.422456503,,19730,,1583006585,279385089,"""Soft-Hard Sip Deadband""",[0.3597537875175476],"[0, 0, 0, 0]"
280.424592733,,19731,,1583006585,281464099,"""Soft-Hard Sip Deadband""",[0.348927766084671],"[0, 0, 0, 0]"
280.430568457,,19732,,1583006585,287420988,"""Soft-Hard Sip Deadband""",[0.3380695879459381],"[0, 0, 0, 0]"
280.434471607,,19733,,1583006585,291428089,"""Soft-Hard Sip Deadband""",[0.3272114396095276],"[0, 0, 0, 0]"
280.438666344,,19734,,1583006585,295433998,"""Soft-Hard Sip Deadband""",[0.3163532614707947],"[0, 0, 0, 0]"
280.440271378,,19735,,1583006585,297435045,"""Soft-Hard Sip Deadband""",[0.30549511313438416],"[0, 0, 0, 0]"
280.45029664,,19736,,1583006585,303406000,"""Soft Sip""",[0.2946690618991852],"[0, 0, 1, 0]"
280.45541954,,19737,,1583006585,308358907,"""Soft Sip""",[0.28381088376045227],"[0, 0, 1, 0]"
280.460363865,,19738,,1583006585,313477993,"""Soft Sip""",[0.27295273542404175],"[0, 0, 1, 0]"
280.46680522,,19739,,1583006585,318422079,"""Soft Sip""",[0.26209455728530884],"[0, 0, 1, 0]"
280.472016096,,19740,,1583006585,324834108,"""Soft Sip""",[0.2512364089488983],"[0, 0, 1, 0]"
280.478533268,,19741,,1583006585,330039978,"""Soft Sip""",[0.2403782308101654],"[0, 0, 1, 0]"
280.485893488,,19742,,1583006585,336643934,"""Soft Sip""",[0.22955219447612762],"[0, 0, 1, 0]"
280.492137194,,19743,,1583006585,343971014,"""Soft Sip""",[0.2186940312385559],"[0, 0, 1, 0]"
280.499062061,,19744,,1583006585,350253105,"""Soft Sip""",[0.2078358680009842],"[0, 0, 1, 0]"
280.506246805,,19745,,1583006585,357163906,"""Soft Sip""",[0.19697770476341248],"[0, 0, 1, 0]"
280.512682199,,19746,,1583006585,364392042,"""Soft Sip""",[0.18611954152584076],"[0, 0, 1, 0]"
280.52880168,,19747,,1583006585,381506919,"""Soft Sip""",[0.19697770476341248],"[0, 0, 1, 0]"
280.536998034,,19748,,1583006585,389455080,"""Soft Sip""",[0.2078358680009842],"[0, 0, 1, 0]"
280.545138597,,19749,,1583006585,395395040,"""Soft Sip""",[0.2186940312385559],"[0, 0, 1, 0]"
280.552008629,,19750,,1583006585,403408050,"""Soft Sip""",[0.22955219447612762],"[0, 0, 1, 0]"
280.55792594,,19751,,1583006585,410124063,"""Soft Sip""",[0.2403782308101654],"[0, 0, 1, 0]"
280.563949823,,19752,,1583006585,417403936,"""Soft Sip""",[0.2512364089488983],"[0, 0, 1, 0]"
280.574068546,,19753,,1583006585,425380945,"""Soft Sip""",[0.26209455728530884],"[0, 0, 1, 0]"
280.580705881,,19754,,1583006585,433480024,"""Soft Sip""",[0.27295273542404175],"[0, 0, 1, 0]"
280.594300985,,19755,,1583006585,445427894,"""Soft Sip""",[0.28381088376045227],"[0, 0, 1, 0]"
280.616400719,,19756,,1583006585,467603921,"""Soft Sip""",[0.27295273542404175],"[0, 0, 1, 0]"
280.621485949,,19757,,1583006585,474492073,"""Soft Sip""",[0.26209455728530884],"[0, 0, 1, 0]"
280.629069328,,19758,,1583006585,480262041,"""Soft Sip""",[0.2512364089488983],"[0, 0, 1, 0]"
280.634461164,,19759,,1583006585,487143993,"""Soft Sip""",[0.2403782308101654],"[0, 0, 1, 0]"
280.640921831,,19760,,1583006585,492506980,"""Soft Sip""",[0.22955219447612762],"[0, 0, 1, 0]"
280.647799253,,19761,,1583006585,499010086,"""Soft Sip""",[0.2186940312385559],"[0, 0, 1, 0]"
280.653925419,,19762,,1583006585,505553960,"""Soft Sip""",[0.2078358680009842],"[0, 0, 1, 0]"
280.65958643,,19763,,1583006585,511902093,"""Soft Sip""",[0.19697770476341248],"[0, 0, 1, 0]"
280.665459871,,19764,,1583006585,517672061,"""Soft Sip""",[0.18611954152584076],"[0, 0, 1, 0]"
280.671342134,,19765,,1583006585,523333072,"""Soft Sip""",[0.17529350519180298],"[0, 0, 1, 0]"
280.677968264,,19766,,1583006585,529467105,"""Soft Sip""",[0.16443534195423126],"[0, 0, 1, 0]"
280.68337512,,19767,,1583006585,535962104,"""Soft Sip""",[0.15357716381549835],"[0, 0, 1, 0]"
280.689224243,,19768,,1583006585,541382074,"""Soft Sip""",[0.14271900057792664],"[0, 0, 1, 0]"
280.696236372,,19769,,1583006585,547204017,"""Soft Sip""",[0.13186083734035492],"[0, 0, 1, 0]"
280.702231407,,19770,,1583006585,554121971,"""Soft Sip""",[0.11017663776874542],"[0, 0, 1, 0]"
280.709570169,,19771,,1583006585,560230016,"""Soft Sip""",[0.0993184745311737],"[0, 0, 1, 0]"
280.714758635,,19772,,1583006585,567543029,"""Soft Sip""",[0.08846031129360199],"[0, 0, 1, 0]"
280.720077276,,19773,,1583006585,572736024,"""Soft Sip""",[0.07760214805603027],"[0, 0, 1, 0]"
280.726925611,,19774,,1583006585,578280925,"""Soft Sip""",[0.05591794103384018],"[0, 0, 1, 0]"
280.731389523,,19775,,1583006585,584748983,"""Soft Sip""",[0.04505977779626846],"[0, 0, 1, 0]"
280.737167597,,19776,,1583006585,589365959,"""Soft Sip""",[0.03420161083340645],"[0, 0, 1, 0]"
280.744577885,,19777,,1583006585,595135927,"""Soft Sip""",[0.023343447595834732],"[0, 0, 1, 0]"
280.750660658,,19778,,1583006585,602549076,"""Soft Sip""",[0.012485282495617867],"[0, 0, 1, 0]"
280.751446962,,19779,,1583006585,608637094,"""Zero Band""",[0.0016592431347817183],"[0, 0, 0, 0]"
280.752245188,,19780,,1583006585,609420061,"""Zero Band""",[-0.0],"[0, 0, 0, 0]"
280.752966166,,19781,,1583006585,610224008,"""Zero Band""",[-0.0],"[0, 0, 0, 0]"
280.753844023,,19782,,1583006585,610944986,"""Zero Band""",[-0.0],"[0, 0, 0, 0]"
280.754743814,,19783,,1583006585,611824989,"""Zero Band""",[-0.0],"[0, 0, 0, 0]"
280.755828381,,19784,,1583006585,612843990,"""Zero Band""",[-0.0],"[0, 0, 0, 0]"
280.756583929,,19785,,1583006585,613790035,"""Zero Band""",[-0.0],"[0, 0, 0, 0]"
280.756683111,,19786,,1583006585,613790035,"""input stopped""",[-0.0],"[0, 0, 0, 0]"
280.801758289,,19787,,1583006585,658447980,"""Zero Band""",[-0.0],"[0, 0, 0, 0]"
280.806910038,,19788,,1583006585,663499116,"""Zero Band""",[-0.0],"[0, 0, 0, 0]"
280.812460184,,19789,,1583006585,669406890,"""Zero Band""",[-0.0],"[0, 0, 0, 0]"
280.814378262,,19790,,1583006585,671401023,"""Zero Band""",[-0.0],"[0, 0, 0, 0]"
280.818357468,,19791,,1583006585,675399065,"""Zero Band""",[-0.0],"[0, 0, 0, 0]"
280.822989702,,19792,,1583006585,679526090,"""Zero Band""",[0.0016592431347817183],"[0, 0, 0, 0]"
280.831131935,,19793,,1583006585,683449983,"""Soft Sip""",[0.012485282495617867],"[0, 0, 1, 0]"
280.836659908,,19794,,1583006585,689203023,"""Soft Sip""",[0.023343447595834732],"[0, 0, 1, 0]"
280.843102455,,19795,,1583006585,694727897,"""Soft Sip""",[0.03420161083340645],"[0, 0, 1, 0]"
280.848689795,,19796,,1583006585,701203107,"""Soft Sip""",[0.04505977779626846],"[0, 0, 1, 0]"
280.855101585,,19797,,1583006585,706662893,"""Soft Sip""",[0.05591794103384018],"[0, 0, 1, 0]"
280.862204313,,19798,,1583006585,713171005,"""Soft Sip""",[0.06674397736787796],"[0, 0, 1, 0]"
280.86726594,,19799,,1583006585,720231056,"""Soft Sip""",[0.07760214805603027],"[0, 0, 1, 0]"
280.872743607,,19800,,1583006585,725364923,"""Soft Sip""",[0.08846031129360199],"[0, 0, 1, 0]"
280.878560781,,19801,,1583006585,730741024,"""Soft Sip""",[0.0993184745311737],"[0, 0, 1, 0]"
280.884059429,,19802,,1583006585,736545085,"""Soft Sip""",[0.11017663776874542],"[0, 0, 1, 0]"
280.889966011,,19803,,1583006585,742046117,"""Soft Sip""",[0.12103480100631714],"[0, 0, 1, 0]"
280.89626193,,19804,,1583006585,748025894,"""Soft Sip""",[0.13186083734035492],"[0, 0, 1, 0]"
280.902056694,,19805,,1583006585,754235029,"""Soft Sip""",[0.14271900057792664],"[0, 0, 1, 0]"
280.906986475,,19806,,1583006585,760152101,"""Soft Sip""",[0.15357716381549835],"[0, 0, 1, 0]"
280.918935061,,19807,,1583006585,771502971,"""Soft Sip""",[0.16443534195423126],"[0, 0, 1, 0]"
280.926130533,,19808,,1583006585,776943922,"""Soft Sip""",[0.17529350519180298],"[0, 0, 1, 0]"
280.932121754,,19809,,1583006585,784240961,"""Soft Sip""",[0.18611954152584076],"[0, 0, 1, 0]"
280.9371562,,19810,,1583006585,790173053,"""Soft Sip""",[0.19697770476341248],"[0, 0, 1, 0]"
280.942910433,,19811,,1583006585,795133113,"""Soft Sip""",[0.2078358680009842],"[0, 0, 1, 0]"
280.949728727,,19812,,1583006585,801137924,"""Soft Sip""",[0.2186940312385559],"[0, 0, 1, 0]"
280.955374002,,19813,,1583006585,807730913,"""Soft Sip""",[0.2403782308101654],"[0, 0, 1, 0]"
280.96136713,,19814,,1583006585,813510894,"""Soft Sip""",[0.2512364089488983],"[0, 0, 1, 0]"
280.966420412,,19815,,1583006585,819339036,"""Soft Sip""",[0.27295273542404175],"[0, 0, 1, 0]"
280.972252131,,19816,,1583006585,824434041,"""Soft Sip""",[0.28381088376045227],"[0, 0, 1, 0]"
280.97307086,,19817,,1583006585,830251932,"""Soft-Hard Sip Deadband""",[0.30549511313438416],"[0, 0, 0, 0]"
280.973971844,,19818,,1583006585,831165075,"""Soft-Hard Sip Deadband""",[0.3163532614707947],"[0, 0, 0, 0]"
280.974827766,,19819,,1583006585,831949949,"""Soft-Hard Sip Deadband""",[0.3380695879459381],"[0, 0, 0, 0]"
280.975643873,,19820,,1583006585,832796096,"""Soft-Hard Sip Deadband""",[0.348927766084671],"[0, 0, 0, 0]"
280.976622581,,19821,,1583006585,833626985,"""Soft-Hard Sip Deadband""",[0.3706119656562805],"[0, 0, 0, 0]"
280.977443695,,19822,,1583006585,834624052,"""Soft-Hard Sip Deadband""",[0.38147011399269104],"[0, 0, 0, 0]"
280.978492737,,19823,,1583006585,835536003,"""Soft-Hard Sip Deadband""",[0.39232829213142395],"[0, 0, 0, 0]"
280.979243755,,19824,,1583006585,836467027,"""Soft-Hard Sip Deadband""",[0.4031864404678345],"[0, 0, 0, 0]"
280.980037928,,19825,,1583006585,837244033,"""Soft-Hard Sip Deadband""",[0.4140446186065674],"[0, 0, 0, 0]"
280.980852842,,19826,,1583006585,838017940,"""Soft-Hard Sip Deadband""",[0.42487066984176636],"[0, 0, 0, 0]"
280.981617928,,19827,,1583006585,838826894,"""Soft-Hard Sip Deadband""",[0.4357288181781769],"[0, 0, 0, 0]"
280.982340574,,19828,,1583006585,839598894,"""Soft-Hard Sip Deadband""",[0.4465869963169098],"[0, 0, 0, 0]"
280.983127594,,19829,,1583006585,840424060,"""Soft-Hard Sip Deadband""",[0.4574451446533203],"[0, 0, 0, 0]"
280.984138012,,19830,,1583006585,841094970,"""Soft-Hard Sip Deadband""",[0.4683033227920532],"[0, 0, 0, 0]"
280.984853506,,19831,,1583006585,842000007,"""Soft-Hard Sip Deadband""",[0.4791293442249298],"[0, 0, 0, 0]"
280.985719442,,19832,,1583006585,842885971,"""Soft-Hard Sip Deadband""",[0.4899875223636627],"[0, 0, 0, 0]"
280.991004705,,19833,,1583006585,843765974,"""Zero Band""",[0.5008456707000732],"[0, 0, 0, 0]"
280.997375011,,19834,,1583006585,849123954,"""Zero Band""",[0.5225620269775391],"[0, 0, 0, 0]"
281.003009558,,19835,,1583006585,855443000,"""Zero Band""",[0.533388078212738],"[0, 0, 0, 0]"
281.007572412,,19836,,1583006585,861082077,"""Zero Band""",[0.5442461967468262],"[0, 0, 0, 0]"
281.013255835,,19837,,1583006585,865575075,"""Zero Band""",[0.565962553024292],"[0, 0, 0, 0]"
281.01969862,,19838,,1583006585,871241092,"""Zero Band""",[0.5768207311630249],"[0, 0, 0, 0]"
281.02492547,,19839,,1583006585,877787113,"""Zero Band""",[0.598504900932312],"[0, 0, 0, 0]"
281.032261133,,19840,,1583006585,883013963,"""Zero Band""",[0.6202212572097778],"[0, 0, 0, 0]"
281.037694216,,19841,,1583006585,890260934,"""Zero Band""",[0.6310794353485107],"[0, 0, 0, 0]"
281.042567015,,19842,,1583006585,895667076,"""Zero Band""",[0.6419375538825989],"[0, 0, 0, 0]"
281.049087286,,19843,,1583006585,900535106,"""Zero Band""",[0.6527636051177979],"[0, 0, 0, 0]"
281.054465532,,19844,,1583006585,907171010,"""Zero Band""",[0.6636217832565308],"[0, 0, 0, 0]"
281.060487032,,19845,,1583006585,912559986,"""Zero Band""",[0.6744799613952637],"[0, 0, 0, 0]"
281.067274332,,19846,,1583006585,918293952,"""Zero Band""",[0.6961962580680847],"[0, 0, 0, 0]"
281.072037458,,19847,,1583006585,925138950,"""Zero Band""",[0.7070544362068176],"[0, 0, 0, 0]"
281.077013016,,19848,,1583006585,930044889,"""Zero Band""",[0.7287386655807495],"[0, 0, 0, 0]"
281.083933115,,19849,,1583006585,935120105,"""Zero Band""",[0.7504549622535706],"[0, 0, 0, 0]"
281.089020014,,19850,,1583006585,941900014,"""Zero Band""",[0.7721391916275024],"[0, 0, 0, 0]"
281.094829559,,19851,,1583006585,947187900,"""Zero Band""",[0.7938554883003235],"[0, 0, 0, 0]"
281.101095915,,19852,,1583006585,952800989,"""Zero Band""",[0.8155718445777893],"[0, 0, 0, 0]"
281.1069417,,19853,,1583006585,959079027,"""Zero Band""",[0.8372560143470764],"[0, 0, 0, 0]"
281.112962246,,19854,,1583006585,964860916,"""Zero Band""",[0.8589723706245422],"[0, 0, 0, 0]"
281.118561745,,19855,,1583006585,970942974,"""Zero Band""",[0.8698305487632751],"[0, 0, 0, 0]"
281.123757601,,19856,,1583006585,976603031,"""Zero Band""",[0.8915147185325623],"[0, 0, 0, 0]"
281.128966331,,19857,,1583006585,981717109,"""Zero Band""",[0.9132310748100281],"[0, 0, 0, 0]"
281.134409904,,19858,,1583006585,986939907,"""Zero Band""",[0.924089252948761],"[0, 0, 0, 0]"
281.139197826,,19859,,1583006585,992598056,"""Zero Band""",[0.9349473714828491],"[0, 0, 0, 0]"
281.146150589,,19860,,1583006585,997183084,"""Zero Band""",[0.956631600856781],"[0, 0, 0, 0]"
281.151264906,,19861,,1583006586,3848075,"""Zero Band""",[0.9674897789955139],"[0, 0, 0, 0]"
281.156694412,,19862,,1583006586,9299993,"""Zero Band""",[0.978347897529602],"[0, 0, 0, 0]"
281.162027597,,19863,,1583006586,14678955,"""Zero Band""",[0.989206075668335],"[0, 0, 0, 0]"
281.168256521,,19864,,1583006586,20176887,"""Zero Band""",[0.978347897529602],"[0, 0, 0, 0]"
281.174733639,,19865,,1583006586,26233911,"""Zero Band""",[0.9674897789955139],"[0, 0, 0, 0]"
281.182149172,,19866,,1583006586,32710075,"""Zero Band""",[0.956631600856781],"[0, 0, 0, 0]"
281.188811064,,19867,,1583006586,40155887,"""Zero Band""",[0.9457734227180481],"[0, 0, 0, 0]"
281.194939613,,19868,,1583006586,46777009,"""Zero Band""",[0.9349473714828491],"[0, 0, 0, 0]"
281.199775219,,19869,,1583006586,52763938,"""Zero Band""",[0.924089252948761],"[0, 0, 0, 0]"
281.205514908,,19870,,1583006586,57759046,"""Zero Band""",[0.9132310748100281],"[0, 0, 0, 0]"
281.211796045,,19871,,1583006586,63503026,"""Zero Band""",[0.924089252948761],"[0, 0, 0, 0]"
281.21745348,,19872,,1583006586,69822072,"""Zero Band""",[0.9132310748100281],"[0, 0, 0, 0]"
281.222643375,,19873,,1583006586,75670003,"""Zero Band""",[0.924089252948761],"[0, 0, 0, 0]"
281.228331089,,19874,,1583006586,80626010,"""Zero Band""",[0.9349473714828491],"[0, 0, 0, 0]"
281.23320961,,19875,,1583006586,86323976,"""Zero Band""",[0.9457734227180481],"[0, 0, 0, 0]"
281.238372087,,19876,,1583006586,91181993,"""Zero Band""",[0.956631600856781],"[0, 0, 0, 0]"
281.245159864,,19877,,1583006586,96349954,"""Zero Band""",[0.9674897789955139],"[0, 0, 0, 0]"
281.251628876,,19878,,1583006586,103127002,"""Zero Band""",[0.978347897529602],"[0, 0, 0, 0]"
281.257028103,,19879,,1583006586,109642982,"""Zero Band""",[0.989206075668335],"[0, 0, 0, 0]"
281.263873577,,19880,,1583006586,114988088,"""Zero Band""",[1.0],"[0, 0, 0, 0]"
281.270895481,,19881,,1583006586,121850013,"""Zero Band""",[0.989206075668335],"[0, 0, 0, 0]"
281.276394606,,19882,,1583006586,128577947,"""Zero Band""",[0.978347897529602],"[0, 0, 0, 0]"
281.282489061,,19883,,1583006586,134367942,"""Zero Band""",[0.9674897789955139],"[0, 0, 0, 0]"
281.287653685,,19884,,1583006586,140497922,"""Zero Band""",[0.956631600856781],"[0, 0, 0, 0]"
281.292225599,,19885,,1583006586,145513057,"""Zero Band""",[0.9457734227180481],"[0, 0, 0, 0]"
281.298799038,,19886,,1583006586,150193929,"""Zero Band""",[0.9349473714828491],"[0, 0, 0, 0]"
281.305655241,,19887,,1583006586,157243967,"""Zero Band""",[0.924089252948761],"[0, 0, 0, 0]"
281.312615395,,19888,,1583006586,163773059,"""Zero Band""",[0.9132310748100281],"[0, 0, 0, 0]"
281.318327665,,19889,,1583006586,170583009,"""Zero Band""",[0.9023728966712952],"[0, 0, 0, 0]"
281.323025942,,19890,,1583006586,176301956,"""Zero Band""",[0.8915147185325623],"[0, 0, 0, 0]"
281.328949451,,19891,,1583006586,181003093,"""Zero Band""",[0.8806886672973633],"[0, 0, 0, 0]"
281.334909916,,19892,,1583006586,186985969,"""Zero Band""",[0.8698305487632751],"[0, 0, 0, 0]"
281.34180069,,19893,,1583006586,192925930,"""Zero Band""",[0.8589723706245422],"[0, 0, 0, 0]"
281.347973824,,19894,,1583006586,199810981,"""Zero Band""",[0.8481141924858093],"[0, 0, 0, 0]"
281.354125977,,19895,,1583006586,205951929,"""Zero Band""",[0.8372560143470764],"[0, 0, 0, 0]"
281.359616995,,19896,,1583006586,212105989,"""Zero Band""",[0.8263978958129883],"[0, 0, 0, 0]"
281.365409851,,19897,,1583006586,217616081,"""Zero Band""",[0.8155718445777893],"[0, 0, 0, 0]"
281.372058868,,19898,,1583006586,223386049,"""Zero Band""",[0.8047136664390564],"[0, 0, 0, 0]"
281.378754616,,19899,,1583006586,229705095,"""Zero Band""",[0.7938554883003235],"[0, 0, 0, 0]"
281.385216236,,19900,,1583006586,236773967,"""Zero Band""",[0.7829973101615906],"[0, 0, 0, 0]"
281.389640093,,19901,,1583006586,243204116,"""Zero Band""",[0.7721391916275024],"[0, 0, 0, 0]"
281.39491868,,19902,,1583006586,247664928,"""Zero Band""",[0.7613131403923035],"[0, 0, 0, 0]"
281.400636911,,19903,,1583006586,252895116,"""Zero Band""",[0.7504549622535706],"[0, 0, 0, 0]"
281.406778336,,19904,,1583006586,258634090,"""Zero Band""",[0.7395967841148376],"[0, 0, 0, 0]"
281.412611485,,19905,,1583006586,264800071,"""Zero Band""",[0.7287386655807495],"[0, 0, 0, 0]"
281.416969061,,19906,,1583006586,270605087,"""Zero Band""",[0.7178804874420166],"[0, 0, 0, 0]"
281.422104597,,19907,,1583006586,275300979,"""Zero Band""",[0.7070544362068176],"[0, 0, 0, 0]"
281.428310633,,19908,,1583006586,280081987,"""Zero Band""",[0.6961962580680847],"[0, 0, 0, 0]"
281.433214664,,19909,,1583006586,286284923,"""Zero Band""",[0.6744799613952637],"[0, 0, 0, 0]"
281.43902564,,19910,,1583006586,291177988,"""Zero Band""",[0.6636217832565308],"[0, 0, 0, 0]"
281.444007874,,19911,,1583006586,296896934,"""Zero Band""",[0.6419375538825989],"[0, 0, 0, 0]"
281.449341774,,19912,,1583006586,301889896,"""Zero Band""",[0.6310794353485107],"[0, 0, 0, 0]"
281.454566479,,19913,,1583006586,307349920,"""Zero Band""",[0.6093630790710449],"[0, 0, 0, 0]"
281.46024847,,19914,,1583006586,312639951,"""Zero Band""",[0.565962553024292],"[0, 0, 0, 0]"
281.466780186,,19915,,1583006586,318254947,"""Zero Band""",[0.5442461967468262],"[0, 0, 0, 0]"
281.473769903,,19916,,1583006586,324789047,"""Zero Band""",[0.5225620269775391],"[0, 0, 0, 0]"
281.474593401,,19917,,1583006586,331751108,"""Soft-Hard Sip Deadband""",[0.4899875223636627],"[0, 0, 0, 0]"
281.475444555,,19918,,1583006586,332571983,"""Soft-Hard Sip Deadband""",[0.4683033227920532],"[0, 0, 0, 0]"
281.476185083,,19919,,1583006586,333427906,"""Soft-Hard Sip Deadband""",[0.4465869963169098],"[0, 0, 0, 0]"
281.477112532,,19920,,1583006586,334161996,"""Soft-Hard Sip Deadband""",[0.4140446186065674],"[0, 0, 0, 0]"
281.477843046,,19921,,1583006586,334986925,"""Soft-Hard Sip Deadband""",[0.3706119656562805],"[0, 0, 0, 0]"
281.478505611,,19922,,1583006586,335804939,"""Soft-Hard Sip Deadband""",[0.348927766084671],"[0, 0, 0, 0]"
281.479200363,,19923,,1583006586,336479902,"""Soft-Hard Sip Deadband""",[0.3272114396095276],"[0, 0, 0, 0]"
281.479916811,,19924,,1583006586,337249040,"""Soft-Hard Sip Deadband""",[0.30549511313438416],"[0, 0, 0, 0]"
281.484583616,,19925,,1583006586,337893009,"""Soft Sip""",[0.28381088376045227],"[0, 0, 1, 0]"
281.490068674,,19926,,1583006586,342551946,"""Soft Sip""",[0.26209455728530884],"[0, 0, 1, 0]"
281.494506359,,19927,,1583006586,347969055,"""Soft Sip""",[0.2403782308101654],"[0, 0, 1, 0]"
281.501171589,,19928,,1583006586,352381944,"""Soft Sip""",[0.2186940312385559],"[0, 0, 1, 0]"
281.507936001,,19929,,1583006586,359148025,"""Soft Sip""",[0.2078358680009842],"[0, 0, 1, 0]"
281.512903452,,19930,,1583006586,365909099,"""Soft Sip""",[0.18611954152584076],"[0, 0, 1, 0]"
281.517910004,,19931,,1583006586,370909929,"""Soft Sip""",[0.17529350519180298],"[0, 0, 1, 0]"
281.525612354,,19932,,1583006586,375893115,"""Soft Sip""",[0.16443534195423126],"[0, 0, 1, 0]"
281.531124592,,19933,,1583006586,383580923,"""Soft Sip""",[0.15357716381549835],"[0, 0, 1, 0]"
281.537171364,,19934,,1583006586,389137983,"""Soft Sip""",[0.13186083734035492],"[0, 0, 1, 0]"
281.543014526,,19935,,1583006586,395138978,"""Soft Sip""",[0.12103480100631714],"[0, 0, 1, 0]"
281.547531366,,19936,,1583006586,400990009,"""Soft Sip""",[0.11017663776874542],"[0, 0, 1, 0]"
281.552386284,,19937,,1583006586,405509948,"""Soft Sip""",[0.0993184745311737],"[0, 0, 1, 0]"
281.558315516,,19938,,1583006586,410414934,"""Soft Sip""",[0.08846031129360199],"[0, 0, 1, 0]"
281.563450336,,19939,,1583006586,416290044,"""Soft Sip""",[0.07760214805603027],"[0, 0, 1, 0]"
281.568552017,,19940,,1583006586,421400070,"""Soft Sip""",[0.06674397736787796],"[0, 0, 1, 0]"
281.575494051,,19941,,1583006586,426532983,"""Soft Sip""",[0.05591794103384018],"[0, 0, 1, 0]"
281.580852985,,19942,,1583006586,433476924,"""Soft Sip""",[0.04505977779626846],"[0, 0, 1, 0]"
281.585644245,,19943,,1583006586,438868045,"""Soft Sip""",[0.03420161083340645],"[0, 0, 1, 0]"
281.592051029,,19944,,1583006586,443643093,"""Soft Sip""",[0.023343447595834732],"[0, 0, 1, 0]"
281.599208355,,19945,,1583006586,450027942,"""Soft Sip""",[0.012485282495617867],"[0, 0, 1, 0]"
281.605088949,,19946,,1583006586,457546949,"""Soft Sip""",[0.023343447595834732],"[0, 0, 1, 0]"
281.610836267,,19947,,1583006586,462918043,"""Soft Sip""",[0.03420161083340645],"[0, 0, 1, 0]"
281.615902424,,19948,,1583006586,468864917,"""Soft Sip""",[0.04505977779626846],"[0, 0, 1, 0]"
281.620293617,,19949,,1583006586,473794937,"""Soft Sip""",[0.05591794103384018],"[0, 0, 1, 0]"
281.626275301,,19950,,1583006586,478305101,"""Soft Sip""",[0.06674397736787796],"[0, 0, 1, 0]"
281.632231474,,19951,,1583006586,484286069,"""Soft Sip""",[0.07760214805603027],"[0, 0, 1, 0]"
281.636686325,,19952,,1583006586,490206956,"""Soft Sip""",[0.08846031129360199],"[0, 0, 1, 0]"
281.642874956,,19953,,1583006586,494668006,"""Soft Sip""",[0.0993184745311737],"[0, 0, 1, 0]"
281.647625923,,19954,,1583006586,500883102,"""Soft Sip""",[0.11017663776874542],"[0, 0, 1, 0]"
281.652765274,,19955,,1583006586,505592107,"""Soft Sip""",[0.12103480100631714],"[0, 0, 1, 0]"
281.65916419,,19956,,1583006586,510740995,"""Soft Sip""",[0.13186083734035492],"[0, 0, 1, 0]"
281.665921926,,19957,,1583006586,517168998,"""Soft Sip""",[0.14271900057792664],"[0, 0, 1, 0]"
281.673870087,,19958,,1583006586,523920059,"""Soft Sip""",[0.15357716381549835],"[0, 0, 1, 0]"
281.679158688,,19959,,1583006586,531853914,"""Soft Sip""",[0.16443534195423126],"[0, 0, 1, 0]"
281.684348822,,19960,,1583006586,537014961,"""Soft Sip""",[0.17529350519180298],"[0, 0, 1, 0]"
281.691315889,,19961,,1583006586,542321920,"""Soft Sip""",[0.18611954152584076],"[0, 0, 1, 0]"
281.696420431,,19962,,1583006586,548939943,"""Soft Sip""",[0.19697770476341248],"[0, 0, 1, 0]"
281.701868534,,19963,,1583006586,554394960,"""Soft Sip""",[0.2078358680009842],"[0, 0, 1, 0]"
281.707254887,,19964,,1583006586,559840917,"""Soft Sip""",[0.2186940312385559],"[0, 0, 1, 0]"
281.712824345,,19965,,1583006586,565236091,"""Soft Sip""",[0.22955219447612762],"[0, 0, 1, 0]"
281.718992233,,19966,,1583006586,570799112,"""Soft Sip""",[0.2403782308101654],"[0, 0, 1, 0]"
281.726727009,,19967,,1583006586,576967000,"""Soft Sip""",[0.2512364089488983],"[0, 0, 1, 0]"
281.731888533,,19968,,1583006586,584444046,"""Soft Sip""",[0.26209455728530884],"[0, 0, 1, 0]"
281.737052917,,19969,,1583006586,589870929,"""Soft Sip""",[0.27295273542404175],"[0, 0, 1, 0]"
281.742739439,,19970,,1583006586,595033884,"""Soft Sip""",[0.26209455728530884],"[0, 0, 1, 0]"
281.747386932,,19971,,1583006586,600739955,"""Soft Sip""",[0.27295273542404175],"[0, 0, 1, 0]"
281.75222826,,19972,,1583006586,605372905,"""Soft Sip""",[0.28381088376045227],"[0, 0, 1, 0]"
281.759212971,,19973,,1583006586,610220909,"""Soft Sip""",[0.2946690618991852],"[0, 0, 1, 0]"
281.760047197,,19974,,1583006586,617177963,"""Soft-Hard Sip Deadband""",[0.30549511313438416],"[0, 0, 0, 0]"
281.760908842,,19975,,1583006586,618021011,"""Soft-Hard Sip Deadband""",[0.3163532614707947],"[0, 0, 0, 0]"
281.761838675,,19976,,1583006586,618918895,"""Soft-Hard Sip Deadband""",[0.3272114396095276],"[0, 0, 0, 0]"
281.762832403,,19977,,1583006586,619816064,"""Soft-Hard Sip Deadband""",[0.3380695879459381],"[0, 0, 0, 0]"
281.763540268,,19978,,1583006586,620673894,"""Soft-Hard Sip Deadband""",[0.3597537875175476],"[0, 0, 0, 0]"
281.764356852,,19979,,1583006586,621535062,"""Soft-Hard Sip Deadband""",[0.3706119656562805],"[0, 0, 0, 0]"
281.765203238,,19980,,1583006586,622345924,"""Soft-Hard Sip Deadband""",[0.38147011399269104],"[0, 0, 0, 0]"
281.765935183,,19981,,1583006586,623203039,"""Soft-Hard Sip Deadband""",[0.39232829213142395],"[0, 0, 0, 0]"
281.766642332,,19982,,1583006586,623908042,"""Soft-Hard Sip Deadband""",[0.4140446186065674],"[0, 0, 0, 0]"
281.767330885,,19983,,1583006586,624614953,"""Soft-Hard Sip Deadband""",[0.42487066984176636],"[0, 0, 0, 0]"
281.767987967,,19984,,1583006586,625287055,"""Soft-Hard Sip Deadband""",[0.4357288181781769],"[0, 0, 0, 0]"
281.768656969,,19985,,1583006586,625973939,"""Soft-Hard Sip Deadband""",[0.4465869963169098],"[0, 0, 0, 0]"
281.769338846,,19986,,1583006586,626636028,"""Soft-Hard Sip Deadband""",[0.4574451446533203],"[0, 0, 0, 0]"
281.770069122,,19987,,1583006586,627307891,"""Soft-Hard Sip Deadband""",[0.4683033227920532],"[0, 0, 0, 0]"
281.770829439,,19988,,1583006586,628036022,"""Soft-Hard Sip Deadband""",[0.4791293442249298],"[0, 0, 0, 0]"
281.771952152,,19989,,1583006586,628813028,"""Soft-Hard Sip Deadband""",[0.4899875223636627],"[0, 0, 0, 0]"
281.77835393,,19990,,1583006586,630433082,"""Zero Band""",[0.5008456707000732],"[0, 0, 0, 0]"
281.783196449,,19991,,1583006586,636333942,"""Zero Band""",[0.5117038488388062],"[0, 0, 0, 0]"
281.790647268,,19992,,1583006586,641067981,"""Zero Band""",[0.5225620269775391],"[0, 0, 0, 0]"
281.795908928,,19993,,1583006586,648662090,"""Zero Band""",[0.533388078212738],"[0, 0, 0, 0]"
281.800509691,,19994,,1583006586,653892993,"""Zero Band""",[0.5442461967468262],"[0, 0, 0, 0]"
281.806250572,,19995,,1583006586,658567905,"""Zero Band""",[0.5551043748855591],"[0, 0, 0, 0]"
281.812100649,,19996,,1583006586,664220094,"""Zero Band""",[0.565962553024292],"[0, 0, 0, 0]"
281.818164587,,19997,,1583006586,670109987,"""Zero Band""",[0.5551043748855591],"[0, 0, 0, 0]"
281.825021505,,19998,,1583006586,676141977,"""Zero Band""",[0.5442461967468262],"[0, 0, 0, 0]"
281.830415964,,19999,,1583006586,682995080,"""Zero Band""",[0.533388078212738],"[0, 0, 0, 0]"
281.835538387,,20000,,1583006586,688416957,"""Zero Band""",[0.5225620269775391],"[0, 0, 0, 0]"
281.84110713,,20001,,1583006586,693517923,"""Zero Band""",[0.5117038488388062],"[0, 0, 0, 0]"
281.848994017,,20002,,1583006586,699084997,"""Zero Band""",[0.5008456707000732],"[0, 0, 0, 0]"
281.850142956,,20003,,1583006586,707031965,"""Soft-Hard Sip Deadband""",[0.4899875223636627],"[0, 0, 0, 0]"
281.851262331,,20004,,1583006586,708113908,"""Soft-Hard Sip Deadband""",[0.4791293442249298],"[0, 0, 0, 0]"
281.852258921,,20005,,1583006586,709309101,"""Soft-Hard Sip Deadband""",[0.4683033227920532],"[0, 0, 0, 0]"
281.85297966,,20006,,1583006586,710232973,"""Soft-Hard Sip Deadband""",[0.4574451446533203],"[0, 0, 0, 0]"
281.853689194,,20007,,1583006586,710954904,"""Soft-Hard Sip Deadband""",[0.4465869963169098],"[0, 0, 0, 0]"
281.854474783,,20008,,1583006586,711663007,"""Soft-Hard Sip Deadband""",[0.4574451446533203],"[0, 0, 0, 0]"
281.855310917,,20009,,1583006586,712450027,"""Soft-Hard Sip Deadband""",[0.4683033227920532],"[0, 0, 0, 0]"
281.856246948,,20010,,1583006586,713239908,"""Soft-Hard Sip Deadband""",[0.4791293442249298],"[0, 0, 0, 0]"
281.85730958,,20011,,1583006586,714291095,"""Soft-Hard Sip Deadband""",[0.4899875223636627],"[0, 0, 0, 0]"
281.862807751,,20012,,1583006586,715277910,"""Zero Band""",[0.5008456707000732],"[0, 0, 0, 0]"
281.867714167,,20013,,1583006586,720844030,"""Zero Band""",[0.5117038488388062],"[0, 0, 0, 0]"
281.872760296,,20014,,1583006586,725677967,"""Zero Band""",[0.533388078212738],"[0, 0, 0, 0]"
281.878750563,,20015,,1583006586,730786085,"""Zero Band""",[0.5442461967468262],"[0, 0, 0, 0]"
281.88556695,,20016,,1583006586,736743927,"""Zero Band""",[0.5551043748855591],"[0, 0, 0, 0]"
281.891140223,,20017,,1583006586,743546009,"""Zero Band""",[0.565962553024292],"[0, 0, 0, 0]"
281.8968997,,20018,,1583006586,749155998,"""Zero Band""",[0.5768207311630249],"[0, 0, 0, 0]"
281.903053761,,20019,,1583006586,754746913,"""Zero Band""",[0.587678849697113],"[0, 0, 0, 0]"
281.909172773,,20020,,1583006586,760885953,"""Zero Band""",[0.6093630790710449],"[0, 0, 0, 0]"
281.915014505,,20021,,1583006586,767142057,"""Zero Band""",[0.6202212572097778],"[0, 0, 0, 0]"
281.921153069,,20022,,1583006586,772999048,"""Zero Band""",[0.6310794353485107],"[0, 0, 0, 0]"
281.926662922,,20023,,1583006586,779126882,"""Zero Band""",[0.6419375538825989],"[0, 0, 0, 0]"
281.932772398,,20024,,1583006586,784648895,"""Zero Band""",[0.6527636051177979],"[0, 0, 0, 0]"
281.938957691,,20025,,1583006586,790790081,"""Zero Band""",[0.6636217832565308],"[0, 0, 0, 0]"
281.946308374,,20026,,1583006586,796931982,"""Zero Band""",[0.6527636051177979],"[0, 0, 0, 0]"
281.951726198,,20027,,1583006586,804285049,"""Zero Band""",[0.6636217832565308],"[0, 0, 0, 0]"
281.957579136,,20028,,1583006586,809770107,"""Zero Band""",[0.6527636051177979],"[0, 0, 0, 0]"
281.96368289,,20029,,1583006586,815937042,"""Zero Band""",[0.6636217832565308],"[0, 0, 0, 0]"
281.968593121,,20030,,1583006586,821670055,"""Zero Band""",[0.6527636051177979],"[0, 0, 0, 0]"
281.974785328,,20031,,1583006586,826570987,"""Zero Band""",[0.6419375538825989],"[0, 0, 0, 0]"
281.980504513,,20032,,1583006586,832768917,"""Zero Band""",[0.6310794353485107],"[0, 0, 0, 0]"
281.986635447,,20033,,1583006586,838479042,"""Zero Band""",[0.6093630790710449],"[0, 0, 0, 0]"
281.992492676,,20034,,1583006586,844604015,"""Zero Band""",[0.598504900932312],"[0, 0, 0, 0]"
281.997354031,,20035,,1583006586,850513935,"""Zero Band""",[0.5768207311630249],"[0, 0, 0, 0]"
282.003187656,,20036,,1583006586,855350017,"""Zero Band""",[0.565962553024292],"[0, 0, 0, 0]"
282.009944916,,20037,,1583006586,861198902,"""Zero Band""",[0.533388078212738],"[0, 0, 0, 0]"
282.016548634,,20038,,1583006586,867917060,"""Zero Band""",[0.5117038488388062],"[0, 0, 0, 0]"
282.017478704,,20039,,1583006586,874522924,"""Soft-Hard Sip Deadband""",[0.4899875223636627],"[0, 0, 0, 0]"
282.018304348,,20040,,1583006586,875446081,"""Soft-Hard Sip Deadband""",[0.4574451446533203],"[0, 0, 0, 0]"
282.019106627,,20041,,1583006586,876297950,"""Soft-Hard Sip Deadband""",[0.4357288181781769],"[0, 0, 0, 0]"
282.019860029,,20042,,1583006586,877079010,"""Soft-Hard Sip Deadband""",[0.4031864404678345],"[0, 0, 0, 0]"
282.020530939,,20043,,1583006586,877857923,"""Soft-Hard Sip Deadband""",[0.3706119656562805],"[0, 0, 0, 0]"
282.021485567,,20044,,1583006586,878510951,"""Soft-Hard Sip Deadband""",[0.3380695879459381],"[0, 0, 0, 0]"
282.02220726,,20045,,1583006586,879251003,"""Soft-Hard Sip Deadband""",[0.30549511313438416],"[0, 0, 0, 0]"
282.027559757,,20046,,1583006586,880090951,"""Soft Sip""",[0.26209455728530884],"[0, 0, 1, 0]"
282.032621861,,20047,,1583006586,885427951,"""Soft Sip""",[0.2403782308101654],"[0, 0, 1, 0]"
282.037711859,,20048,,1583006586,890602111,"""Soft Sip""",[0.2078358680009842],"[0, 0, 1, 0]"
282.044910908,,20049,,1583006586,895675897,"""Soft Sip""",[0.16443534195423126],"[0, 0, 1, 0]"
282.050689459,,20050,,1583006586,902895927,"""Soft Sip""",[0.13186083734035492],"[0, 0, 1, 0]"
282.056332588,,20051,,1583006586,908667087,"""Soft Sip""",[0.0993184745311737],"[0, 0, 1, 0]"
282.0624156,,20052,,1583006586,914139032,"""Soft Sip""",[0.06674397736787796],"[0, 0, 1, 0]"
282.069405556,,20053,,1583006586,920382022,"""Soft Sip""",[0.03420161083340645],"[0, 0, 1, 0]"
282.070279598,,20054,,1583006586,927382946,"""Zero Band""",[0.0016592431347817183],"[0, 0, 0, 0]"
282.07126832,,20055,,1583006586,928252935,"""Zero Band""",[-0.0],"[0, 0, 0, 0]"
282.072413206,,20056,,1583006586,929263114,"""Zero Band""",[-0.0],"[0, 0, 0, 0]"
282.073404312,,20057,,1583006586,930408954,"""Zero Band""",[-0.0],"[0, 0, 0, 0]"
282.073599815,,20058,,1583006586,930408954,"""input stopped""",[-0.0],"[0, 0, 0, 0]"
282.305658579,,20059,,1583006587,162448883,"""Zero Band""",[-0.0],"[0, 0, 0, 0]"
282.308407068,,20060,,1583006587,165447950,"""Zero Band""",[-0.0],"[0, 0, 0, 0]"
282.310268402,,20061,,1583006587,167443990,"""Zero Band""",[-0.0],"[0, 0, 0, 0]"
282.314260483,,20062,,1583006587,171401023,"""Zero Band""",[-0.0],"[0, 0, 0, 0]"
282.3161273,,20063,,1583006587,173363924,"""Zero Band""",[0.0016592431347817183],"[0, 0, 0, 0]"
282.323231936,,20064,,1583006587,175390005,"""Soft Sip""",[0.012485282495617867],"[0, 0, 1, 0]"
282.328589201,,20065,,1583006587,181269884,"""Soft Sip""",[0.023343447595834732],"[0, 0, 1, 0]"
282.33372426,,20066,,1583006587,186646938,"""Soft Sip""",[0.03420161083340645],"[0, 0, 1, 0]"
282.338937998,,20067,,1583006587,191714048,"""Soft Sip""",[0.04505977779626846],"[0, 0, 1, 0]"
282.344177723,,20068,,1583006587,196906089,"""Soft Sip""",[0.06674397736787796],"[0, 0, 1, 0]"
282.349825144,,20069,,1583006587,202330112,"""Soft Sip""",[0.07760214805603027],"[0, 0, 1, 0]"
282.355007887,,20070,,1583006587,207694053,"""Soft Sip""",[0.08846031129360199],"[0, 0, 1, 0]"
282.361134768,,20071,,1583006587,212990999,"""Soft Sip""",[0.0993184745311737],"[0, 0, 1, 0]"
282.368699074,,20072,,1583006587,219137907,"""Soft Sip""",[0.11017663776874542],"[0, 0, 1, 0]"
282.374168634,,20073,,1583006587,226670026,"""Soft Sip""",[0.12103480100631714],"[0, 0, 1, 0]"
282.379687548,,20074,,1583006587,232146024,"""Soft Sip""",[0.13186083734035492],"[0, 0, 1, 0]"
282.386734724,,20075,,1583006587,237749099,"""Soft Sip""",[0.14271900057792664],"[0, 0, 1, 0]"
282.392453909,,20076,,1583006587,244817972,"""Soft Sip""",[0.15357716381549835],"[0, 0, 1, 0]"
282.396804333,,20077,,1583006587,250432968,"""Soft Sip""",[0.17529350519180298],"[0, 0, 1, 0]"
282.401854277,,20078,,1583006587,254776954,"""Soft Sip""",[0.19697770476341248],"[0, 0, 1, 0]"
282.408353806,,20079,,1583006587,259819984,"""Soft Sip""",[0.2078358680009842],"[0, 0, 1, 0]"
282.413427114,,20080,,1583006587,266360998,"""Soft Sip""",[0.2186940312385559],"[0, 0, 1, 0]"
282.420251131,,20081,,1583006587,271409034,"""Soft Sip""",[0.22955219447612762],"[0, 0, 1, 0]"
282.425424814,,20082,,1583006587,278139114,"""Soft Sip""",[0.2403782308101654],"[0, 0, 1, 0]"
282.432511806,,20083,,1583006587,283427000,"""Soft Sip""",[0.2512364089488983],"[0, 0, 1, 0]"
282.438808203,,20084,,1583006587,290345907,"""Soft Sip""",[0.26209455728530884],"[0, 0, 1, 0]"
282.444455385,,20085,,1583006587,296957015,"""Soft Sip""",[0.27295273542404175],"[0, 0, 1, 0]"
282.452217102,,20086,,1583006587,302431106,"""Soft Sip""",[0.28381088376045227],"[0, 0, 1, 0]"
282.457207441,,20087,,1583006587,310185909,"""Soft Sip""",[0.2946690618991852],"[0, 0, 1, 0]"
282.458098412,,20088,,1583006587,315187931,"""Soft-Hard Sip Deadband""",[0.30549511313438416],"[0, 0, 0, 0]"
282.458997488,,20089,,1583006587,316083908,"""Soft-Hard Sip Deadband""",[0.3163532614707947],"[0, 0, 0, 0]"
282.459873199,,20090,,1583006587,316967010,"""Soft-Hard Sip Deadband""",[0.3380695879459381],"[0, 0, 0, 0]"
282.460709095,,20091,,1583006587,317852973,"""Soft-Hard Sip Deadband""",[0.348927766084671],"[0, 0, 0, 0]"
282.461446524,,20092,,1583006587,318725109,"""Soft-Hard Sip Deadband""",[0.3597537875175476],"[0, 0, 0, 0]"
282.462177992,,20093,,1583006587,319432020,"""Soft-Hard Sip Deadband""",[0.38147011399269104],"[0, 0, 0, 0]"
282.462962151,,20094,,1583006587,320163965,"""Soft-Hard Sip Deadband""",[0.39232829213142395],"[0, 0, 0, 0]"
282.463695526,,20095,,1583006587,320940971,"""Soft-Hard Sip Deadband""",[0.4140446186065674],"[0, 0, 0, 0]"
282.464490414,,20096,,1583006587,321774005,"""Soft-Hard Sip Deadband""",[0.42487066984176636],"[0, 0, 0, 0]"
282.465237379,,20097,,1583006587,322467088,"""Soft-Hard Sip Deadband""",[0.4357288181781769],"[0, 0, 0, 0]"
282.465967178,,20098,,1583006587,323215961,"""Soft-Hard Sip Deadband""",[0.4574451446533203],"[0, 0, 0, 0]"
282.466684103,,20099,,1583006587,323976993,"""Soft-Hard Sip Deadband""",[0.4683033227920532],"[0, 0, 0, 0]"
282.467386246,,20100,,1583006587,324665069,"""Soft-Hard Sip Deadband""",[0.4899875223636627],"[0, 0, 0, 0]"
282.472578287,,20101,,1583006587,325515031,"""Zero Band""",[0.5008456707000732],"[0, 0, 0, 0]"
282.48069644,,20102,,1583006587,330576896,"""Zero Band""",[0.5225620269775391],"[0, 0, 0, 0]"
282.485211134,,20103,,1583006587,338673114,"""Zero Band""",[0.533388078212738],"[0, 0, 0, 0]"
282.48999548,,20104,,1583006587,343198060,"""Zero Band""",[0.5442461967468262],"[0, 0, 0, 0]"
282.496595621,,20105,,1583006587,347964048,"""Zero Band""",[0.5551043748855591],"[0, 0, 0, 0]"
282.502170563,,20106,,1583006587,354588031,"""Zero Band""",[0.565962553024292],"[0, 0, 0, 0]"
282.508369684,,20107,,1583006587,360151052,"""Zero Band""",[0.587678849697113],"[0, 0, 0, 0]"
282.514432192,,20108,,1583006587,366345882,"""Zero Band""",[0.598504900932312],"[0, 0, 0, 0]"
282.519143343,,20109,,1583006587,372437953,"""Zero Band""",[0.6093630790710449],"[0, 0, 0, 0]"
282.524282455,,20110,,1583006587,377161979,"""Zero Band""",[0.6202212572097778],"[0, 0, 0, 0]"
282.529522181,,20111,,1583006587,382474899,"""Zero Band""",[0.6310794353485107],"[0, 0, 0, 0]"
282.535573959,,20112,,1583006587,387355089,"""Zero Band""",[0.6527636051177979],"[0, 0, 0, 0]"
282.543843031,,20113,,1583006587,393538951,"""Zero Band""",[0.6636217832565308],"[0, 0, 0, 0]"
282.55062604,,20114,,1583006587,401807069,"""Zero Band""",[0.6744799613952637],"[0, 0, 0, 0]"
282.556143761,,20115,,1583006587,408598899,"""Zero Band""",[0.6853380799293518],"[0, 0, 0, 0]"
282.562654734,,20116,,1583006587,413825035,"""Zero Band""",[0.6961962580680847],"[0, 0, 0, 0]"
282.567644835,,20117,,1583006587,420774936,"""Zero Band""",[0.7070544362068176],"[0, 0, 0, 0]"
282.574066877,,20118,,1583006587,425625085,"""Zero Band""",[0.7178804874420166],"[0, 0, 0, 0]"
282.580170393,,20119,,1583006587,431524038,"""Zero Band""",[0.7287386655807495],"[0, 0, 0, 0]"
282.585086584,,20120,,1583006587,438152074,"""Zero Band""",[0.7395967841148376],"[0, 0, 0, 0]"
282.590166807,,20121,,1583006587,443070888,"""Zero Band""",[0.7504549622535706],"[0, 0, 0, 0]"
282.59697032,,20122,,1583006587,448143005,"""Zero Band""",[0.7613131403923035],"[0, 0, 0, 0]"
282.602644205,,20123,,1583006587,454941987,"""Zero Band""",[0.7721391916275024],"[0, 0, 0, 0]"
282.608318329,,20124,,1583006587,460622072,"""Zero Band""",[0.7829973101615906],"[0, 0, 0, 0]"
282.614485741,,20125,,1583006587,466435909,"""Zero Band""",[0.7938554883003235],"[0, 0, 0, 0]"
282.619361877,,20126,,1583006587,472464084,"""Zero Band""",[0.8047136664390564],"[0, 0, 0, 0]"
282.624753237,,20127,,1583006587,477334976,"""Zero Band""",[0.8155718445777893],"[0, 0, 0, 0]"
282.630957842,,20128,,1583006587,482723951,"""Zero Band""",[0.8263978958129883],"[0, 0, 0, 0]"
282.636128664,,20129,,1583006587,488807916,"""Zero Band""",[0.8155718445777893],"[0, 0, 0, 0]"
282.641892672,,20130,,1583006587,494103908,"""Zero Band""",[0.8263978958129883],"[0, 0, 0, 0]"
282.647204638,,20131,,1583006587,499888896,"""Zero Band""",[0.8155718445777893],"[0, 0, 0, 0]"
282.65180707,,20132,,1583006587,505187034,"""Zero Band""",[0.8047136664390564],"[0, 0, 0, 0]"
282.65767622,,20133,,1583006587,509808063,"""Zero Band""",[0.7938554883003235],"[0, 0, 0, 0]"
282.696107626,,20134,,1583006587,515654087,"""Zero Band""",[0.7829973101615906],"[0, 0, 0, 0]"
282.7008214,,20135,,1583006587,553935050,"""Zero Band""",[0.7721391916275024],"[0, 0, 0, 0]"
282.707471371,,20136,,1583006587,558795928,"""Zero Band""",[0.7613131403923035],"[0, 0, 0, 0]"
282.712898254,,20137,,1583006587,565732002,"""Zero Band""",[0.7504549622535706],"[0, 0, 0, 0]"
282.71744895,,20138,,1583006587,570904016,"""Zero Band""",[0.7395967841148376],"[0, 0, 0, 0]"
282.723889112,,20139,,1583006587,575427055,"""Zero Band""",[0.7287386655807495],"[0, 0, 0, 0]"
282.729042053,,20140,,1583006587,581860065,"""Zero Band""",[0.7178804874420166],"[0, 0, 0, 0]"
282.736149073,,20141,,1583006587,587049007,"""Zero Band""",[0.7070544362068176],"[0, 0, 0, 0]"
282.741933346,,20142,,1583006587,594022035,"""Zero Band""",[0.6961962580680847],"[0, 0, 0, 0]"
282.748172522,,20143,,1583006587,599908113,"""Zero Band""",[0.6853380799293518],"[0, 0, 0, 0]"
282.754638195,,20144,,1583006587,606162071,"""Zero Band""",[0.6744799613952637],"[0, 0, 0, 0]"
282.760410309,,20145,,1583006587,612616062,"""Zero Band""",[0.6853380799293518],"[0, 0, 0, 0]"
282.766037464,,20146,,1583006587,618391036,"""Zero Band""",[0.6961962580680847],"[0, 0, 0, 0]"
282.772971392,,20147,,1583006587,624022006,"""Zero Band""",[0.7070544362068176],"[0, 0, 0, 0]"
282.778672457,,20148,,1583006587,630950927,"""Zero Band""",[0.7178804874420166],"[0, 0, 0, 0]"
282.784327745,,20149,,1583006587,636656045,"""Zero Band""",[0.7287386655807495],"[0, 0, 0, 0]"
282.78924942,,20150,,1583006587,642307996,"""Zero Band""",[0.7395967841148376],"[0, 0, 0, 0]"
282.79510355,,20151,,1583006587,647219896,"""Zero Band""",[0.7504549622535706],"[0, 0, 0, 0]"
282.800958157,,20152,,1583006587,653084039,"""Zero Band""",[0.7613131403923035],"[0, 0, 0, 0]"
282.808536768,,20153,,1583006587,658938884,"""Zero Band""",[0.7721391916275024],"[0, 0, 0, 0]"
282.814099789,,20154,,1583006587,666383028,"""Zero Band""",[0.7829973101615906],"[0, 0, 0, 0]"
282.819472075,,20155,,1583006587,672075033,"""Zero Band""",[0.7938554883003235],"[0, 0, 0, 0]"
282.826510191,,20156,,1583006587,677444934,"""Zero Band""",[0.8047136664390564],"[0, 0, 0, 0]"
282.832337141,,20157,,1583006587,684484958,"""Zero Band""",[0.7938554883003235],"[0, 0, 0, 0]"
282.837749004,,20158,,1583006587,690309047,"""Zero Band""",[0.7829973101615906],"[0, 0, 0, 0]"
282.844625473,,20159,,1583006587,695635080,"""Zero Band""",[0.7721391916275024],"[0, 0, 0, 0]"
282.84976244,,20160,,1583006587,702608108,"""Zero Band""",[0.7613131403923035],"[0, 0, 0, 0]"
282.855721474,,20161,,1583006587,708110094,"""Zero Band""",[0.7504549622535706],"[0, 0, 0, 0]"
282.863201618,,20162,,1583006587,713694095,"""Zero Band""",[0.7395967841148376],"[0, 0, 0, 0]"
282.868501902,,20163,,1583006587,721177101,"""Zero Band""",[0.7287386655807495],"[0, 0, 0, 0]"
282.874470949,,20164,,1583006587,726357936,"""Zero Band""",[0.7178804874420166],"[0, 0, 0, 0]"
282.880567312,,20165,,1583006587,732501029,"""Zero Band""",[0.7070544362068176],"[0, 0, 0, 0]"
282.885208845,,20166,,1583006587,738539934,"""Zero Band""",[0.6961962580680847],"[0, 0, 0, 0]"
282.89110136,,20167,,1583006587,743187904,"""Zero Band""",[0.6853380799293518],"[0, 0, 0, 0]"
282.897876024,,20168,,1583006587,749063968,"""Zero Band""",[0.6744799613952637],"[0, 0, 0, 0]"
282.903464079,,20169,,1583006587,755784034,"""Zero Band""",[0.6636217832565308],"[0, 0, 0, 0]"
282.909382582,,20170,,1583006587,761486053,"""Zero Band""",[0.6419375538825989],"[0, 0, 0, 0]"
282.915894747,,20171,,1583006587,767417907,"""Zero Band""",[0.6310794353485107],"[0, 0, 0, 0]"
282.920572996,,20172,,1583006587,773873090,"""Zero Band""",[0.6202212572097778],"[0, 0, 0, 0]"
282.926780224,,20173,,1583006587,778573989,"""Zero Band""",[0.6093630790710449],"[0, 0, 0, 0]"
282.934111357,,20174,,1583006587,784753084,"""Zero Band""",[0.587678849697113],"[0, 0, 0, 0]"
282.939436436,,20175,,1583006587,792141914,"""Zero Band""",[0.5768207311630249],"[0, 0, 0, 0]"
282.94464016,,20176,,1583006587,797231912,"""Zero Band""",[0.5551043748855591],"[0, 0, 0, 0]"
282.951801062,,20177,,1583006587,802612066,"""Zero Band""",[0.5442461967468262],"[0, 0, 0, 0]"
282.956673861,,20178,,1583006587,809676885,"""Zero Band""",[0.5008456707000732],"[0, 0, 0, 0]"
282.957705021,,20179,,1583006587,814654111,"""Soft-Hard Sip Deadband""",[0.4899875223636627],"[0, 0, 0, 0]"
282.958865404,,20180,,1583006587,815594911,"""Soft-Hard Sip Deadband""",[0.4574451446533203],"[0, 0, 0, 0]"
282.959769487,,20181,,1583006587,816572904,"""Soft-Hard Sip Deadband""",[0.42487066984176636],"[0, 0, 0, 0]"
282.96075201,,20182,,1583006587,817784070,"""Soft-Hard Sip Deadband""",[0.39232829213142395],"[0, 0, 0, 0]"
282.961758137,,20183,,1583006587,818730115,"""Soft-Hard Sip Deadband""",[0.38147011399269104],"[0, 0, 0, 0]"
282.962596416,,20184,,1583006587,819737911,"""Soft-Hard Sip Deadband""",[0.348927766084671],"[0, 0, 0, 0]"
282.963683367,,20185,,1583006587,820600986,"""Soft-Hard Sip Deadband""",[0.3272114396095276],"[0, 0, 0, 0]"
282.96436286,,20186,,1583006587,821430921,"""Soft-Hard Sip Deadband""",[0.30549511313438416],"[0, 0, 0, 0]"
282.969980001,,20187,,1583006587,822352886,"""Soft Sip""",[0.26209455728530884],"[0, 0, 1, 0]"
282.975182533,,20188,,1583006587,827956914,"""Soft Sip""",[0.2403782308101654],"[0, 0, 1, 0]"
282.981880426,,20189,,1583006587,833089113,"""Soft Sip""",[0.22955219447612762],"[0, 0, 1, 0]"
282.988266706,,20190,,1583006587,839855909,"""Soft Sip""",[0.2078358680009842],"[0, 0, 1, 0]"
282.993627071,,20191,,1583006587,846240043,"""Soft Sip""",[0.19697770476341248],"[0, 0, 1, 0]"
283.000593424,,20192,,1583006587,851640939,"""Soft Sip""",[0.18611954152584076],"[0, 0, 1, 0]"
283.006361485,,20193,,1583006587,858485937,"""Soft Sip""",[0.17529350519180298],"[0, 0, 1, 0]"
283.011646509,,20194,,1583006587,864347934,"""Soft Sip""",[0.15357716381549835],"[0, 0, 1, 0]"
283.017114401,,20195,,1583006587,869501113,"""Soft Sip""",[0.14271900057792664],"[0, 0, 1, 0]"
283.024184227,,20196,,1583006587,875087022,"""Soft Sip""",[0.13186083734035492],"[0, 0, 1, 0]"
283.029946804,,20197,,1583006587,882448911,"""Soft Sip""",[0.12103480100631714],"[0, 0, 1, 0]"
283.035573006,,20198,,1583006587,887917041,"""Soft Sip""",[0.11017663776874542],"[0, 0, 1, 0]"
283.041005611,,20199,,1583006587,893536090,"""Soft Sip""",[0.0993184745311737],"[0, 0, 1, 0]"
283.046456099,,20200,,1583006587,898979902,"""Soft Sip""",[0.11017663776874542],"[0, 0, 1, 0]"
283.052053928,,20201,,1583006587,904438972,"""Soft Sip""",[0.12103480100631714],"[0, 0, 1, 0]"
283.058208704,,20202,,1583006587,910026073,"""Soft Sip""",[0.13186083734035492],"[0, 0, 1, 0]"
283.064153671,,20203,,1583006587,916202068,"""Soft Sip""",[0.14271900057792664],"[0, 0, 1, 0]"
283.07033658,,20204,,1583006587,922166109,"""Soft Sip""",[0.15357716381549835],"[0, 0, 1, 0]"
283.075498819,,20205,,1583006587,928317070,"""Soft Sip""",[0.16443534195423126],"[0, 0, 1, 0]"
283.081207752,,20206,,1583006587,933495998,"""Soft Sip""",[0.17529350519180298],"[0, 0, 1, 0]"
283.087571859,,20207,,1583006587,939223051,"""Soft Sip""",[0.18611954152584076],"[0, 0, 1, 0]"
283.092485428,,20208,,1583006587,945552110,"""Soft Sip""",[0.19697770476341248],"[0, 0, 1, 0]"
283.098444462,,20209,,1583006587,950448036,"""Soft Sip""",[0.2078358680009842],"[0, 0, 1, 0]"
283.103158951,,20210,,1583006587,956423044,"""Soft Sip""",[0.2186940312385559],"[0, 0, 1, 0]"
283.108585835,,20211,,1583006587,961139917,"""Soft Sip""",[0.22955219447612762],"[0, 0, 1, 0]"
283.114851952,,20212,,1583006587,966562986,"""Soft Sip""",[0.2186940312385559],"[0, 0, 1, 0]"
283.12040925,,20213,,1583006587,972831964,"""Soft Sip""",[0.22955219447612762],"[0, 0, 1, 0]"
283.125623703,,20214,,1583006587,978420972,"""Soft Sip""",[0.2186940312385559],"[0, 0, 1, 0]"
283.131127834,,20215,,1583006587,983612060,"""Soft Sip""",[0.2078358680009842],"[0, 0, 1, 0]"
283.135494709,,20216,,1583006587,989001035,"""Soft Sip""",[0.19697770476341248],"[0, 0, 1, 0]"
283.141330719,,20217,,1583006587,993449926,"""Soft Sip""",[0.18611954152584076],"[0, 0, 1, 0]"
283.14704299,,20218,,1583006587,999485969,"""Soft Sip""",[0.17529350519180298],"[0, 0, 1, 0]"
283.153835297,,20219,,1583006588,5013942,"""Soft Sip""",[0.18611954152584076],"[0, 0, 1, 0]"
283.159698963,,20220,,1583006588,11817932,"""Soft Sip""",[0.17529350519180298],"[0, 0, 1, 0]"
283.164551258,,20221,,1583006588,17694950,"""Soft Sip""",[0.18611954152584076],"[0, 0, 1, 0]"
283.170285463,,20222,,1583006588,22535085,"""Soft Sip""",[0.17529350519180298],"[0, 0, 1, 0]"
283.175367594,,20223,,1583006588,28269052,"""Soft Sip""",[0.16443534195423126],"[0, 0, 1, 0]"
283.180758476,,20224,,1583006588,33348083,"""Soft Sip""",[0.15357716381549835],"[0, 0, 1, 0]"
283.187978506,,20225,,1583006588,38672924,"""Soft Sip""",[0.14271900057792664],"[0, 0, 1, 0]"
283.193621159,,20226,,1583006588,45988082,"""Soft Sip""",[0.13186083734035492],"[0, 0, 1, 0]"
283.200599432,,20227,,1583006588,51599025,"""Soft Sip""",[0.12103480100631714],"[0, 0, 1, 0]"
283.20663929,,20228,,1583006588,58131933,"""Soft Sip""",[0.11017663776874542],"[0, 0, 1, 0]"
283.212621212,,20229,,1583006588,64934015,"""Soft Sip""",[0.0993184745311737],"[0, 0, 1, 0]"
283.220116377,,20230,,1583006588,70595026,"""Soft Sip""",[0.11017663776874542],"[0, 0, 1, 0]"
283.226886034,,20231,,1583006588,78084945,"""Soft Sip""",[0.0993184745311737],"[0, 0, 1, 0]"
283.233864784,,20232,,1583006588,84856033,"""Soft Sip""",[0.08846031129360199],"[0, 0, 1, 0]"
283.241618156,,20233,,1583006588,91814994,"""Soft Sip""",[0.07760214805603027],"[0, 0, 1, 0]"
283.248911381,,20234,,1583006588,99586963,"""Soft Sip""",[0.06674397736787796],"[0, 0, 1, 0]"
283.254847527,,20235,,1583006588,106884002,"""Soft Sip""",[0.05591794103384018],"[0, 0, 1, 0]"
283.260139227,,20236,,1583006588,112979888,"""Soft Sip""",[0.04505977779626846],"[0, 0, 1, 0]"
283.26539588,,20237,,1583006588,118122100,"""Soft Sip""",[0.03420161083340645],"[0, 0, 1, 0]"
283.270549059,,20238,,1583006588,123404026,"""Soft Sip""",[0.023343447595834732],"[0, 0, 1, 0]"
283.277603149,,20239,,1583006588,128528118,"""Soft Sip""",[0.012485282495617867],"[0, 0, 1, 0]"
283.284846544,,20240,,1583006588,135576009,"""Soft Sip""",[0.023343447595834732],"[0, 0, 1, 0]"
283.290586233,,20241,,1583006588,142713069,"""Soft Sip""",[0.012485282495617867],"[0, 0, 1, 0]"
283.297072887,,20242,,1583006588,148552894,"""Soft Sip""",[0.023343447595834732],"[0, 0, 1, 0]"
283.303533316,,20243,,1583006588,154903888,"""Soft Sip""",[0.03420161083340645],"[0, 0, 1, 0]"
283.310890675,,20244,,1583006588,161597013,"""Soft Sip""",[0.04505977779626846],"[0, 0, 1, 0]"
283.316164732,,20245,,1583006588,168865919,"""Soft Sip""",[0.05591794103384018],"[0, 0, 1, 0]"
283.321883678,,20246,,1583006588,174171924,"""Soft Sip""",[0.06674397736787796],"[0, 0, 1, 0]"
283.327402592,,20247,,1583006588,179900884,"""Soft Sip""",[0.07760214805603027],"[0, 0, 1, 0]"
283.332756519,,20248,,1583006588,185463905,"""Soft Sip""",[0.08846031129360199],"[0, 0, 1, 0]"
283.339464903,,20249,,1583006588,190831899,"""Soft Sip""",[0.0993184745311737],"[0, 0, 1, 0]"
283.347044706,,20250,,1583006588,197468042,"""Soft Sip""",[0.11017663776874542],"[0, 0, 1, 0]"
283.352952719,,20251,,1583006588,205050945,"""Soft Sip""",[0.12103480100631714],"[0, 0, 1, 0]"
283.36028409,,20252,,1583006588,211050033,"""Soft Sip""",[0.13186083734035492],"[0, 0, 1, 0]"
283.365222216,,20253,,1583006588,218379020,"""Soft Sip""",[0.14271900057792664],"[0, 0, 1, 0]"
283.370913029,,20254,,1583006588,223203897,"""Soft Sip""",[0.15357716381549835],"[0, 0, 1, 0]"
283.378091812,,20255,,1583006588,228910923,"""Soft Sip""",[0.16443534195423126],"[0, 0, 1, 0]"
283.383414745,,20256,,1583006588,236099958,"""Soft Sip""",[0.17529350519180298],"[0, 0, 1, 0]"
283.389228344,,20257,,1583006588,241425991,"""Soft Sip""",[0.18611954152584076],"[0, 0, 1, 0]"
283.396023035,,20258,,1583006588,247210025,"""Soft Sip""",[0.19697770476341248],"[0, 0, 1, 0]"
283.401082277,,20259,,1583006588,254081010,"""Soft Sip""",[0.2078358680009842],"[0, 0, 1, 0]"
283.407677412,,20260,,1583006588,259038925,"""Soft Sip""",[0.2186940312385559],"[0, 0, 1, 0]"
283.414116859,,20261,,1583006588,265753030,"""Soft Sip""",[0.2078358680009842],"[0, 0, 1, 0]"
283.418957233,,20262,,1583006588,272223949,"""Soft Sip""",[0.19697770476341248],"[0, 0, 1, 0]"
283.424104452,,20263,,1583006588,277026891,"""Soft Sip""",[0.18611954152584076],"[0, 0, 1, 0]"
283.429634809,,20264,,1583006588,282161951,"""Soft Sip""",[0.17529350519180298],"[0, 0, 1, 0]"
283.434124231,,20265,,1583006588,287689924,"""Soft Sip""",[0.16443534195423126],"[0, 0, 1, 0]"
283.441200018,,20266,,1583006588,292171955,"""Soft Sip""",[0.15357716381549835],"[0, 0, 1, 0]"
283.483454943,,20267,,1583006588,335539102,"""Soft Sip""",[0.14271900057792664],"[0, 0, 1, 0]"
283.489274979,,20268,,1583006588,341500997,"""Soft Sip""",[0.15357716381549835],"[0, 0, 1, 0]"
283.496145725,,20269,,1583006588,347338914,"""Soft Sip""",[0.14271900057792664],"[0, 0, 1, 0]"
283.533856392,,20270,,1583006588,385494947,"""Soft Sip""",[0.15357716381549835],"[0, 0, 1, 0]"
283.539694309,,20271,,1583006588,391943931,"""Soft Sip""",[0.14271900057792664],"[0, 0, 1, 0]"
283.545148373,,20272,,1583006588,397794961,"""Soft Sip""",[0.15357716381549835],"[0, 0, 1, 0]"
283.584220409,,20273,,1583006588,435532093,"""Soft Sip""",[0.16443534195423126],"[0, 0, 1, 0]"
283.615160942,,20274,,1583006588,467533111,"""Soft Sip""",[0.17529350519180298],"[0, 0, 1, 0]"
283.619848728,,20275,,1583006588,473059892,"""Soft Sip""",[0.16443534195423126],"[0, 0, 1, 0]"
283.626973391,,20276,,1583006588,477921009,"""Soft Sip""",[0.17529350519180298],"[0, 0, 1, 0]"
283.633053303,,20277,,1583006588,485078096,"""Soft Sip""",[0.18611954152584076],"[0, 0, 1, 0]"
283.653119087,,20278,,1583006588,505522012,"""Soft Sip""",[0.19697770476341248],"[0, 0, 1, 0]"
283.716071129,,20279,,1583006588,567595958,"""Soft Sip""",[0.2078358680009842],"[0, 0, 1, 0]"
283.720785379,,20280,,1583006588,574140071,"""Soft Sip""",[0.19697770476341248],"[0, 0, 1, 0]"
283.726992607,,20281,,1583006588,578859090,"""Soft Sip""",[0.2078358680009842],"[0, 0, 1, 0]"
283.732050419,,20282,,1583006588,585043907,"""Soft Sip""",[0.19697770476341248],"[0, 0, 1, 0]"
283.736837864,,20283,,1583006588,590100049,"""Soft Sip""",[0.2078358680009842],"[0, 0, 1, 0]"
283.773705482,,20284,,1583006588,625507116,"""Soft Sip""",[0.19697770476341248],"[0, 0, 1, 0]"
283.819714546,,20285,,1583006588,671577930,"""Soft Sip""",[0.2078358680009842],"[0, 0, 1, 0]"
283.824529648,,20286,,1583006588,677753925,"""Soft Sip""",[0.19697770476341248],"[0, 0, 1, 0]"
283.870221376,,20287,,1583006588,721506118,"""Soft Sip""",[0.2078358680009842],"[0, 0, 1, 0]"
283.876012564,,20288,,1583006588,729429006,"""Soft Sip""",[0.19697770476341248],"[0, 0, 1, 0]"
283.897942305,,20289,,1583006588,749449014,"""Soft Sip""",[0.2078358680009842],"[0, 0, 1, 0]"
283.904675245,,20290,,1583006588,756043910,"""Soft Sip""",[0.19697770476341248],"[0, 0, 1, 0]"
283.909638882,,20291,,1583006588,762700080,"""Soft Sip""",[0.2078358680009842],"[0, 0, 1, 0]"
283.966858387,,20292,,1583006588,819456100,"""Soft Sip""",[0.19697770476341248],"[0, 0, 1, 0]"
283.982649088,,20293,,1583006588,833724975,"""Soft Sip""",[0.18611954152584076],"[0, 0, 1, 0]"
283.994337559,,20294,,1583006588,845439910,"""Soft Sip""",[0.17529350519180298],"[0, 0, 1, 0]"
284.002872229,,20295,,1583006588,855385065,"""Soft Sip""",[0.16443534195423126],"[0, 0, 1, 0]"
284.012001038,,20296,,1583006588,863483905,"""Soft Sip""",[0.15357716381549835],"[0, 0, 1, 0]"
284.020597458,,20297,,1583006588,873426914,"""Soft Sip""",[0.14271900057792664],"[0, 0, 1, 0]"
284.035293102,,20298,,1583006588,887454032,"""Soft Sip""",[0.13186083734035492],"[0, 0, 1, 0]"
284.046352863,,20299,,1583006588,897519111,"""Soft Sip""",[0.12103480100631714],"[0, 0, 1, 0]"
284.052186489,,20300,,1583006588,905401945,"""Soft Sip""",[0.11017663776874542],"[0, 0, 1, 0]"
284.06428504,,20301,,1583006588,917540073,"""Soft Sip""",[0.0993184745311737],"[0, 0, 1, 0]"
284.07199192,,20302,,1583006588,923382997,"""Soft Sip""",[0.08846031129360199],"[0, 0, 1, 0]"
284.080818653,,20303,,1583006588,933613061,"""Soft Sip""",[0.07760214805603027],"[0, 0, 1, 0]"
284.09371233,,20304,,1583006588,945540904,"""Soft Sip""",[0.06674397736787796],"[0, 0, 1, 0]"
284.105533123,,20305,,1583006588,957499027,"""Soft Sip""",[0.05591794103384018],"[0, 0, 1, 0]"
284.125189066,,20306,,1583006588,977493047,"""Soft Sip""",[0.04505977779626846],"[0, 0, 1, 0]"
284.147150278,,20307,,1583006588,999576091,"""Soft Sip""",[0.03420161083340645],"[0, 0, 1, 0]"
284.167488575,,20308,,1583006589,17498016,"""Soft Sip""",[0.023343447595834732],"[0, 0, 1, 0]"
284.185904503,,20309,,1583006589,37441968,"""Soft Sip""",[0.012485282495617867],"[0, 0, 1, 0]"
284.204724073,,20310,,1583006589,61475038,"""Zero Band""",[0.0016592431347817183],"[0, 0, 0, 0]"
284.21471715,,20311,,1583006589,67455053,"""Soft Sip""",[0.012485282495617867],"[0, 0, 1, 0]"
284.215991497,,20312,,1583006589,72779893,"""Zero Band""",[0.0016592431347817183],"[0, 0, 0, 0]"
284.246623755,,20313,,1583006589,103468894,"""Zero Band""",[-0.0],"[0, 0, 0, 0]"
284.272409201,,20314,,1583006589,129518032,"""Zero Band""",[-0.0],"[0, 0, 0, 0]"
284.344967127,,20315,,1583006589,201628923,"""Zero Band""",[-0.0],"[0, 0, 0, 0]"
284.37667942,,20316,,1583006589,233490943,"""Zero Band""",[0.0016592431347817183],"[0, 0, 0, 0]"
284.391505718,,20317,,1583006589,243438959,"""Soft Sip""",[0.012485282495617867],"[0, 0, 1, 0]"
284.418279171,,20318,,1583006589,269556999,"""Soft Sip""",[0.023343447595834732],"[0, 0, 1, 0]"
284.45968318,,20319,,1583006589,311476945,"""Soft Sip""",[0.012485282495617867],"[0, 0, 1, 0]"
284.465230942,,20320,,1583006589,317784070,"""Soft Sip""",[0.023343447595834732],"[0, 0, 1, 0]"
284.469660044,,20321,,1583006589,323230028,"""Soft Sip""",[0.012485282495617867],"[0, 0, 1, 0]"
284.47444272,,20322,,1583006589,331475019,"""Zero Band""",[0.0016592431347817183],"[0, 0, 0, 0]"
284.487076283,,20323,,1583006589,343687057,"""Zero Band""",[-0.0],"[0, 0, 0, 0]"
284.496510029,,20324,,1583006589,353467941,"""Zero Band""",[-0.0],"[0, 0, 0, 0]"
284.500282764,,20325,,1583006589,357403039,"""Zero Band""",[-0.0],"[0, 0, 0, 0]"
284.508651972,,20326,,1583006589,365519046,"""Zero Band""",[-0.0],"[0, 0, 0, 0]"
284.514477253,,20327,,1583006589,371448993,"""Zero Band""",[-0.0],"[0, 0, 0, 0]"
284.604817629,,20328,,1583006589,461494922,"""Zero Band""",[-0.0],"[0, 0, 0, 0]"
284.625068665,,20329,,1583006589,481503963,"""Zero Band""",[-0.0],"[0, 0, 0, 0]"
284.636701107,,20330,,1583006589,493499994,"""Zero Band""",[-0.0],"[0, 0, 0, 0]"
284.650704622,,20331,,1583006589,507503986,"""Zero Band""",[-0.0],"[0, 0, 0, 0]"
284.660868406,,20332,,1583006589,517529964,"""Zero Band""",[0.0016592431347817183],"[0, 0, 0, 0]"
284.672722101,,20333,,1583006589,525446891,"""Soft Sip""",[0.012485282495617867],"[0, 0, 1, 0]"
284.685459852,,20334,,1583006589,537492990,"""Soft Sip""",[0.023343447595834732],"[0, 0, 1, 0]"
284.690661192,,20335,,1583006589,543540000,"""Soft Sip""",[0.012485282495617867],"[0, 0, 1, 0]"
284.696347237,,20336,,1583006589,548722982,"""Soft Sip""",[0.023343447595834732],"[0, 0, 1, 0]"
284.754046679,,20337,,1583006589,605510950,"""Soft Sip""",[0.03420161083340645],"[0, 0, 1, 0]"
284.769551992,,20338,,1583006589,621449947,"""Soft Sip""",[0.04505977779626846],"[0, 0, 1, 0]"
284.777126789,,20339,,1583006589,629452943,"""Soft Sip""",[0.05591794103384018],"[0, 0, 1, 0]"
284.787715197,,20340,,1583006589,637425899,"""Soft Sip""",[0.06674397736787796],"[0, 0, 1, 0]"
284.793620348,,20341,,1583006589,645762920,"""Soft Sip""",[0.07760214805603027],"[0, 0, 1, 0]"
284.798304081,,20342,,1583006589,651709079,"""Soft Sip""",[0.08846031129360199],"[0, 0, 1, 0]"
284.803612232,,20343,,1583006589,656388998,"""Soft Sip""",[0.0993184745311737],"[0, 0, 1, 0]"
284.810836792,,20344,,1583006589,661616086,"""Soft Sip""",[0.11017663776874542],"[0, 0, 1, 0]"
284.817314625,,20345,,1583006589,668860912,"""Soft Sip""",[0.12103480100631714],"[0, 0, 1, 0]"
284.822907925,,20346,,1583006589,675455093,"""Soft Sip""",[0.13186083734035492],"[0, 0, 1, 0]"
284.829792738,,20347,,1583006589,680926084,"""Soft Sip""",[0.14271900057792664],"[0, 0, 1, 0]"
284.834440231,,20348,,1583006589,687774896,"""Soft Sip""",[0.15357716381549835],"[0, 0, 1, 0]"
284.840400696,,20349,,1583006589,692430973,"""Soft Sip""",[0.16443534195423126],"[0, 0, 1, 0]"
284.848042488,,20350,,1583006589,698373079,"""Soft Sip""",[0.17529350519180298],"[0, 0, 1, 0]"
284.854170322,,20351,,1583006589,706212997,"""Soft Sip""",[0.18611954152584076],"[0, 0, 1, 0]"
284.863579035,,20352,,1583006589,712225914,"""Soft Sip""",[0.19697770476341248],"[0, 0, 1, 0]"
284.869931698,,20353,,1583006589,721561908,"""Soft Sip""",[0.2078358680009842],"[0, 0, 1, 0]"
284.875434637,,20354,,1583006589,728132963,"""Soft Sip""",[0.2186940312385559],"[0, 0, 1, 0]"
284.883133173,,20355,,1583006589,733417987,"""Soft Sip""",[0.22955219447612762],"[0, 0, 1, 0]"
284.8895576,,20356,,1583006589,741116046,"""Soft Sip""",[0.2403782308101654],"[0, 0, 1, 0]"
284.896346092,,20357,,1583006589,747594118,"""Soft Sip""",[0.2512364089488983],"[0, 0, 1, 0]"
284.902629375,,20358,,1583006589,753624916,"""Soft Sip""",[0.27295273542404175],"[0, 0, 1, 0]"
284.909151077,,20359,,1583006589,760617017,"""Soft Sip""",[0.28381088376045227],"[0, 0, 1, 0]"
284.915417433,,20360,,1583006589,767117023,"""Soft Sip""",[0.2946690618991852],"[0, 0, 1, 0]"
284.916347265,,20361,,1583006589,773309946,"""Soft-Hard Sip Deadband""",[0.30549511313438416],"[0, 0, 0, 0]"
284.917081356,,20362,,1583006589,774313926,"""Soft-Hard Sip Deadband""",[0.3163532614707947],"[0, 0, 0, 0]"
284.917979956,,20363,,1583006589,775093078,"""Soft-Hard Sip Deadband""",[0.3272114396095276],"[0, 0, 0, 0]"
284.918729544,,20364,,1583006589,775962114,"""Soft-Hard Sip Deadband""",[0.3380695879459381],"[0, 0, 0, 0]"
284.919544935,,20365,,1583006589,776808977,"""Soft-Hard Sip Deadband""",[0.348927766084671],"[0, 0, 0, 0]"
284.92026186,,20366,,1583006589,777569055,"""Soft-Hard Sip Deadband""",[0.3597537875175476],"[0, 0, 0, 0]"
284.92099762,,20367,,1583006589,778219938,"""Soft-Hard Sip Deadband""",[0.3706119656562805],"[0, 0, 0, 0]"
284.921792746,,20368,,1583006589,778987884,"""Soft-Hard Sip Deadband""",[0.38147011399269104],"[0, 0, 0, 0]"
284.922476768,,20369,,1583006589,779761075,"""Soft-Hard Sip Deadband""",[0.39232829213142395],"[0, 0, 0, 0]"
284.923171997,,20370,,1583006589,780457973,"""Soft-Hard Sip Deadband""",[0.4031864404678345],"[0, 0, 0, 0]"
284.923866987,,20371,,1583006589,781153917,"""Soft-Hard Sip Deadband""",[0.4140446186065674],"[0, 0, 0, 0]"
284.924525023,,20372,,1583006589,781845092,"""Soft-Hard Sip Deadband""",[0.42487066984176636],"[0, 0, 0, 0]"
284.92517662,,20373,,1583006589,782505989,"""Soft-Hard Sip Deadband""",[0.4357288181781769],"[0, 0, 0, 0]"
284.925899029,,20374,,1583006589,783149957,"""Soft-Hard Sip Deadband""",[0.4465869963169098],"[0, 0, 0, 0]"
284.926887512,,20375,,1583006589,783870935,"""Soft-Hard Sip Deadband""",[0.4357288181781769],"[0, 0, 0, 0]"
284.928154707,,20376,,1583006589,784972906,"""Soft-Hard Sip Deadband""",[0.42487066984176636],"[0, 0, 0, 0]"
284.930918932,,20377,,1583006589,787580013,"""Soft-Hard Sip Deadband""",[0.4140446186065674],"[0, 0, 0, 0]"
284.956597328,,20378,,1583006589,813505887,"""Soft-Hard Sip Deadband""",[0.42487066984176636],"[0, 0, 0, 0]"
284.966879845,,20379,,1583006589,823584079,"""Soft-Hard Sip Deadband""",[0.4357288181781769],"[0, 0, 0, 0]"
284.976434231,,20380,,1583006589,833472013,"""Soft-Hard Sip Deadband""",[0.4465869963169098],"[0, 0, 0, 0]"
284.982555151,,20381,,1583006589,839485883,"""Soft-Hard Sip Deadband""",[0.4574451446533203],"[0, 0, 0, 0]"
284.990385056,,20382,,1583006589,847440958,"""Soft-Hard Sip Deadband""",[0.4683033227920532],"[0, 0, 0, 0]"
284.998812914,,20383,,1583006589,855420112,"""Soft-Hard Sip Deadband""",[0.4791293442249298],"[0, 0, 0, 0]"
285.006526947,,20384,,1583006589,863445997,"""Soft-Hard Sip Deadband""",[0.4899875223636627],"[0, 0, 0, 0]"
285.020700693,,20385,,1583006589,873480081,"""Zero Band""",[0.5008456707000732],"[0, 0, 0, 0]"
285.054590702,,20386,,1583006589,911456108,"""Soft-Hard Sip Deadband""",[0.4899875223636627],"[0, 0, 0, 0]"
285.076622486,,20387,,1583006589,933502912,"""Soft-Hard Sip Deadband""",[0.4791293442249298],"[0, 0, 0, 0]"
285.088434696,,20388,,1583006589,945461988,"""Soft-Hard Sip Deadband""",[0.4683033227920532],"[0, 0, 0, 0]"
285.10085535,,20389,,1583006589,957544088,"""Soft-Hard Sip Deadband""",[0.4574451446533203],"[0, 0, 0, 0]"
285.102459431,,20390,,1583006589,959358930,"""Soft-Hard Sip Deadband""",[0.4683033227920532],"[0, 0, 0, 0]"
285.104103565,,20391,,1583006589,961361885,"""Soft-Hard Sip Deadband""",[0.4574451446533203],"[0, 0, 0, 0]"
285.114833593,,20392,,1583006589,971512079,"""Soft-Hard Sip Deadband""",[0.4465869963169098],"[0, 0, 0, 0]"
285.130509853,,20393,,1583006589,987500905,"""Soft-Hard Sip Deadband""",[0.4357288181781769],"[0, 0, 0, 0]"
285.140604496,,20394,,1583006589,997463941,"""Soft-Hard Sip Deadband""",[0.42487066984176636],"[0, 0, 0, 0]"
285.148724318,,20395,,1583006590,5511999,"""Soft-Hard Sip Deadband""",[0.4140446186065674],"[0, 0, 0, 0]"
285.152615309,,20396,,1583006590,9466886,"""Soft-Hard Sip Deadband""",[0.4031864404678345],"[0, 0, 0, 0]"
285.156494141,,20397,,1583006590,13487100,"""Soft-Hard Sip Deadband""",[0.39232829213142395],"[0, 0, 0, 0]"
285.158551693,,20398,,1583006590,15393018,"""Soft-Hard Sip Deadband""",[0.38147011399269104],"[0, 0, 0, 0]"
285.162358999,,20399,,1583006590,19402027,"""Soft-Hard Sip Deadband""",[0.3706119656562805],"[0, 0, 0, 0]"
285.164271116,,20400,,1583006590,21383047,"""Soft-Hard Sip Deadband""",[0.3597537875175476],"[0, 0, 0, 0]"
285.170384884,,20401,,1583006590,27415990,"""Soft-Hard Sip Deadband""",[0.348927766084671],"[0, 0, 0, 0]"
285.172251225,,20402,,1583006590,29403924,"""Soft-Hard Sip Deadband""",[0.3380695879459381],"[0, 0, 0, 0]"
285.174218893,,20403,,1583006590,31409978,"""Soft-Hard Sip Deadband""",[0.3272114396095276],"[0, 0, 0, 0]"
285.178321838,,20404,,1583006590,35429954,"""Soft-Hard Sip Deadband""",[0.3163532614707947],"[0, 0, 0, 0]"
285.180263281,,20405,,1583006590,37383079,"""Soft-Hard Sip Deadband""",[0.30549511313438416],"[0, 0, 0, 0]"
285.187224627,,20406,,1583006590,39431095,"""Soft Sip""",[0.2946690618991852],"[0, 0, 1, 0]"
285.193001986,,20407,,1583006590,45316934,"""Soft Sip""",[0.28381088376045227],"[0, 0, 1, 0]"
285.198435307,,20408,,1583006590,50856113,"""Soft Sip""",[0.26209455728530884],"[0, 0, 1, 0]"
285.204136848,,20409,,1583006590,56509017,"""Soft Sip""",[0.2512364089488983],"[0, 0, 1, 0]"
285.210043907,,20410,,1583006590,62232017,"""Soft Sip""",[0.2403782308101654],"[0, 0, 1, 0]"
285.217529774,,20411,,1583006590,68020105,"""Soft Sip""",[0.22955219447612762],"[0, 0, 1, 0]"
285.224311352,,20412,,1583006590,75567960,"""Soft Sip""",[0.2186940312385559],"[0, 0, 1, 0]"
285.229812384,,20413,,1583006590,82282066,"""Soft Sip""",[0.2078358680009842],"[0, 0, 1, 0]"
285.235392332,,20414,,1583006590,88032007,"""Soft Sip""",[0.19697770476341248],"[0, 0, 1, 0]"
285.240566254,,20415,,1583006590,93373060,"""Soft Sip""",[0.18611954152584076],"[0, 0, 1, 0]"
285.245983124,,20416,,1583006590,98575115,"""Soft Sip""",[0.17529350519180298],"[0, 0, 1, 0]"
285.253248453,,20417,,1583006590,104022979,"""Soft Sip""",[0.16443534195423126],"[0, 0, 1, 0]"
285.258597136,,20418,,1583006590,111229896,"""Soft Sip""",[0.15357716381549835],"[0, 0, 1, 0]"
285.263457537,,20419,,1583006590,116609096,"""Soft Sip""",[0.14271900057792664],"[0, 0, 1, 0]"
285.269748688,,20420,,1583006590,121534109,"""Soft Sip""",[0.13186083734035492],"[0, 0, 1, 0]"
285.274708986,,20421,,1583006590,127726078,"""Soft Sip""",[0.12103480100631714],"[0, 0, 1, 0]"
285.279910803,,20422,,1583006590,132723093,"""Soft Sip""",[0.11017663776874542],"[0, 0, 1, 0]"
285.285755157,,20423,,1583006590,138063907,"""Soft Sip""",[0.0993184745311737],"[0, 0, 1, 0]"
285.291514635,,20424,,1583006590,143735885,"""Soft Sip""",[0.08846031129360199],"[0, 0, 1, 0]"
285.29774332,,20425,,1583006590,149517059,"""Soft Sip""",[0.07760214805603027],"[0, 0, 1, 0]"
285.303736687,,20426,,1583006590,155746936,"""Soft Sip""",[0.06674397736787796],"[0, 0, 1, 0]"
285.308959723,,20427,,1583006590,161714076,"""Soft Sip""",[0.05591794103384018],"[0, 0, 1, 0]"
285.3150208,,20428,,1583006590,166937112,"""Soft Sip""",[0.04505977779626846],"[0, 0, 1, 0]"
285.320770741,,20429,,1583006590,172995090,"""Soft Sip""",[0.03420161083340645],"[0, 0, 1, 0]"
285.326211929,,20430,,1583006590,178843975,"""Soft Sip""",[0.023343447595834732],"[0, 0, 1, 0]"
285.331254005,,20431,,1583006590,184197902,"""Soft Sip""",[0.012485282495617867],"[0, 0, 1, 0]"
285.332198143,,20432,,1583006590,189169883,"""Zero Band""",[0.0016592431347817183],"[0, 0, 0, 0]"
285.332728148,,20433,,1583006590,189971923,"""Zero Band""",[-0.0],"[0, 0, 0, 0]"
285.333506823,,20434,,1583006590,190818071,"""Zero Band""",[-0.0],"[0, 0, 0, 0]"
285.334191084,,20435,,1583006590,191483974,"""Zero Band""",[-0.0],"[0, 0, 0, 0]"
285.334861279,,20436,,1583006590,192167997,"""Zero Band""",[-0.0],"[0, 0, 0, 0]"
285.335598946,,20437,,1583006590,192836999,"""Zero Band""",[-0.0],"[0, 0, 0, 0]"
285.336369991,,20438,,1583006590,193646907,"""Zero Band""",[-0.0],"[0, 0, 0, 0]"
285.348759174,,20439,,1583006590,205568075,"""Zero Band""",[-0.0],"[0, 0, 0, 0]"
285.361024857,,20440,,1583006590,217616081,"""Zero Band""",[-0.0],"[0, 0, 0, 0]"
285.362271547,,20441,,1583006590,219419002,"""Zero Band""",[-0.0],"[0, 0, 0, 0]"
285.364096642,,20442,,1583006590,221370935,"""Zero Band""",[-0.0],"[0, 0, 0, 0]"
285.400851727,,20443,,1583006590,257492065,"""Zero Band""",[-0.0],"[0, 0, 0, 0]"
285.422695637,,20444,,1583006590,279508113,"""Zero Band""",[-0.0],"[0, 0, 0, 0]"
285.424325705,,20445,,1583006590,281457901,"""Zero Band""",[-0.0],"[0, 0, 0, 0]"
285.434592247,,20446,,1583006590,291457891,"""Zero Band""",[-0.0],"[0, 0, 0, 0]"
285.438247681,,20447,,1583006590,295407056,"""Zero Band""",[-0.0],"[0, 0, 0, 0]"
285.45071125,,20448,,1583006590,307461977,"""Zero Band""",[-0.0],"[0, 0, 0, 0]"
285.466711283,,20449,,1583006590,323581933,"""Zero Band""",[-0.0],"[0, 0, 0, 0]"
285.525843859,,20451,,1583006590,382442951,"""input stopped""",[-0.0],"[0, 0, 0, 0]"
285.579343557,,20452,,1583006590,436408042,"""Zero Band""",[-0.0],"[0, 0, 0, 0]"
285.586388826,,20453,,1583006590,443433046,"""Zero Band""",[-0.0],"[0, 0, 0, 0]"
285.590450764,,20454,,1583006590,447446107,"""Zero Band""",[-0.0],"[0, 0, 0, 0]"
285.594818354,,20455,,1583006590,451474905,"""Zero Band""",[-0.0],"[0, 0, 0, 0]"
285.598218918,,20456,,1583006590,455369949,"""Zero Band""",[-0.0],"[0, 0, 0, 0]"
285.602256298,,20457,,1583006590,459358930,"""Zero Band""",[0.0016592431347817183],"[0, 0, 0, 0]"
285.609313011,,20458,,1583006590,461391925,"""Soft Sip""",[0.012485282495617867],"[0, 0, 1, 0]"
285.615074158,,20459,,1583006590,467417955,"""Soft Sip""",[0.023343447595834732],"[0, 0, 1, 0]"
285.619980812,,20460,,1583006590,473063945,"""Soft Sip""",[0.03420161083340645],"[0, 0, 1, 0]"
285.626090527,,20461,,1583006590,478065967,"""Soft Sip""",[0.04505977779626846],"[0, 0, 1, 0]"
285.630966425,,20462,,1583006590,484124898,"""Soft Sip""",[0.05591794103384018],"[0, 0, 1, 0]"
285.635625362,,20463,,1583006590,488987922,"""Soft Sip""",[0.06674397736787796],"[0, 0, 1, 0]"
285.64243722,,20464,,1583006590,493675947,"""Soft Sip""",[0.07760214805603027],"[0, 0, 1, 0]"
285.647312403,,20465,,1583006590,500530004,"""Soft Sip""",[0.08846031129360199],"[0, 0, 1, 0]"
285.652063131,,20466,,1583006590,505295038,"""Soft Sip""",[0.0993184745311737],"[0, 0, 1, 0]"
285.657133818,,20467,,1583006590,510139942,"""Soft Sip""",[0.11017663776874542],"[0, 0, 1, 0]"
285.661946297,,20468,,1583006590,515234947,"""Soft Sip""",[0.12103480100631714],"[0, 0, 1, 0]"
285.690248489,,20469,,1583006590,541493892,"""Soft Sip""",[0.13186083734035492],"[0, 0, 1, 0]"
285.711311579,,20470,,1583006590,563596010,"""Soft Sip""",[0.14271900057792664],"[0, 0, 1, 0]"
285.740679502,,20471,,1583006590,591576099,"""Soft Sip""",[0.13186083734035492],"[0, 0, 1, 0]"
285.746505737,,20472,,1583006590,598769903,"""Soft Sip""",[0.14271900057792664],"[0, 0, 1, 0]"
285.751944065,,20473,,1583006590,604577064,"""Soft Sip""",[0.13186083734035492],"[0, 0, 1, 0]"
285.758659363,,20474,,1583006590,610023975,"""Soft Sip""",[0.12103480100631714],"[0, 0, 1, 0]"
285.772034645,,20475,,1583006590,623596906,"""Soft Sip""",[0.11017663776874542],"[0, 0, 1, 0]"
285.777151823,,20476,,1583006590,630137920,"""Soft Sip""",[0.12103480100631714],"[0, 0, 1, 0]"
285.782690287,,20477,,1583006590,635194063,"""Soft Sip""",[0.11017663776874542],"[0, 0, 1, 0]"
285.811466217,,20478,,1583006590,663594007,"""Soft Sip""",[0.12103480100631714],"[0, 0, 1, 0]"
285.862169743,,20479,,1583006590,713502883,"""Soft Sip""",[0.13186083734035492],"[0, 0, 1, 0]"
285.872418165,,20480,,1583006590,723459959,"""Soft Sip""",[0.14271900057792664],"[0, 0, 1, 0]"
285.878981352,,20481,,1583006590,731391906,"""Soft Sip""",[0.15357716381549835],"[0, 0, 1, 0]"
285.884759426,,20482,,1583006590,737456083,"""Soft Sip""",[0.16443534195423126],"[0, 0, 1, 0]"
285.890211821,,20483,,1583006590,742805957,"""Soft Sip""",[0.17529350519180298],"[0, 0, 1, 0]"
285.896953583,,20484,,1583006590,748306035,"""Soft Sip""",[0.18611954152584076],"[0, 0, 1, 0]"
285.902096033,,20485,,1583006590,754985094,"""Soft Sip""",[0.19697770476341248],"[0, 0, 1, 0]"
285.90770483,,20486,,1583006590,760166883,"""Soft Sip""",[0.2078358680009842],"[0, 0, 1, 0]"
285.913301945,,20487,,1583006590,765774011,"""Soft Sip""",[0.2186940312385559],"[0, 0, 1, 0]"
285.920126438,,20488,,1583006590,771203994,"""Soft Sip""",[0.22955219447612762],"[0, 0, 1, 0]"
285.927511692,,20489,,1583006590,778063058,"""Soft Sip""",[0.2403782308101654],"[0, 0, 1, 0]"
285.933475494,,20490,,1583006590,785593032,"""Soft Sip""",[0.2512364089488983],"[0, 0, 1, 0]"
285.938975334,,20491,,1583006590,791521072,"""Soft Sip""",[0.26209455728530884],"[0, 0, 1, 0]"
285.944370031,,20492,,1583006590,796953916,"""Soft Sip""",[0.27295273542404175],"[0, 0, 1, 0]"
285.949540377,,20493,,1583006590,802506923,"""Soft Sip""",[0.28381088376045227],"[0, 0, 1, 0]"
285.956540108,,20494,,1583006590,807564973,"""Soft Sip""",[0.2946690618991852],"[0, 0, 1, 0]"
285.957977295,,20495,,1583006590,814714908,"""Soft-Hard Sip Deadband""",[0.30549511313438416],"[0, 0, 0, 0]"
285.958957195,,20496,,1583006590,815984010,"""Soft-Hard Sip Deadband""",[0.3163532614707947],"[0, 0, 0, 0]"
285.959845781,,20497,,1583006590,816934108,"""Soft-Hard Sip Deadband""",[0.3272114396095276],"[0, 0, 0, 0]"
285.960856915,,20498,,1583006590,817918062,"""Soft-Hard Sip Deadband""",[0.3380695879459381],"[0, 0, 0, 0]"
285.961636305,,20499,,1583006590,818834066,"""Soft-Hard Sip Deadband""",[0.348927766084671],"[0, 0, 0, 0]"
285.962450504,,20500,,1583006590,819714069,"""Soft-Hard Sip Deadband""",[0.3597537875175476],"[0, 0, 0, 0]"
285.963205338,,20501,,1583006590,820424079,"""Soft-Hard Sip Deadband""",[0.3706119656562805],"[0, 0, 0, 0]"
285.966371298,,20502,,1583006590,823401927,"""Soft-Hard Sip Deadband""",[0.38147011399269104],"[0, 0, 0, 0]"
285.970341206,,20503,,1583006590,827425003,"""Soft-Hard Sip Deadband""",[0.39232829213142395],"[0, 0, 0, 0]"
285.978827715,,20504,,1583006590,835500001,"""Soft-Hard Sip Deadband""",[0.4031864404678345],"[0, 0, 0, 0]"
285.986707211,,20505,,1583006590,843521118,"""Soft-Hard Sip Deadband""",[0.4140446186065674],"[0, 0, 0, 0]"
285.992475271,,20506,,1583006590,849482059,"""Soft-Hard Sip Deadband""",[0.42487066984176636],"[0, 0, 0, 0]"
286.000527143,,20507,,1583006590,857445001,"""Soft-Hard Sip Deadband""",[0.4357288181781769],"[0, 0, 0, 0]"
286.004310131,,20508,,1583006590,861406087,"""Soft-Hard Sip Deadband""",[0.4465869963169098],"[0, 0, 0, 0]"
286.008893967,,20509,,1583006590,865618944,"""Soft-Hard Sip Deadband""",[0.4574451446533203],"[0, 0, 0, 0]"
286.012193918,,20510,,1583006590,869374990,"""Soft-Hard Sip Deadband""",[0.4683033227920532],"[0, 0, 0, 0]"
286.018479109,,20511,,1583006590,875452995,"""Soft-Hard Sip Deadband""",[0.4791293442249298],"[0, 0, 0, 0]"
286.020224094,,20512,,1583006590,877433061,"""Soft-Hard Sip Deadband""",[0.4899875223636627],"[0, 0, 0, 0]"
286.031520367,,20513,,1583006590,883564949,"""Zero Band""",[0.5008456707000732],"[0, 0, 0, 0]"
286.036727905,,20514,,1583006590,889576911,"""Zero Band""",[0.5117038488388062],"[0, 0, 0, 0]"
286.041222095,,20515,,1583006590,894779920,"""Zero Band""",[0.5225620269775391],"[0, 0, 0, 0]"
286.047466755,,20516,,1583006590,899298906,"""Zero Band""",[0.533388078212738],"[0, 0, 0, 0]"
286.052664995,,20517,,1583006590,905528068,"""Zero Band""",[0.5442461967468262],"[0, 0, 0, 0]"
286.058119535,,20518,,1583006590,910703897,"""Zero Band""",[0.5551043748855591],"[0, 0, 0, 0]"
286.066433191,,20519,,1583006590,916192054,"""Zero Band""",[0.565962553024292],"[0, 0, 0, 0]"
286.072068214,,20520,,1583006590,924448013,"""Zero Band""",[0.5768207311630249],"[0, 0, 0, 0]"
286.083829403,,20521,,1583006590,935436010,"""Zero Band""",[0.565962553024292],"[0, 0, 0, 0]"
286.091934681,,20522,,1583006590,943423032,"""Zero Band""",[0.5551043748855591],"[0, 0, 0, 0]"
286.099145174,,20523,,1583006590,950036048,"""Zero Band""",[0.5442461967468262],"[0, 0, 0, 0]"
286.103689194,,20524,,1583006590,957225084,"""Zero Band""",[0.533388078212738],"[0, 0, 0, 0]"
286.10896039,,20525,,1583006590,961754083,"""Zero Band""",[0.5225620269775391],"[0, 0, 0, 0]"
286.115731478,,20526,,1583006590,967039108,"""Zero Band""",[0.5117038488388062],"[0, 0, 0, 0]"
286.120985031,,20527,,1583006590,973779916,"""Zero Band""",[0.5008456707000732],"[0, 0, 0, 0]"
286.12185955,,20528,,1583006590,979022026,"""Soft-Hard Sip Deadband""",[0.4899875223636627],"[0, 0, 0, 0]"
286.122751474,,20529,,1583006590,979835987,"""Soft-Hard Sip Deadband""",[0.4791293442249298],"[0, 0, 0, 0]"
286.123632908,,20530,,1583006590,980803966,"""Soft-Hard Sip Deadband""",[0.4683033227920532],"[0, 0, 0, 0]"
286.124606133,,20531,,1583006590,981684923,"""Soft-Hard Sip Deadband""",[0.4574451446533203],"[0, 0, 0, 0]"
286.125488043,,20532,,1583006590,982681035,"""Soft-Hard Sip Deadband""",[0.4465869963169098],"[0, 0, 0, 0]"
286.130388975,,20533,,1583006590,987473964,"""Soft-Hard Sip Deadband""",[0.4357288181781769],"[0, 0, 0, 0]"
286.134316921,,20534,,1583006590,991425037,"""Soft-Hard Sip Deadband""",[0.42487066984176636],"[0, 0, 0, 0]"
286.142332792,,20535,,1583006590,999433040,"""Soft-Hard Sip Deadband""",[0.4140446186065674],"[0, 0, 0, 0]"
286.15672946,,20536,,1583006591,13474941,"""Soft-Hard Sip Deadband""",[0.4031864404678345],"[0, 0, 0, 0]"
286.174531221,,20537,,1583006591,31531095,"""Soft-Hard Sip Deadband""",[0.39232829213142395],"[0, 0, 0, 0]"
286.184564352,,20538,,1583006591,41528940,"""Soft-Hard Sip Deadband""",[0.38147011399269104],"[0, 0, 0, 0]"
286.192488909,,20539,,1583006591,49462080,"""Soft-Hard Sip Deadband""",[0.3706119656562805],"[0, 0, 0, 0]"
286.20060873,,20540,,1583006591,57450056,"""Soft-Hard Sip Deadband""",[0.3597537875175476],"[0, 0, 0, 0]"
286.204282522,,20541,,1583006591,61434030,"""Soft-Hard Sip Deadband""",[0.348927766084671],"[0, 0, 0, 0]"
286.208393812,,20542,,1583006591,65450906,"""Soft-Hard Sip Deadband""",[0.3380695879459381],"[0, 0, 0, 0]"
286.212673664,,20543,,1583006591,69495916,"""Soft-Hard Sip Deadband""",[0.3272114396095276],"[0, 0, 0, 0]"
286.218565464,,20544,,1583006591,75458049,"""Soft-Hard Sip Deadband""",[0.3163532614707947],"[0, 0, 0, 0]"
286.220262527,,20545,,1583006591,77390909,"""Soft-Hard Sip Deadband""",[0.30549511313438416],"[0, 0, 0, 0]"
286.229027033,,20546,,1583006591,81429004,"""Soft Sip""",[0.2946690618991852],"[0, 0, 1, 0]"
286.234888077,,20547,,1583006591,87070941,"""Soft Sip""",[0.28381088376045227],"[0, 0, 1, 0]"
286.240146637,,20548,,1583006591,92971086,"""Soft Sip""",[0.27295273542404175],"[0, 0, 1, 0]"
286.246446371,,20549,,1583006591,98222017,"""Soft Sip""",[0.26209455728530884],"[0, 0, 1, 0]"
286.251083851,,20550,,1583006591,104521989,"""Soft Sip""",[0.2512364089488983],"[0, 0, 1, 0]"
286.256937742,,20551,,1583006591,109097957,"""Soft Sip""",[0.2403782308101654],"[0, 0, 1, 0]"
286.263330936,,20552,,1583006591,115026950,"""Soft Sip""",[0.22955219447612762],"[0, 0, 1, 0]"
286.26793766,,20553,,1583006591,121292114,"""Soft Sip""",[0.2186940312385559],"[0, 0, 1, 0]"
286.273245573,,20554,,1583006591,125982046,"""Soft Sip""",[0.2078358680009842],"[0, 0, 1, 0]"
286.277936697,,20555,,1583006591,131194114,"""Soft Sip""",[0.19697770476341248],"[0, 0, 1, 0]"
286.282734871,,20556,,1583006591,136044025,"""Soft Sip""",[0.18611954152584076],"[0, 0, 1, 0]"
286.290039301,,20557,,1583006591,140705108,"""Soft Sip""",[0.17529350519180298],"[0, 0, 1, 0]"
286.296605587,,20558,,1583006591,148062944,"""Soft Sip""",[0.16443534195423126],"[0, 0, 1, 0]"
286.301741362,,20559,,1583006591,154675960,"""Soft Sip""",[0.15357716381549835],"[0, 0, 1, 0]"
286.308409214,,20560,,1583006591,159715890,"""Soft Sip""",[0.14271900057792664],"[0, 0, 1, 0]"
286.315142155,,20561,,1583006591,166440963,"""Soft Sip""",[0.13186083734035492],"[0, 0, 1, 0]"
286.320504427,,20562,,1583006591,173249006,"""Soft Sip""",[0.12103480100631714],"[0, 0, 1, 0]"
286.326167345,,20563,,1583006591,178508043,"""Soft Sip""",[0.11017663776874542],"[0, 0, 1, 0]"
286.331781626,,20564,,1583006591,184148073,"""Soft Sip""",[0.0993184745311737],"[0, 0, 1, 0]"
286.33731699,,20565,,1583006591,189786911,"""Soft Sip""",[0.08846031129360199],"[0, 0, 1, 0]"
286.344246864,,20566,,1583006591,195456981,"""Soft Sip""",[0.07760214805603027],"[0, 0, 1, 0]"
286.349686861,,20567,,1583006591,202244997,"""Soft Sip""",[0.06674397736787796],"[0, 0, 1, 0]"
286.355851173,,20568,,1583006591,207566022,"""Soft Sip""",[0.05591794103384018],"[0, 0, 1, 0]"
286.36103797,,20569,,1583006591,213831901,"""Soft Sip""",[0.04505977779626846],"[0, 0, 1, 0]"
286.366911888,,20570,,1583006591,219010114,"""Soft Sip""",[0.03420161083340645],"[0, 0, 1, 0]"
286.373283863,,20571,,1583006591,224919080,"""Soft Sip""",[0.023343447595834732],"[0, 0, 1, 0]"
286.379864931,,20572,,1583006591,231421947,"""Soft Sip""",[0.012485282495617867],"[0, 0, 1, 0]"
286.380883932,,20573,,1583006591,237864971,"""Zero Band""",[0.0016592431347817183],"[0, 0, 0, 0]"
286.381847382,,20574,,1583006591,238852977,"""Zero Band""",[-0.0],"[0, 0, 0, 0]"
286.382767677,,20575,,1583006591,239811897,"""Zero Band""",[-0.0],"[0, 0, 0, 0]"
286.383735657,,20576,,1583006591,240720987,"""Zero Band""",[-0.0],"[0, 0, 0, 0]"
286.384717464,,20577,,1583006591,241694927,"""Zero Band""",[-0.0],"[0, 0, 0, 0]"
286.385541439,,20578,,1583006591,242558956,"""Zero Band""",[-0.0],"[0, 0, 0, 0]"
286.436813831,,20579,,1583006591,293593883,"""Zero Band""",[-0.0],"[0, 0, 0, 0]"
286.444509983,,20580,,1583006591,301455974,"""Zero Band""",[-0.0],"[0, 0, 0, 0]"
286.452522039,,20581,,1583006591,309492111,"""Zero Band""",[-0.0],"[0, 0, 0, 0]"
286.460765362,,20582,,1583006591,317511081,"""Zero Band""",[-0.0],"[0, 0, 0, 0]"
286.468365431,,20583,,1583006591,325416088,"""Zero Band""",[0.0016592431347817183],"[0, 0, 0, 0]"
286.478953123,,20584,,1583006591,331404924,"""Soft Sip""",[0.012485282495617867],"[0, 0, 1, 0]"
286.483959913,,20585,,1583006591,337431907,"""Soft Sip""",[0.023343447595834732],"[0, 0, 1, 0]"
286.491224766,,20586,,1583006591,343411922,"""Soft Sip""",[0.03420161083340645],"[0, 0, 1, 0]"
286.497825623,,20587,,1583006591,349425077,"""Soft Sip""",[0.04505977779626846],"[0, 0, 1, 0]"
286.503524542,,20588,,1583006591,355906009,"""Soft Sip""",[0.05591794103384018],"[0, 0, 1, 0]"
286.510972977,,20589,,1583006591,361675024,"""Soft Sip""",[0.06674397736787796],"[0, 0, 1, 0]"
286.517899036,,20590,,1583006591,369086027,"""Soft Sip""",[0.07760214805603027],"[0, 0, 1, 0]"
286.52557826,,20591,,1583006591,377429008,"""Soft Sip""",[0.08846031129360199],"[0, 0, 1, 0]"
286.533920527,,20592,,1583006591,385499000,"""Soft Sip""",[0.0993184745311737],"[0, 0, 1, 0]"
286.540992022,,20593,,1583006591,393424987,"""Soft Sip""",[0.11017663776874542],"[0, 0, 1, 0]"
286.54673934,,20594,,1583006591,399046897,"""Soft Sip""",[0.12103480100631714],"[0, 0, 1, 0]"
286.55146718,,20595,,1583006591,404824018,"""Soft Sip""",[0.13186083734035492],"[0, 0, 1, 0]"
286.556515932,,20596,,1583006591,409482002,"""Soft Sip""",[0.14271900057792664],"[0, 0, 1, 0]"
286.562232494,,20597,,1583006591,414582014,"""Soft Sip""",[0.15357716381549835],"[0, 0, 1, 0]"
286.567681313,,20598,,1583006591,420284032,"""Soft Sip""",[0.16443534195423126],"[0, 0, 1, 0]"
286.574037552,,20599,,1583006591,425750970,"""Soft Sip""",[0.17529350519180298],"[0, 0, 1, 0]"
286.584280252,,20600,,1583006591,437494039,"""Soft Sip""",[0.16443534195423126],"[0, 0, 1, 0]"
286.601919651,,20601,,1583006591,453696012,"""Soft Sip""",[0.15357716381549835],"[0, 0, 1, 0]"
286.607518911,,20602,,1583006591,459971904,"""Soft Sip""",[0.14271900057792664],"[0, 0, 1, 0]"
286.614907742,,20603,,1583006591,465667009,"""Soft Sip""",[0.13186083734035492],"[0, 0, 1, 0]"
286.621045351,,20604,,1583006591,473407983,"""Soft Sip""",[0.12103480100631714],"[0, 0, 1, 0]"
286.62985158,,20605,,1583006591,481465101,"""Soft Sip""",[0.11017663776874542],"[0, 0, 1, 0]"
286.638023853,,20606,,1583006591,489459037,"""Soft Sip""",[0.0993184745311737],"[0, 0, 1, 0]"
286.646181107,,20607,,1583006591,497422933,"""Soft Sip""",[0.08846031129360199],"[0, 0, 1, 0]"
286.651635647,,20608,,1583006591,504249095,"""Soft Sip""",[0.07760214805603027],"[0, 0, 1, 0]"
286.656137466,,20609,,1583006591,509654998,"""Soft Sip""",[0.06674397736787796],"[0, 0, 1, 0]"
286.662386179,,20610,,1583006591,514219045,"""Soft Sip""",[0.05591794103384018],"[0, 0, 1, 0]"
286.668066502,,20611,,1583006591,520488977,"""Soft Sip""",[0.04505977779626846],"[0, 0, 1, 0]"
286.67312479,,20612,,1583006591,526114940,"""Soft Sip""",[0.03420161083340645],"[0, 0, 1, 0]"
286.702157497,,20613,,1583006591,553584098,"""Soft Sip""",[0.04505977779626846],"[0, 0, 1, 0]"
286.714095592,,20614,,1583006591,565521001,"""Soft Sip""",[0.05591794103384018],"[0, 0, 1, 0]"
286.719725132,,20615,,1583006591,572194099,"""Soft Sip""",[0.06674397736787796],"[0, 0, 1, 0]"
286.724710703,,20616,,1583006591,577805042,"""Soft Sip""",[0.07760214805603027],"[0, 0, 1, 0]"
286.729915142,,20617,,1583006591,583399057,"""Soft Sip""",[0.08846031129360199],"[0, 0, 1, 0]"
286.736715317,,20618,,1583006591,587965011,"""Soft Sip""",[0.0993184745311737],"[0, 0, 1, 0]"
286.741584063,,20619,,1583006591,594782114,"""Soft Sip""",[0.11017663776874542],"[0, 0, 1, 0]"
286.747724533,,20620,,1583006591,599678993,"""Soft Sip""",[0.12103480100631714],"[0, 0, 1, 0]"
286.754640341,,20621,,1583006591,605802059,"""Soft Sip""",[0.13186083734035492],"[0, 0, 1, 0]"
286.760012865,,20622,,1583006591,612718105,"""Soft Sip""",[0.14271900057792664],"[0, 0, 1, 0]"
286.766331673,,20623,,1583006591,618055105,"""Soft Sip""",[0.15357716381549835],"[0, 0, 1, 0]"
286.771641016,,20624,,1583006591,624419927,"""Soft Sip""",[0.16443534195423126],"[0, 0, 1, 0]"
286.777106047,,20625,,1583006591,629625082,"""Soft Sip""",[0.17529350519180298],"[0, 0, 1, 0]"
286.784469128,,20626,,1583006591,635185956,"""Soft Sip""",[0.18611954152584076],"[0, 0, 1, 0]"
286.789801598,,20627,,1583006591,642575025,"""Soft Sip""",[0.19697770476341248],"[0, 0, 1, 0]"
286.794764042,,20628,,1583006591,647784948,"""Soft Sip""",[0.2078358680009842],"[0, 0, 1, 0]"
286.801628113,,20629,,1583006591,652745008,"""Soft Sip""",[0.2186940312385559],"[0, 0, 1, 0]"
286.806537151,,20630,,1583006591,659686088,"""Soft Sip""",[0.22955219447612762],"[0, 0, 1, 0]"
286.812849045,,20631,,1583006591,664599895,"""Soft Sip""",[0.2403782308101654],"[0, 0, 1, 0]"
286.819004297,,20632,,1583006591,670829057,"""Soft Sip""",[0.2512364089488983],"[0, 0, 1, 0]"
286.82455039,,20633,,1583006591,676984071,"""Soft Sip""",[0.26209455728530884],"[0, 0, 1, 0]"
286.831497192,,20634,,1583006591,682562112,"""Soft Sip""",[0.27295273542404175],"[0, 0, 1, 0]"
286.837541103,,20635,,1583006591,689575910,"""Soft Sip""",[0.28381088376045227],"[0, 0, 1, 0]"
286.857218027,,20636,,1583006591,709496974,"""Soft Sip""",[0.27295273542404175],"[0, 0, 1, 0]"
286.870979071,,20637,,1583006591,723488092,"""Soft Sip""",[0.26209455728530884],"[0, 0, 1, 0]"
286.907239199,,20638,,1583006591,759552001,"""Soft Sip""",[0.2512364089488983],"[0, 0, 1, 0]"
286.933912039,,20639,,1583006591,785577058,"""Soft Sip""",[0.2403782308101654],"[0, 0, 1, 0]"
286.939198732,,20640,,1583006591,792000055,"""Soft Sip""",[0.2512364089488983],"[0, 0, 1, 0]"
286.945094347,,20641,,1583006591,797293901,"""Soft Sip""",[0.2403782308101654],"[0, 0, 1, 0]"
286.991389275,,20642,,1583006591,843657970,"""Soft Sip""",[0.22955219447612762],"[0, 0, 1, 0]"
286.996870995,,20643,,1583006591,849440097,"""Soft Sip""",[0.2403782308101654],"[0, 0, 1, 0]"
287.007099628,,20644,,1583006591,859476089,"""Soft Sip""",[0.22955219447612762],"[0, 0, 1, 0]"
287.033807039,,20645,,1583006591,885561943,"""Soft Sip""",[0.2186940312385559],"[0, 0, 1, 0]"
287.044658422,,20646,,1583006591,895451068,"""Soft Sip""",[0.2078358680009842],"[0, 0, 1, 0]"
287.054958105,,20647,,1583006591,905487060,"""Soft Sip""",[0.19697770476341248],"[0, 0, 1, 0]"
287.078208208,,20648,,1583006591,929553031,"""Soft Sip""",[0.18611954152584076],"[0, 0, 1, 0]"
287.133106947,,20649,,1583006591,985615968,"""Soft Sip""",[0.19697770476341248],"[0, 0, 1, 0]"
287.155685186,,20650,,1583006592,7489919,"""Soft Sip""",[0.2078358680009842],"[0, 0, 1, 0]"
287.168126822,,20651,,1583006592,19553899,"""Soft Sip""",[0.2186940312385559],"[0, 0, 1, 0]"
287.175354719,,20652,,1583006592,27420997,"""Soft Sip""",[0.22955219447612762],"[0, 0, 1, 0]"
287.183470726,,20653,,1583006592,35482883,"""Soft Sip""",[0.2403782308101654],"[0, 0, 1, 0]"
287.198051214,,20654,,1583006592,49469947,"""Soft Sip""",[0.2512364089488983],"[0, 0, 1, 0]"
287.211564064,,20655,,1583006592,63539028,"""Soft Sip""",[0.26209455728530884],"[0, 0, 1, 0]"
287.269288301,,20656,,1583006592,121579885,"""Soft Sip""",[0.2512364089488983],"[0, 0, 1, 0]"
287.293049097,,20657,,1583006592,145502090,"""Soft Sip""",[0.2403782308101654],"[0, 0, 1, 0]"
287.298797369,,20658,,1583006592,151144027,"""Soft Sip""",[0.2512364089488983],"[0, 0, 1, 0]"
287.304128408,,20659,,1583006592,156936883,"""Soft Sip""",[0.2403782308101654],"[0, 0, 1, 0]"
287.33947444,,20660,,1583006592,191456079,"""Soft Sip""",[0.22955219447612762],"[0, 0, 1, 0]"
287.357309103,,20661,,1583006592,209537982,"""Soft Sip""",[0.2186940312385559],"[0, 0, 1, 0]"
287.371001482,,20662,,1583006592,223548889,"""Soft Sip""",[0.2078358680009842],"[0, 0, 1, 0]"
287.386791706,,20663,,1583006592,239515066,"""Soft Sip""",[0.19697770476341248],"[0, 0, 1, 0]"
287.426568985,,20664,,1583006592,279491901,"""Soft Sip""",[0.2078358680009842],"[0, 0, 1, 0]"
287.450889826,,20665,,1583006592,303651094,"""Soft Sip""",[0.2186940312385559],"[0, 0, 1, 0]"
287.469688177,,20666,,1583006592,321497917,"""Soft Sip""",[0.22955219447612762],"[0, 0, 1, 0]"
287.474354029,,20667,,1583006592,327768087,"""Soft Sip""",[0.2186940312385559],"[0, 0, 1, 0]"
287.479594231,,20668,,1583006592,332393884,"""Soft Sip""",[0.22955219447612762],"[0, 0, 1, 0]"
287.499150991,,20669,,1583006592,351481914,"""Soft Sip""",[0.2403782308101654],"[0, 0, 1, 0]"
287.504123449,,20670,,1583006592,357208013,"""Soft Sip""",[0.22955219447612762],"[0, 0, 1, 0]"
287.510829687,,20671,,1583006592,362154006,"""Soft Sip""",[0.2403782308101654],"[0, 0, 1, 0]"
287.528645992,,20672,,1583006592,379740953,"""Soft Sip""",[0.2512364089488983],"[0, 0, 1, 0]"
287.533525229,,20673,,1583006592,386722087,"""Soft Sip""",[0.2403782308101654],"[0, 0, 1, 0]"
287.538516045,,20674,,1583006592,391573905,"""Soft Sip""",[0.2512364089488983],"[0, 0, 1, 0]"
287.543898821,,20675,,1583006592,396626949,"""Soft Sip""",[0.2403782308101654],"[0, 0, 1, 0]"
287.556973219,,20676,,1583006592,409439086,"""Soft Sip""",[0.2512364089488983],"[0, 0, 1, 0]"
287.570260048,,20677,,1583006592,421509027,"""Soft Sip""",[0.2403782308101654],"[0, 0, 1, 0]"
287.57546711,,20678,,1583006592,428343057,"""Soft Sip""",[0.2512364089488983],"[0, 0, 1, 0]"
287.633558273,,20679,,1583006592,485619068,"""Soft Sip""",[0.2403782308101654],"[0, 0, 1, 0]"
287.638901472,,20680,,1583006592,491627931,"""Soft Sip""",[0.2512364089488983],"[0, 0, 1, 0]"
287.643707275,,20681,,1583006592,496933937,"""Soft Sip""",[0.2403782308101654],"[0, 0, 1, 0]"
287.650989056,,20682,,1583006592,503489017,"""Soft Sip""",[0.22955219447612762],"[0, 0, 1, 0]"
287.661678791,,20683,,1583006592,513425111,"""Soft Sip""",[0.2186940312385559],"[0, 0, 1, 0]"
287.668469667,,20684,,1583006592,519804000,"""Soft Sip""",[0.2078358680009842],"[0, 0, 1, 0]"
287.673065901,,20685,,1583006592,526519060,"""Soft Sip""",[0.19697770476341248],"[0, 0, 1, 0]"
287.678183794,,20686,,1583006592,531150102,"""Soft Sip""",[0.18611954152584076],"[0, 0, 1, 0]"
287.683878183,,20687,,1583006592,536212921,"""Soft Sip""",[0.17529350519180298],"[0, 0, 1, 0]"
287.689245939,,20688,,1583006592,541920900,"""Soft Sip""",[0.16443534195423126],"[0, 0, 1, 0]"
287.696852207,,20689,,1583006592,547418117,"""Soft Sip""",[0.15357716381549835],"[0, 0, 1, 0]"
287.702350855,,20690,,1583006592,554925918,"""Soft Sip""",[0.14271900057792664],"[0, 0, 1, 0]"
287.70860219,,20691,,1583006592,560395956,"""Soft Sip""",[0.13186083734035492],"[0, 0, 1, 0]"
287.71476531,,20692,,1583006592,566704988,"""Soft Sip""",[0.12103480100631714],"[0, 0, 1, 0]"
287.720399618,,20693,,1583006592,572813987,"""Soft Sip""",[0.11017663776874542],"[0, 0, 1, 0]"
287.726601124,,20694,,1583006592,578464984,"""Soft Sip""",[0.0993184745311737],"[0, 0, 1, 0]"
287.733261108,,20695,,1583006592,584830999,"""Soft Sip""",[0.08846031129360199],"[0, 0, 1, 0]"
287.738915205,,20696,,1583006592,591321945,"""Soft Sip""",[0.07760214805603027],"[0, 0, 1, 0]"
287.745069504,,20697,,1583006592,596963882,"""Soft Sip""",[0.06674397736787796],"[0, 0, 1, 0]"
287.750441551,,20698,,1583006592,603133916,"""Soft Sip""",[0.05591794103384018],"[0, 0, 1, 0]"
287.759910345,,20699,,1583006592,611411094,"""Soft Sip""",[0.04505977779626846],"[0, 0, 1, 0]"
287.782212257,,20700,,1583006592,633518934,"""Soft Sip""",[0.03420161083340645],"[0, 0, 1, 0]"
287.787885904,,20701,,1583006592,640283107,"""Soft Sip""",[0.04505977779626846],"[0, 0, 1, 0]"
287.799521208,,20702,,1583006592,651592016,"""Soft Sip""",[0.05591794103384018],"[0, 0, 1, 0]"
287.81187129,,20703,,1583006592,663395881,"""Soft Sip""",[0.06674397736787796],"[0, 0, 1, 0]"
287.816767454,,20704,,1583006592,669987916,"""Soft Sip""",[0.07760214805603027],"[0, 0, 1, 0]"
287.822979212,,20705,,1583006592,675390958,"""Soft Sip""",[0.08846031129360199],"[0, 0, 1, 0]"
287.833335876,,20706,,1583006592,685519933,"""Soft Sip""",[0.0993184745311737],"[0, 0, 1, 0]"
287.84770751,,20707,,1583006592,699484109,"""Soft Sip""",[0.11017663776874542],"[0, 0, 1, 0]"
287.858875751,,20708,,1583006592,711607933,"""Soft Sip""",[0.12103480100631714],"[0, 0, 1, 0]"
287.882459164,,20709,,1583006592,733521938,"""Soft Sip""",[0.13186083734035492],"[0, 0, 1, 0]"
287.888148308,,20710,,1583006592,740526914,"""Soft Sip""",[0.12103480100631714],"[0, 0, 1, 0]"
287.910885811,,20711,,1583006592,763458967,"""Soft Sip""",[0.11017663776874542],"[0, 0, 1, 0]"
287.926816463,,20712,,1583006592,779511928,"""Soft Sip""",[0.0993184745311737],"[0, 0, 1, 0]"
287.931771517,,20713,,1583006592,785397052,"""Soft Sip""",[0.08846031129360199],"[0, 0, 1, 0]"
287.941539288,,20714,,1583006592,793488025,"""Soft Sip""",[0.07760214805603027],"[0, 0, 1, 0]"
287.947362185,,20715,,1583006592,799529075,"""Soft Sip""",[0.06674397736787796],"[0, 0, 1, 0]"
287.95418787,,20716,,1583006592,805448055,"""Soft Sip""",[0.05591794103384018],"[0, 0, 1, 0]"
287.959248781,,20717,,1583006592,812277078,"""Soft Sip""",[0.04505977779626846],"[0, 0, 1, 0]"
287.963685513,,20718,,1583006592,817347049,"""Soft Sip""",[0.03420161083340645],"[0, 0, 1, 0]"
287.970882416,,20719,,1583006592,821827888,"""Soft Sip""",[0.023343447595834732],"[0, 0, 1, 0]"
287.989099741,,20720,,1583006592,841521978,"""Soft Sip""",[0.03420161083340645],"[0, 0, 1, 0]"
288.001200438,,20721,,1583006592,853493928,"""Soft Sip""",[0.04505977779626846],"[0, 0, 1, 0]"
288.008223057,,20722,,1583006592,859286069,"""Soft Sip""",[0.05591794103384018],"[0, 0, 1, 0]"
288.013597965,,20723,,1583006592,866317987,"""Soft Sip""",[0.06674397736787796],"[0, 0, 1, 0]"
288.020595312,,20724,,1583006592,871630907,"""Soft Sip""",[0.07760214805603027],"[0, 0, 1, 0]"
288.025907993,,20725,,1583006592,878659009,"""Soft Sip""",[0.08846031129360199],"[0, 0, 1, 0]"
288.030532122,,20726,,1583006592,884011983,"""Soft Sip""",[0.0993184745311737],"[0, 0, 1, 0]"
288.03617239,,20727,,1583006592,888601064,"""Soft Sip""",[0.11017663776874542],"[0, 0, 1, 0]"
288.042842388,,20728,,1583006592,894332885,"""Soft Sip""",[0.12103480100631714],"[0, 0, 1, 0]"
288.048555374,,20729,,1583006592,900933980,"""Soft Sip""",[0.13186083734035492],"[0, 0, 1, 0]"
288.053562641,,20730,,1583006592,906519889,"""Soft Sip""",[0.14271900057792664],"[0, 0, 1, 0]"
288.059136868,,20731,,1583006592,911653041,"""Soft Sip""",[0.15357716381549835],"[0, 0, 1, 0]"
288.064626217,,20732,,1583006592,917237997,"""Soft Sip""",[0.16443534195423126],"[0, 0, 1, 0]"
288.07230854,,20733,,1583006592,922593116,"""Soft Sip""",[0.17529350519180298],"[0, 0, 1, 0]"
288.077567101,,20734,,1583006592,930190086,"""Soft Sip""",[0.18611954152584076],"[0, 0, 1, 0]"
288.082177639,,20735,,1583006592,935575962,"""Soft Sip""",[0.19697770476341248],"[0, 0, 1, 0]"
288.087667704,,20736,,1583006592,940253019,"""Soft Sip""",[0.2078358680009842],"[0, 0, 1, 0]"
288.092957497,,20737,,1583006592,945692062,"""Soft Sip""",[0.2186940312385559],"[0, 0, 1, 0]"
288.099526882,,20738,,1583006592,951111078,"""Soft Sip""",[0.22955219447612762],"[0, 0, 1, 0]"
288.105629444,,20739,,1583006592,957499980,"""Soft Sip""",[0.2403782308101654],"[0, 0, 1, 0]"
288.111037254,,20740,,1583006592,963581085,"""Soft Sip""",[0.2512364089488983],"[0, 0, 1, 0]"
288.115656376,,20741,,1583006592,969019889,"""Soft Sip""",[0.26209455728530884],"[0, 0, 1, 0]"
288.121386766,,20742,,1583006592,973627090,"""Soft Sip""",[0.27295273542404175],"[0, 0, 1, 0]"
288.12705183,,20743,,1583006592,979273080,"""Zero Band""",[0.28381088376045227],"[0, 0, 0, 0]"
288.132196426,,20744,,1583006592,985121965,"""Zero Band""",[0.2946690618991852],"[0, 0, 0, 0]"
288.132963896,,20745,,1583006592,990173101,"""Soft-Hard Sip Deadband""",[0.30549511313438416],"[0, 0, 0, 0]"
288.133754253,,20746,,1583006592,991044998,"""Soft-Hard Sip Deadband""",[0.3163532614707947],"[0, 0, 0, 0]"
288.134494781,,20747,,1583006592,991730928,"""Soft-Hard Sip Deadband""",[0.3272114396095276],"[0, 0, 0, 0]"
288.135339737,,20748,,1583006592,992455959,"""Soft-Hard Sip Deadband""",[0.3380695879459381],"[0, 0, 0, 0]"
288.136054516,,20749,,1583006592,993310928,"""Soft-Hard Sip Deadband""",[0.348927766084671],"[0, 0, 0, 0]"
288.136921883,,20750,,1583006592,994033098,"""Soft-Hard Sip Deadband""",[0.3597537875175476],"[0, 0, 0, 0]"
288.137746096,,20751,,1583006592,994910001,"""Soft-Hard Sip Deadband""",[0.348927766084671],"[0, 0, 0, 0]"
288.138565302,,20752,,1583006592,995795965,"""Soft-Hard Sip Deadband""",[0.3380695879459381],"[0, 0, 0, 0]"
288.148546696,,20753,,1583006593,5500078,"""Soft-Hard Sip Deadband""",[0.3272114396095276],"[0, 0, 0, 0]"
288.152989149,,20754,,1583006593,9552955,"""Soft-Hard Sip Deadband""",[0.3163532614707947],"[0, 0, 0, 0]"
288.156348467,,20755,,1583006593,13465881,"""Soft-Hard Sip Deadband""",[0.30549511313438416],"[0, 0, 0, 0]"
288.166595936,,20756,,1583006593,19481897,"""Zero Band""",[0.2946690618991852],"[0, 0, 0, 0]"
288.172895432,,20757,,1583006593,24642944,"""Zero Band""",[0.28381088376045227],"[0, 0, 0, 0]"
288.178180456,,20758,,1583006593,30960083,"""Zero Band""",[0.27295273542404175],"[0, 0, 0, 0]"
288.183051348,,20759,,1583006593,36269903,"""Zero Band""",[0.26209455728530884],"[0, 0, 0, 0]"
288.190469742,,20760,,1583006593,41094064,"""Zero Band""",[0.27295273542404175],"[0, 0, 0, 0]"
288.196199179,,20761,,1583006593,48557996,"""Zero Band""",[0.26209455728530884],"[0, 0, 0, 0]"
288.203030586,,20762,,1583006593,54235935,"""Zero Band""",[0.27295273542404175],"[0, 0, 0, 0]"
288.211391687,,20763,,1583006593,63611030,"""Zero Band""",[0.28381088376045227],"[0, 0, 0, 0]"
288.221217632,,20764,,1583006593,73424100,"""Zero Band""",[0.2946690618991852],"[0, 0, 0, 0]"
288.222579718,,20765,,1583006593,79287052,"""Soft-Hard Sip Deadband""",[0.30549511313438416],"[0, 0, 0, 0]"
288.224180698,,20766,,1583006593,81393003,"""Soft-Hard Sip Deadband""",[0.3163532614707947],"[0, 0, 0, 0]"
288.226202488,,20767,,1583006593,83417892,"""Soft-Hard Sip Deadband""",[0.3272114396095276],"[0, 0, 0, 0]"
288.232297421,,20768,,1583006593,89409112,"""Soft-Hard Sip Deadband""",[0.3380695879459381],"[0, 0, 0, 0]"
288.234324694,,20769,,1583006593,91384887,"""Soft-Hard Sip Deadband""",[0.348927766084671],"[0, 0, 0, 0]"
288.238697767,,20770,,1583006593,95561981,"""Soft-Hard Sip Deadband""",[0.3597537875175476],"[0, 0, 0, 0]"
288.240290165,,20771,,1583006593,97434997,"""Soft-Hard Sip Deadband""",[0.3706119656562805],"[0, 0, 0, 0]"
288.24208045,,20772,,1583006593,99366903,"""Soft-Hard Sip Deadband""",[0.38147011399269104],"[0, 0, 0, 0]"
288.244141579,,20773,,1583006593,101377010,"""Soft-Hard Sip Deadband""",[0.39232829213142395],"[0, 0, 0, 0]"
288.248324871,,20774,,1583006593,105396032,"""Soft-Hard Sip Deadband""",[0.4031864404678345],"[0, 0, 0, 0]"
288.250407934,,20775,,1583006593,107367992,"""Soft-Hard Sip Deadband""",[0.4140446186065674],"[0, 0, 0, 0]"
288.256666183,,20776,,1583006593,113482952,"""Soft-Hard Sip Deadband""",[0.42487066984176636],"[0, 0, 0, 0]"
288.258376122,,20777,,1583006593,115434885,"""Soft-Hard Sip Deadband""",[0.4357288181781769],"[0, 0, 0, 0]"
288.260291815,,20778,,1583006593,117387056,"""Soft-Hard Sip Deadband""",[0.4465869963169098],"[0, 0, 0, 0]"
288.266407013,,20779,,1583006593,123425006,"""Soft-Hard Sip Deadband""",[0.4574451446533203],"[0, 0, 0, 0]"
288.268718481,,20780,,1583006593,125466108,"""Soft-Hard Sip Deadband""",[0.4683033227920532],"[0, 0, 0, 0]"
288.270385981,,20781,,1583006593,127424955,"""Soft-Hard Sip Deadband""",[0.4791293442249298],"[0, 0, 0, 0]"
288.274429083,,20782,,1583006593,131428956,"""Soft-Hard Sip Deadband""",[0.4899875223636627],"[0, 0, 0, 0]"
288.281281233,,20783,,1583006593,133429050,"""Zero Band""",[0.5008456707000732],"[0, 0, 0, 0]"
288.286265373,,20784,,1583006593,139332056,"""Zero Band""",[0.5117038488388062],"[0, 0, 0, 0]"
288.291965246,,20785,,1583006593,144337892,"""Zero Band""",[0.5225620269775391],"[0, 0, 0, 0]"
288.298765898,,20786,,1583006593,150063037,"""Zero Band""",[0.533388078212738],"[0, 0, 0, 0]"
288.303953886,,20787,,1583006593,156764984,"""Zero Band""",[0.5551043748855591],"[0, 0, 0, 0]"
288.308971405,,20788,,1583006593,162024021,"""Zero Band""",[0.565962553024292],"[0, 0, 0, 0]"
288.315894604,,20789,,1583006593,166953086,"""Zero Band""",[0.5768207311630249],"[0, 0, 0, 0]"
288.320705652,,20790,,1583006593,173988103,"""Zero Band""",[0.598504900932312],"[0, 0, 0, 0]"
288.325719118,,20791,,1583006593,178685903,"""Zero Band""",[0.6093630790710449],"[0, 0, 0, 0]"
288.332822561,,20792,,1583006593,183700084,"""Zero Band""",[0.6310794353485107],"[0, 0, 0, 0]"
288.338619709,,20793,,1583006593,190848112,"""Zero Band""",[0.6419375538825989],"[0, 0, 0, 0]"
288.346272707,,20794,,1583006593,196645975,"""Zero Band""",[0.6636217832565308],"[0, 0, 0, 0]"
288.351756334,,20795,,1583006593,204415082,"""Zero Band""",[0.6853380799293518],"[0, 0, 0, 0]"
288.35717988,,20796,,1583006593,209723949,"""Zero Band""",[0.7070544362068176],"[0, 0, 0, 0]"
288.363319635,,20797,,1583006593,215153932,"""Zero Band""",[0.7178804874420166],"[0, 0, 0, 0]"
288.368086815,,20798,,1583006593,221304893,"""Zero Band""",[0.7395967841148376],"[0, 0, 0, 0]"
288.374523163,,20799,,1583006593,226222991,"""Zero Band""",[0.7613131403923035],"[0, 0, 0, 0]"
288.380565166,,20800,,1583006593,232534885,"""Zero Band""",[0.7829973101615906],"[0, 0, 0, 0]"
288.385624409,,20801,,1583006593,238548040,"""Zero Band""",[0.7938554883003235],"[0, 0, 0, 0]"
288.391037703,,20802,,1583006593,243630886,"""Zero Band""",[0.8155718445777893],"[0, 0, 0, 0]"
288.397314548,,20803,,1583006593,249030113,"""Zero Band""",[0.8263978958129883],"[0, 0, 0, 0]"
288.403730392,,20804,,1583006593,255297899,"""Zero Band""",[0.8372560143470764],"[0, 0, 0, 0]"
288.409302711,,20805,,1583006593,261723995,"""Zero Band""",[0.8481141924858093],"[0, 0, 0, 0]"
288.415529728,,20806,,1583006593,267297029,"""Zero Band""",[0.8589723706245422],"[0, 0, 0, 0]"
288.420393705,,20807,,1583006593,273395061,"""Zero Band""",[0.8698305487632751],"[0, 0, 0, 0]"
288.425198078,,20808,,1583006593,278373956,"""Zero Band""",[0.8806886672973633],"[0, 0, 0, 0]"
288.431064844,,20809,,1583006593,283415079,"""Zero Band""",[0.8915147185325623],"[0, 0, 0, 0]"
288.438537836,,20810,,1583006593,289042949,"""Zero Band""",[0.9023728966712952],"[0, 0, 0, 0]"
288.445289135,,20811,,1583006593,296370983,"""Zero Band""",[0.9132310748100281],"[0, 0, 0, 0]"
288.450621367,,20812,,1583006593,303296089,"""Zero Band""",[0.924089252948761],"[0, 0, 0, 0]"
288.457830191,,20813,,1583006593,308618068,"""Zero Band""",[0.9349473714828491],"[0, 0, 0, 0]"
288.462894917,,20814,,1583006593,315865039,"""Zero Band""",[0.9457734227180481],"[0, 0, 0, 0]"
288.47017169,,20815,,1583006593,320888996,"""Zero Band""",[0.956631600856781],"[0, 0, 0, 0]"
288.47723031,,20816,,1583006593,328182935,"""Zero Band""",[0.9674897789955139],"[0, 0, 0, 0]"
288.482176304,,20817,,1583006593,335206031,"""Zero Band""",[0.978347897529602],"[0, 0, 0, 0]"
288.487656116,,20818,,1583006593,340154886,"""Zero Band""",[0.989206075668335],"[0, 0, 0, 0]"
288.494016409,,20819,,1583006593,345634937,"""Zero Band""",[1.0],"[0, 0, 0, 0]"
288.498702765,,20820,,1583006593,352157115,"""Zero Band""",[0.978347897529602],"[0, 0, 0, 0]"
288.505291224,,20821,,1583006593,356678009,"""Zero Band""",[0.9349473714828491],"[0, 0, 0, 0]"
288.511072874,,20822,,1583006593,363248109,"""Zero Band""",[0.9023728966712952],"[0, 0, 0, 0]"
288.516525745,,20823,,1583006593,369067907,"""Zero Band""",[0.8698305487632751],"[0, 0, 0, 0]"
288.522402048,,20824,,1583006593,374505043,"""Zero Band""",[0.8372560143470764],"[0, 0, 0, 0]"
288.528372049,,20825,,1583006593,380376100,"""Zero Band""",[0.8047136664390564],"[0, 0, 0, 0]"
288.536105633,,20826,,1583006593,386360883,"""Zero Band""",[0.7721391916275024],"[0, 0, 0, 0]"
288.542724609,,20827,,1583006593,394115924,"""Zero Band""",[0.7395967841148376],"[0, 0, 0, 0]"
288.547496796,,20828,,1583006593,400459051,"""Zero Band""",[0.7070544362068176],"[0, 0, 0, 0]"
288.552639723,,20829,,1583006593,405505895,"""Zero Band""",[0.6636217832565308],"[0, 0, 0, 0]"
288.558363199,,20830,,1583006593,410640954,"""Zero Band""",[0.6202212572097778],"[0, 0, 0, 0]"
288.565648317,,20831,,1583006593,416337013,"""Zero Band""",[0.587678849697113],"[0, 0, 0, 0]"
288.572173357,,20832,,1583006593,423623085,"""Zero Band""",[0.5442461967468262],"[0, 0, 0, 0]"
288.573005676,,20833,,1583006593,430046081,"""Soft-Hard Sip Deadband""",[0.4899875223636627],"[0, 0, 0, 0]"
288.573773623,,20834,,1583006593,430984020,"""Soft-Hard Sip Deadband""",[0.4465869963169098],"[0, 0, 0, 0]"
288.574473381,,20835,,1583006593,431740999,"""Soft-Hard Sip Deadband""",[0.39232829213142395],"[0, 0, 0, 0]"
288.575370312,,20836,,1583006593,432629108,"""Soft-Hard Sip Deadband""",[0.348927766084671],"[0, 0, 0, 0]"
288.576182127,,20837,,1583006593,433351993,"""Soft-Hard Sip Deadband""",[0.30549511313438416],"[0, 0, 0, 0]"
288.58124733,,20838,,1583006593,434159040,"""Zero Band""",[0.26209455728530884],"[0, 0, 0, 0]"
288.586507082,,20839,,1583006593,439218997,"""Zero Band""",[0.2078358680009842],"[0, 0, 0, 0]"
288.591738224,,20840,,1583006593,444505929,"""Zero Band""",[0.16443534195423126],"[0, 0, 0, 0]"
288.598578691,,20841,,1583006593,449750900,"""Zero Band""",[0.13186083734035492],"[0, 0, 0, 0]"
288.603865147,,20842,,1583006593,456526041,"""Zero Band""",[0.07760214805603027],"[0, 0, 0, 0]"
288.608990431,,20843,,1583006593,461844921,"""Zero Band""",[0.04505977779626846],"[0, 0, 0, 0]"
288.615459442,,20844,,1583006593,466974973,"""Zero Band""",[0.012485282495617867],"[0, 0, 0, 0]"
288.61660862,,20845,,1583006593,473434925,"""Zero Band""",[-0.0],"[0, 0, 0, 0]"
288.617685795,,20846,,1583006593,474575042,"""Zero Band""",[-0.0],"[0, 0, 0, 0]"
288.618718863,,20847,,1583006593,475713968,"""Zero Band""",[-0.0],"[0, 0, 0, 0]"
288.618920326,,20848,,1583006593,475713968,"""input stopped""",[-0.0],"[0, 0, 0, 0]"
289.33173275,,20849,,1583006594,188460111,"""Zero Band""",[-0.0],"[0, 0, 0, 0]"
289.339630365,,20850,,1583006594,191375970,"""Zero Band""",[0.023343447595834732],"[0, 0, 0, 0]"
289.344161987,,20851,,1583006594,197690010,"""Zero Band""",[0.06674397736787796],"[0, 0, 0, 0]"
289.350040674,,20852,,1583006594,202142953,"""Zero Band""",[0.12103480100631714],"[0, 0, 0, 0]"
289.357297182,,20853,,1583006594,208122014,"""Zero Band""",[0.18611954152584076],"[0, 0, 0, 0]"
289.363865852,,20854,,1583006594,215276002,"""Zero Band""",[0.2403782308101654],"[0, 0, 0, 0]"
289.364439011,,20855,,1583006594,221642017,"""Soft-Hard Sip Deadband""",[0.30549511313438416],"[0, 0, 0, 0]"
289.365212679,,20856,,1583006594,222419023,"""Soft-Hard Sip Deadband""",[0.39232829213142395],"[0, 0, 0, 0]"
289.366222382,,20857,,1583006594,223268032,"""Soft-Hard Sip Deadband""",[0.4574451446533203],"[0, 0, 0, 0]"
289.37327075,,20858,,1583006594,224112987,"""Zero Band""",[0.533388078212738],"[0, 0, 0, 0]"
289.378009558,,20859,,1583006594,231256961,"""Zero Band""",[0.6202212572097778],"[0, 0, 0, 0]"
289.383409023,,20860,,1583006594,236016035,"""Zero Band""",[0.6961962580680847],"[0, 0, 0, 0]"
289.388838291,,20861,,1583006594,241385936,"""Zero Band""",[0.7721391916275024],"[0, 0, 0, 0]"
289.39650774,,20862,,1583006594,246973037,"""Zero Band""",[0.8806886672973633],"[0, 0, 0, 0]"
289.402747393,,20863,,1583006594,254507064,"""Zero Band""",[0.9674897789955139],"[0, 0, 0, 0]"
289.407346249,,20864,,1583006594,260673999,"""Zero Band""",[1.0],"[0, 0, 0, 0]"
289.858396292,,20865,,1583006594,709556102,"""Zero Band""",[0.8589723706245422],"[0, 0, 0, 0]"
289.865206242,,20866,,1583006594,716474056,"""Zero Band""",[0.7504549622535706],"[0, 0, 0, 0]"
289.870034933,,20867,,1583006594,723232030,"""Zero Band""",[0.6310794353485107],"[0, 0, 0, 0]"
289.874957323,,20868,,1583006594,728136062,"""Zero Band""",[0.5225620269775391],"[0, 0, 0, 0]"
289.875842333,,20869,,1583006594,732940912,"""Soft-Hard Sip Deadband""",[0.4031864404678345],"[0, 0, 0, 0]"
289.882186413,,20870,,1583006594,733824014,"""Zero Band""",[0.2946690618991852],"[0, 0, 0, 0]"
289.887425184,,20871,,1583006594,740166902,"""Zero Band""",[0.19697770476341248],"[0, 0, 0, 0]"
289.893423319,,20872,,1583006594,745408058,"""Zero Band""",[0.07760214805603027],"[0, 0, 0, 0]"
289.894736528,,20873,,1583006594,751557111,"""Zero Band""",[-0.0],"[0, 0, 0, 0]"
289.895915747,,20874,,1583006594,752703905,"""Zero Band""",[-0.0],"[0, 0, 0, 0]"
289.897022247,,20875,,1583006594,753911972,"""Zero Band""",[-0.0],"[0, 0, 0, 0]"
289.897164583,,20876,,1583006594,753911972,"""input stopped""",[-0.0],"[0, 0, 0, 0]"
289.898152828,,20877,,1583006594,755141019,"""Zero Band""",[-0.0016271184431388974],"[0, 0, 0, 0]"
289.904039621,,20878,,1583006594,756128072,"""Zero Band""",[-0.06671185791492462],"[0, 0, 0, 0]"
289.912269592,,20879,,1583006594,762042045,"""Zero Band""",[-0.1210026741027832],"[0, 0, 0, 0]"
289.917776108,,20880,,1583006594,769887924,"""Zero Band""",[-0.18608741462230682],"[0, 0, 0, 0]"
289.923513889,,20881,,1583006594,775917053,"""Zero Band""",[-0.2512042820453644],"[0, 0, 0, 0]"
289.924272299,,20882,,1583006594,781488895,"""Soft-Hard Puff Deadband""",[-0.3054629862308502],"[0, 0, 0, 0]"
289.925071955,,20883,,1583006594,782357931,"""Soft-Hard Puff Deadband""",[-0.3488956391811371],"[0, 0, 0, 0]"
289.925963402,,20884,,1583006594,783049106,"""Soft-Hard Puff Deadband""",[-0.4031543433666229],"[0, 0, 0, 0]"
289.927111149,,20885,,1583006594,783938884,"""Soft-Hard Puff Deadband""",[-0.44655486941337585],"[0, 0, 0, 0]"
289.928191662,,20886,,1583006594,785068988,"""Soft-Hard Puff Deadband""",[-0.4790972173213959],"[0, 0, 0, 0]"
289.933622599,,20887,,1583006594,786168098,"""Hard Puff""",[-0.5225299000740051],"[1, 0, 0, 0]"
289.939666986,,20888,,1583006594,791590929,"""Hard Puff""",[-0.5659304261207581],"[1, 0, 0, 0]"
289.945121765,,20889,,1583006594,797677993,"""Hard Puff""",[-0.5984727740287781],"[1, 0, 0, 0]"
289.952025652,,20890,,1583006594,803210973,"""Hard Puff""",[-0.6419054269790649],"[1, 0, 0, 0]"
289.956934452,,20891,,1583006594,809803962,"""Hard Puff""",[-0.6635896563529968],"[1, 0, 0, 0]"
289.963858843,,20892,,1583006594,815054893,"""Zero Band""",[-0.6961641311645508],"[0, 0, 0, 0]"
289.96911335,,20893,,1583006594,821834087,"""Zero Band""",[-0.7395646572113037],"[0, 0, 0, 0]"
289.973644257,,20894,,1583006594,827088117,"""Zero Band""",[-0.7721070647239685],"[0, 0, 0, 0]"
289.979147434,,20895,,1583006594,831619977,"""Zero Band""",[-0.8046815395355225],"[0, 0, 0, 0]"
289.986402512,,20896,,1583006594,837116956,"""Zero Band""",[-0.8480820655822754],"[0, 0, 0, 0]"
289.991374016,,20897,,1583006594,844379901,"""Zero Band""",[-0.8697984218597412],"[0, 0, 0, 0]"
289.997678757,,20898,,1583006594,849359035,"""Zero Band""",[-0.9023407697677612],"[0, 0, 0, 0]"
290.003156424,,20899,,1583006594,855483055,"""Zero Band""",[-0.9349152445793152],"[0, 0, 0, 0]"
290.00848484,,20900,,1583006594,861246109,"""Zero Band""",[-0.96745765209198],"[0, 0, 0, 0]"
290.013834476,,20901,,1583006594,866456031,"""Zero Band""",[-0.989173948764801],"[0, 0, 0, 0]"
290.020063639,,20902,,1583006594,871861934,"""Zero Band""",[-1.0],"[0, 0, 0, 0]"
290.165404797,,20903,,1583006595,17441034,"""Zero Band""",[-0.9565994739532471],"[0, 0, 0, 0]"
290.170767546,,20904,,1583006595,23485898,"""Zero Band""",[-0.9023407697677612],"[0, 0, 0, 0]"
290.176230907,,20905,,1583006595,28697967,"""Zero Band""",[-0.8697984218597412],"[0, 0, 0, 0]"
290.182663202,,20906,,1583006595,34332036,"""Zero Band""",[-0.8263657689094543],"[0, 0, 0, 0]"
290.187380552,,20907,,1583006595,40644884,"""Zero Band""",[-0.7721070647239685],"[0, 0, 0, 0]"
290.193250656,,20908,,1583006595,45442104,"""Zero Band""",[-0.7287065386772156],"[0, 0, 0, 0]"
290.20009613,,20909,,1583006595,50982952,"""Zero Band""",[-0.6853059530258179],"[0, 0, 0, 0]"
290.205456972,,20910,,1583006595,58202981,"""Zero Band""",[-0.6310473084449768],"[0, 0, 0, 0]"
290.210864782,,20911,,1583006595,63460111,"""Zero Band""",[-0.5984727740287781],"[0, 0, 0, 0]"
290.216884136,,20912,,1583006595,68840026,"""Zero Band""",[-0.5550722479820251],"[0, 0, 0, 0]"
290.222313881,,20913,,1583006595,74860095,"""Zero Band""",[-0.5008135437965393],"[0, 0, 0, 0]"
290.224333048,,20914,,1583006595,80647945,"""Soft-Hard Puff Deadband""",[-0.4574130177497864],"[0, 0, 0, 0]"
290.225504398,,20915,,1583006595,82442045,"""Soft-Hard Puff Deadband""",[-0.41401249170303345],"[0, 0, 0, 0]"
290.226431131,,20916,,1583006595,83460092,"""Soft-Hard Puff Deadband""",[-0.35972166061401367],"[0, 0, 0, 0]"
290.23260951,,20917,,1583006595,84383010,"""Soft Puff""",[-0.2620624303817749],"[0, 1, 0, 0]"
290.236884832,,20918,,1583006595,90311050,"""Soft Puff""",[-0.21866190433502197],"[0, 1, 0, 0]"
290.2419765,,20919,,1583006595,94969034,"""Soft Puff""",[-0.1535450518131256],"[0, 1, 0, 0]"
290.247483492,,20920,,1583006595,99978923,"""Soft Puff""",[-0.09928634762763977],"[0, 1, 0, 0]"
290.251890421,,20921,,1583006595,105453968,"""Soft Puff""",[-0.06671185791492462],"[0, 1, 0, 0]"
290.257012606,,20922,,1583006595,109831094,"""Soft Puff""",[-0.012453158386051655],"[0, 1, 0, 0]"
290.257930279,,20923,,1583006595,114984989,"""Zero Band""",[-0.0],"[0, 0, 0, 0]"
290.258785963,,20924,,1583006595,115920066,"""Zero Band""",[-0.0],"[0, 0, 0, 0]"
290.259887457,,20925,,1583006595,116770029,"""Zero Band""",[-0.0],"[0, 0, 0, 0]"
290.260723352,,20926,,1583006595,117829084,"""Zero Band""",[-0.0],"[0, 0, 0, 0]"
290.260856152,,20927,,1583006595,117829084,"""input stopped""",[-0.0],"[0, 0, 0, 0]"
291.137266636,,20928,,1583006595,994401931,"""Zero Band""",[-0.0],"[0, 0, 0, 0]"
291.146835804,,20929,,1583006596,3525972,"""Zero Band""",[-0.0],"[0, 0, 0, 0]"
291.152478933,,20930,,1583006596,9475946,"""Zero Band""",[-0.0],"[0, 0, 0, 0]"
291.156253576,,20931,,1583006596,13405084,"""Zero Band""",[-0.0],"[0, 0, 0, 0]"
291.164633512,,20932,,1583006596,21522998,"""Zero Band""",[-0.0],"[0, 0, 0, 0]"
291.174344301,,20933,,1583006596,31418085,"""Zero Band""",[0.0016592431347817183],"[0, 0, 0, 0]"
291.184668064,,20934,,1583006596,37455081,"""Zero Band""",[0.012485282495617867],"[0, 0, 0, 0]"
291.190534115,,20935,,1583006596,43407917,"""Zero Band""",[0.023343447595834732],"[0, 0, 0, 0]"
291.201350212,,20936,,1583006596,53446054,"""Zero Band""",[0.03420161083340645],"[0, 0, 0, 0]"
291.211503029,,20937,,1583006596,63426971,"""Zero Band""",[0.04505977779626846],"[0, 0, 0, 0]"
291.222365379,,20938,,1583006596,73580026,"""Zero Band""",[0.05591794103384018],"[0, 0, 0, 0]"
291.227540493,,20939,,1583006596,80419063,"""Zero Band""",[0.06674397736787796],"[0, 0, 0, 0]"
291.233296633,,20940,,1583006596,85608005,"""Zero Band""",[0.07760214805603027],"[0, 0, 0, 0]"
291.238915682,,20941,,1583006596,91386079,"""Zero Band""",[0.08846031129360199],"[0, 0, 0, 0]"
291.243887186,,20942,,1583006596,96899986,"""Zero Band""",[0.0993184745311737],"[0, 0, 0, 0]"
291.250514269,,20943,,1583006596,101979017,"""Zero Band""",[0.11017663776874542],"[0, 0, 0, 0]"
291.256960154,,20944,,1583006596,108511924,"""Zero Band""",[0.12103480100631714],"[0, 0, 0, 0]"
291.262762547,,20945,,1583006596,115046977,"""Zero Band""",[0.13186083734035492],"[0, 0, 0, 0]"
291.268348694,,20946,,1583006596,120843887,"""Zero Band""",[0.14271900057792664],"[0, 0, 0, 0]"
291.2734828,,20947,,1583006596,126357078,"""Zero Band""",[0.15357716381549835],"[0, 0, 0, 0]"
291.278825521,,20948,,1583006596,131544113,"""Zero Band""",[0.16443534195423126],"[0, 0, 0, 0]"
291.284311771,,20949,,1583006596,136863946,"""Zero Band""",[0.17529350519180298],"[0, 0, 0, 0]"
291.288876057,,20950,,1583006596,142319917,"""Zero Band""",[0.18611954152584076],"[0, 0, 0, 0]"
291.294704914,,20951,,1583006596,146915912,"""Zero Band""",[0.19697770476341248],"[0, 0, 0, 0]"
291.301525831,,20952,,1583006596,152770042,"""Zero Band""",[0.2078358680009842],"[0, 0, 0, 0]"
291.307217598,,20953,,1583006596,159532070,"""Zero Band""",[0.2186940312385559],"[0, 0, 0, 0]"
291.314246416,,20954,,1583006596,165338039,"""Zero Band""",[0.22955219447612762],"[0, 0, 0, 0]"
291.320950031,,20955,,1583006596,172291994,"""Zero Band""",[0.2403782308101654],"[0, 0, 0, 0]"
291.325695038,,20956,,1583006596,179014921,"""Zero Band""",[0.2512364089488983],"[0, 0, 0, 0]"
291.331911325,,20957,,1583006596,183830022,"""Zero Band""",[0.26209455728530884],"[0, 0, 0, 0]"
291.337785244,,20958,,1583006596,189884901,"""Zero Band""",[0.27295273542404175],"[0, 0, 0, 0]"
291.343274832,,20959,,1583006596,195758104,"""Zero Band""",[0.28381088376045227],"[0, 0, 0, 0]"
291.350225687,,20960,,1583006596,201236009,"""Zero Band""",[0.2946690618991852],"[0, 0, 0, 0]"
291.35121417,,20961,,1583006596,208259105,"""Soft-Hard Sip Deadband""",[0.30549511313438416],"[0, 0, 0, 0]"
291.352144957,,20962,,1583006596,209259986,"""Soft-Hard Sip Deadband""",[0.3163532614707947],"[0, 0, 0, 0]"
291.353166342,,20963,,1583006596,210290908,"""Soft-Hard Sip Deadband""",[0.3272114396095276],"[0, 0, 0, 0]"
291.354057789,,20964,,1583006596,211142063,"""Soft-Hard Sip Deadband""",[0.3380695879459381],"[0, 0, 0, 0]"
291.35494709,,20965,,1583006596,212029933,"""Soft-Hard Sip Deadband""",[0.348927766084671],"[0, 0, 0, 0]"
291.355698824,,20966,,1583006596,212917089,"""Soft-Hard Sip Deadband""",[0.3597537875175476],"[0, 0, 0, 0]"
291.356461525,,20967,,1583006596,213675022,"""Soft-Hard Sip Deadband""",[0.3706119656562805],"[0, 0, 0, 0]"
291.357125282,,20968,,1583006596,214436054,"""Soft-Hard Sip Deadband""",[0.38147011399269104],"[0, 0, 0, 0]"
291.357842207,,20969,,1583006596,215100049,"""Soft-Hard Sip Deadband""",[0.39232829213142395],"[0, 0, 0, 0]"
291.358709097,,20970,,1583006596,215897083,"""Soft-Hard Sip Deadband""",[0.4031864404678345],"[0, 0, 0, 0]"
291.360502005,,20971,,1583006596,217411041,"""Soft-Hard Sip Deadband""",[0.4140446186065674],"[0, 0, 0, 0]"
291.368616581,,20972,,1583006596,225497007,"""Soft-Hard Sip Deadband""",[0.42487066984176636],"[0, 0, 0, 0]"
291.377130985,,20973,,1583006596,233551979,"""Soft-Hard Sip Deadband""",[0.4357288181781769],"[0, 0, 0, 0]"
291.378307343,,20974,,1583006596,235419034,"""Soft-Hard Sip Deadband""",[0.4465869963169098],"[0, 0, 0, 0]"
291.386576176,,20975,,1583006596,243505954,"""Soft-Hard Sip Deadband""",[0.4574451446533203],"[0, 0, 0, 0]"
291.390265942,,20976,,1583006596,247423887,"""Soft-Hard Sip Deadband""",[0.4683033227920532],"[0, 0, 0, 0]"
291.398717403,,20977,,1583006596,255498886,"""Soft-Hard Sip Deadband""",[0.4791293442249298],"[0, 0, 0, 0]"
291.402244091,,20978,,1583006596,259458065,"""Soft-Hard Sip Deadband""",[0.4683033227920532],"[0, 0, 0, 0]"
291.422445536,,20979,,1583006596,279474973,"""Soft-Hard Sip Deadband""",[0.4574451446533203],"[0, 0, 0, 0]"
291.42855525,,20980,,1583006596,285408020,"""Soft-Hard Sip Deadband""",[0.4465869963169098],"[0, 0, 0, 0]"
291.440932989,,20981,,1583006596,297518014,"""Soft-Hard Sip Deadband""",[0.4357288181781769],"[0, 0, 0, 0]"
291.446731329,,20982,,1583006596,303461074,"""Soft-Hard Sip Deadband""",[0.4465869963169098],"[0, 0, 0, 0]"
291.456670046,,20983,,1583006596,313513994,"""Soft-Hard Sip Deadband""",[0.4357288181781769],"[0, 0, 0, 0]"
291.458212376,,20984,,1583006596,315416097,"""Soft-Hard Sip Deadband""",[0.4465869963169098],"[0, 0, 0, 0]"
291.4704175,,20985,,1583006596,327538013,"""Soft-Hard Sip Deadband""",[0.4574451446533203],"[0, 0, 0, 0]"
291.490553379,,20986,,1583006596,347577095,"""Soft-Hard Sip Deadband""",[0.4683033227920532],"[0, 0, 0, 0]"
291.514765978,,20987,,1583006596,371534109,"""Soft-Hard Sip Deadband""",[0.4791293442249298],"[0, 0, 0, 0]"
291.518332958,,20988,,1583006596,375438928,"""Soft-Hard Sip Deadband""",[0.4899875223636627],"[0, 0, 0, 0]"
291.528688192,,20989,,1583006596,381490945,"""Zero Band""",[0.5008456707000732],"[0, 0, 0, 0]"
291.534874201,,20990,,1583006596,386723995,"""Zero Band""",[0.5117038488388062],"[0, 0, 0, 0]"
291.539940357,,20991,,1583006596,392924070,"""Zero Band""",[0.5225620269775391],"[0, 0, 0, 0]"
291.545302868,,20992,,1583006596,398000955,"""Zero Band""",[0.533388078212738],"[0, 0, 0, 0]"
291.552591562,,20993,,1583006596,403356075,"""Zero Band""",[0.5442461967468262],"[0, 0, 0, 0]"
291.558680534,,20994,,1583006596,410664081,"""Zero Band""",[0.5551043748855591],"[0, 0, 0, 0]"
291.565529346,,20995,,1583006596,416739940,"""Zero Band""",[0.565962553024292],"[0, 0, 0, 0]"
291.571932077,,20996,,1583006596,423635005,"""Zero Band""",[0.5551043748855591],"[0, 0, 0, 0]"
291.576992512,,20997,,1583006596,429987907,"""Zero Band""",[0.5442461967468262],"[0, 0, 0, 0]"
291.581846476,,20998,,1583006596,435045957,"""Zero Band""",[0.533388078212738],"[0, 0, 0, 0]"
291.588307858,,20999,,1583006596,439918041,"""Zero Band""",[0.5225620269775391],"[0, 0, 0, 0]"
291.594377995,,21000,,1583006596,446283102,"""Zero Band""",[0.5008456707000732],"[0, 0, 0, 0]"
291.595230818,,21001,,1583006596,452455997,"""Soft-Hard Sip Deadband""",[0.4899875223636627],"[0, 0, 0, 0]"
291.596036911,,21002,,1583006596,453206062,"""Soft-Hard Sip Deadband""",[0.4791293442249298],"[0, 0, 0, 0]"
291.596781731,,21003,,1583006596,454116106,"""Soft-Hard Sip Deadband""",[0.4574451446533203],"[0, 0, 0, 0]"
291.597518444,,21004,,1583006596,454773902,"""Soft-Hard Sip Deadband""",[0.4465869963169098],"[0, 0, 0, 0]"
291.59822011,,21005,,1583006596,455492019,"""Soft-Hard Sip Deadband""",[0.4357288181781769],"[0, 0, 0, 0]"
291.598936796,,21006,,1583006596,456201076,"""Soft-Hard Sip Deadband""",[0.4140446186065674],"[0, 0, 0, 0]"
291.599672556,,21007,,1583006596,456942081,"""Soft-Hard Sip Deadband""",[0.4031864404678345],"[0, 0, 0, 0]"
291.600423098,,21008,,1583006596,457720994,"""Soft-Hard Sip Deadband""",[0.38147011399269104],"[0, 0, 0, 0]"
291.601158619,,21009,,1583006596,458460092,"""Soft-Hard Sip Deadband""",[0.3597537875175476],"[0, 0, 0, 0]"
291.602161646,,21010,,1583006596,459383964,"""Soft-Hard Sip Deadband""",[0.348927766084671],"[0, 0, 0, 0]"
291.604179621,,21011,,1583006596,461385965,"""Soft-Hard Sip Deadband""",[0.3272114396095276],"[0, 0, 0, 0]"
291.608756781,,21012,,1583006596,465509891,"""Soft-Hard Sip Deadband""",[0.30549511313438416],"[0, 0, 0, 0]"
291.614158392,,21013,,1583006596,467451095,"""Zero Band""",[0.28381088376045227],"[0, 0, 0, 0]"
291.62078619,,21014,,1583006596,472234010,"""Zero Band""",[0.27295273542404175],"[0, 0, 0, 0]"
291.62735486,,21015,,1583006596,478905916,"""Zero Band""",[0.2512364089488983],"[0, 0, 0, 0]"
291.632167816,,21016,,1583006596,485444068,"""Zero Band""",[0.22955219447612762],"[0, 0, 0, 0]"
291.637419939,,21017,,1583006596,490155935,"""Zero Band""",[0.2186940312385559],"[0, 0, 0, 0]"
291.644188643,,21018,,1583006596,495507955,"""Zero Band""",[0.19697770476341248],"[0, 0, 0, 0]"
291.648962975,,21019,,1583006596,502161979,"""Zero Band""",[0.15357716381549835],"[0, 0, 0, 0]"
291.655270338,,21020,,1583006596,507077932,"""Zero Band""",[0.11017663776874542],"[0, 0, 0, 0]"
291.661742926,,21021,,1583006596,513242006,"""Zero Band""",[0.08846031129360199],"[0, 0, 0, 0]"
291.66666007,,21022,,1583006596,519726991,"""Zero Band""",[0.06674397736787796],"[0, 0, 0, 0]"
291.67255187,,21023,,1583006596,524713039,"""Zero Band""",[0.05591794103384018],"[0, 0, 0, 0]"
291.678265333,,21024,,1583006596,530529022,"""Zero Band""",[0.012485282495617867],"[0, 0, 0, 0]"
291.678927183,,21025,,1583006596,536147117,"""Zero Band""",[-0.0],"[0, 0, 0, 0]"
291.679735661,,21026,,1583006596,536993980,"""Zero Band""",[-0.0],"[0, 0, 0, 0]"
291.680527687,,21027,,1583006596,537708044,"""Zero Band""",[-0.0],"[0, 0, 0, 0]"
291.681163549,,21028,,1583006596,538429975,"""Zero Band""",[-0.0],"[0, 0, 0, 0]"
291.681943893,,21029,,1583006596,539170980,"""Zero Band""",[-0.0],"[0, 0, 0, 0]"
291.682120562,,21030,,1583006596,539170980,"""input stopped""",[-0.0],"[0, 0, 0, 0]"
291.725584269,,21031,,1583006596,582433938,"""Zero Band""",[-0.0],"[0, 0, 0, 0]"
291.72842741,,21032,,1583006596,585438966,"""Zero Band""",[-0.0],"[0, 0, 0, 0]"
291.73277998,,21033,,1583006596,589467048,"""Zero Band""",[-0.0],"[0, 0, 0, 0]"
291.734375238,,21034,,1583006596,591449975,"""Zero Band""",[-0.0],"[0, 0, 0, 0]"
291.736257792,,21035,,1583006596,593430042,"""Zero Band""",[-0.0016271184431388974],"[0, 0, 0, 0]"
291.743060112,,21036,,1583006596,595407962,"""Soft Puff""",[-0.012453158386051655],"[0, 1, 0, 0]"
291.749499798,,21037,,1583006596,601124048,"""Soft Puff""",[-0.03416948765516281],"[0, 1, 0, 0]"
291.754427195,,21038,,1583006596,607544898,"""Soft Puff""",[-0.04502765089273453],"[0, 1, 0, 0]"
291.759479284,,21039,,1583006596,612505912,"""Soft Puff""",[-0.055885814130306244],"[0, 1, 0, 0]"
291.764850855,,21040,,1583006596,617487907,"""Soft Puff""",[-0.06671185791492462],"[0, 1, 0, 0]"
291.770201921,,21041,,1583006596,622920036,"""Soft Puff""",[-0.07757002115249634],"[0, 1, 0, 0]"
291.77626729,,21042,,1583006596,628179073,"""Soft Puff""",[-0.08842818439006805],"[0, 1, 0, 0]"
291.78196311,,21043,,1583006596,634316921,"""Soft Puff""",[-0.09928634762763977],"[0, 1, 0, 0]"
291.786662579,,21044,,1583006596,639934062,"""Soft Puff""",[-0.11014451086521149],"[0, 1, 0, 0]"
291.791324854,,21045,,1583006596,644637107,"""Soft Puff""",[-0.1210026741027832],"[0, 1, 0, 0]"
291.796113968,,21046,,1583006596,649425029,"""Soft Puff""",[-0.13182871043682098],"[0, 1, 0, 0]"
291.800595284,,21047,,1583006596,654100894,"""Soft Puff""",[-0.1426868885755539],"[0, 1, 0, 0]"
291.806754589,,21048,,1583006596,658565998,"""Soft Puff""",[-0.1535450518131256],"[0, 1, 0, 0]"
291.812461853,,21049,,1583006596,664721012,"""Soft Puff""",[-0.16440321505069733],"[0, 1, 0, 0]"
291.818210125,,21050,,1583006596,670587062,"""Soft Puff""",[-0.17526137828826904],"[0, 1, 0, 0]"
291.824229002,,21051,,1583006596,676188945,"""Soft Puff""",[-0.18608741462230682],"[0, 1, 0, 0]"
291.828933954,,21052,,1583006596,682205915,"""Soft Puff""",[-0.19694557785987854],"[0, 1, 0, 0]"
291.835389376,,21053,,1583006596,687046051,"""Soft Puff""",[-0.20780374109745026],"[0, 1, 0, 0]"
291.840891838,,21054,,1583006596,693412065,"""Soft Puff""",[-0.21866190433502197],"[0, 1, 0, 0]"
291.846614599,,21055,,1583006596,698889017,"""Soft Puff""",[-0.2295200675725937],"[0, 1, 0, 0]"
291.85255456,,21056,,1583006596,704655885,"""Soft Puff""",[-0.24034611880779266],"[0, 1, 0, 0]"
291.860499144,,21057,,1583006596,710655927,"""Soft Puff""",[-0.2512042820453644],"[0, 1, 0, 0]"
291.870164633,,21058,,1583006596,719465017,"""Soft Puff""",[-0.24034611880779266],"[0, 1, 0, 0]"
291.879381657,,21059,,1583006596,728018999,"""Soft Puff""",[-0.2512042820453644],"[0, 1, 0, 0]"
291.884367943,,21060,,1583006596,737435102,"""Soft Puff""",[-0.24034611880779266],"[0, 1, 0, 0]"
291.889904737,,21061,,1583006596,742347002,"""Soft Puff""",[-0.2512042820453644],"[0, 1, 0, 0]"
291.895677805,,21062,,1583006596,747950077,"""Soft Puff""",[-0.24034611880779266],"[0, 1, 0, 0]"
291.903391361,,21063,,1583006596,753772020,"""Soft Puff""",[-0.2512042820453644],"[0, 1, 0, 0]"
291.908261299,,21064,,1583006596,761519908,"""Soft Puff""",[-0.24034611880779266],"[0, 1, 0, 0]"
291.923330545,,21065,,1583006596,775511026,"""Soft Puff""",[-0.2512042820453644],"[0, 1, 0, 0]"
291.938674688,,21066,,1583006596,789645910,"""Soft Puff""",[-0.2620624303817749],"[0, 1, 0, 0]"
291.944998503,,21067,,1583006596,797388076,"""Soft Puff""",[-0.2729206085205078],"[0, 1, 0, 0]"
291.953676939,,21068,,1583006596,805598020,"""Soft Puff""",[-0.28377875685691833],"[0, 1, 0, 0]"
291.958601475,,21069,,1583006596,811728000,"""Soft Puff""",[-0.29463693499565125],"[0, 1, 0, 0]"
291.959445477,,21070,,1583006596,816662073,"""Soft-Hard Puff Deadband""",[-0.3054629862308502],"[0, 0, 0, 0]"
291.968963623,,21071,,1583006596,825556993,"""Soft-Hard Puff Deadband""",[-0.31632113456726074],"[0, 0, 0, 0]"
291.983253956,,21072,,1583006596,839531898,"""Soft-Hard Puff Deadband""",[-0.32717931270599365],"[0, 0, 0, 0]"
291.988719225,,21073,,1583006596,845434904,"""Soft-Hard Puff Deadband""",[-0.3380374610424042],"[0, 0, 0, 0]"
292.00298214,,21074,,1583006596,859517097,"""Soft-Hard Puff Deadband""",[-0.3488956391811371],"[0, 0, 0, 0]"
292.020493031,,21075,,1583006596,877444982,"""Soft-Hard Puff Deadband""",[-0.35972166061401367],"[0, 0, 0, 0]"
292.034706831,,21076,,1583006596,891552925,"""Soft-Hard Puff Deadband""",[-0.3705798387527466],"[0, 0, 0, 0]"
292.082983017,,21077,,1583006596,939572095,"""Soft-Hard Puff Deadband""",[-0.35972166061401367],"[0, 0, 0, 0]"
292.086790323,,21078,,1583006596,943535089,"""Soft-Hard Puff Deadband""",[-0.3705798387527466],"[0, 0, 0, 0]"
292.120769501,,21079,,1583006596,977514982,"""Soft-Hard Puff Deadband""",[-0.3814379870891571],"[0, 0, 0, 0]"
292.150907516,,21080,,1583006597,7590055,"""Soft-Hard Puff Deadband""",[-0.39229616522789],"[0, 0, 0, 0]"
292.152443171,,21081,,1583006597,9490966,"""Soft-Hard Puff Deadband""",[-0.3814379870891571],"[0, 0, 0, 0]"
292.17250061,,21082,,1583006597,29475927,"""Soft-Hard Puff Deadband""",[-0.3705798387527466],"[0, 0, 0, 0]"
292.186685085,,21083,,1583006597,43571949,"""Soft-Hard Puff Deadband""",[-0.35972166061401367],"[0, 0, 0, 0]"
292.21086812,,21084,,1583006597,67539930,"""Soft-Hard Puff Deadband""",[-0.3488956391811371],"[0, 0, 0, 0]"
292.244422674,,21085,,1583006597,101464986,"""Soft-Hard Puff Deadband""",[-0.3380374610424042],"[0, 0, 0, 0]"
292.268541098,,21086,,1583006597,125513076,"""Soft-Hard Puff Deadband""",[-0.32717931270599365],"[0, 0, 0, 0]"
292.270419836,,21087,,1583006597,127433061,"""Soft-Hard Puff Deadband""",[-0.3380374610424042],"[0, 0, 0, 0]"
292.2722857,,21088,,1583006597,129437923,"""Soft-Hard Puff Deadband""",[-0.32717931270599365],"[0, 0, 0, 0]"
292.286782742,,21089,,1583006597,143547058,"""Soft-Hard Puff Deadband""",[-0.31632113456726074],"[0, 0, 0, 0]"
292.298808813,,21090,,1583006597,155642032,"""Soft-Hard Puff Deadband""",[-0.3054629862308502],"[0, 0, 0, 0]"
292.316632748,,21091,,1583006597,169487953,"""Soft Puff""",[-0.29463693499565125],"[0, 1, 0, 0]"
292.333195686,,21092,,1583006597,185579061,"""Soft Puff""",[-0.28377875685691833],"[0, 1, 0, 0]"
292.342558146,,21093,,1583006597,195430994,"""Soft Puff""",[-0.2729206085205078],"[0, 1, 0, 0]"
292.351871252,,21094,,1583006597,203490018,"""Soft Puff""",[-0.2620624303817749],"[0, 1, 0, 0]"
292.367845774,,21095,,1583006597,219480037,"""Soft Puff""",[-0.2512042820453644],"[0, 1, 0, 0]"
292.381214857,,21096,,1583006597,231439113,"""Soft Puff""",[-0.24034611880779266],"[0, 1, 0, 0]"
292.402425528,,21097,,1583006597,255465984,"""Soft Puff""",[-0.2295200675725937],"[0, 1, 0, 0]"
292.418845177,,21098,,1583006597,271548032,"""Soft Puff""",[-0.21866190433502197],"[0, 1, 0, 0]"
292.436569214,,21099,,1583006597,289439916,"""Soft Puff""",[-0.20780374109745026],"[0, 1, 0, 0]"
292.451215982,,21100,,1583006597,303657054,"""Soft Puff""",[-0.19694557785987854],"[0, 1, 0, 0]"
292.471273422,,21101,,1583006597,323523044,"""Soft Puff""",[-0.18608741462230682],"[0, 1, 0, 0]"
292.477730513,,21102,,1583006597,329327106,"""Soft Puff""",[-0.19694557785987854],"[0, 1, 0, 0]"
292.484967232,,21103,,1583006597,335791110,"""Soft Puff""",[-0.18608741462230682],"[0, 1, 0, 0]"
292.490873098,,21104,,1583006597,343024015,"""Soft Puff""",[-0.17526137828826904],"[0, 1, 0, 0]"
292.510332823,,21105,,1583006597,361545085,"""Soft Puff""",[-0.16440321505069733],"[0, 1, 0, 0]"
292.519938231,,21106,,1583006597,371572017,"""Soft Puff""",[-0.1535450518131256],"[0, 1, 0, 0]"
292.575214863,,21107,,1583006597,427540063,"""Soft Puff""",[-0.1426868885755539],"[0, 1, 0, 0]"
292.581596136,,21108,,1583006597,433254957,"""Soft Puff""",[-0.1535450518131256],"[0, 1, 0, 0]"
292.587164164,,21109,,1583006597,439657926,"""Soft Puff""",[-0.1426868885755539],"[0, 1, 0, 0]"
292.689043999,,21110,,1583006597,541481971,"""Soft Puff""",[-0.1535450518131256],"[0, 1, 0, 0]"
292.8656919,,21111,,1583006597,717477083,"""Soft Puff""",[-0.16440321505069733],"[0, 1, 0, 0]"
292.90597558,,21112,,1583006597,757666110,"""Soft Puff""",[-0.1535450518131256],"[0, 1, 0, 0]"
292.9114573,,21113,,1583006597,764036893,"""Soft Puff""",[-0.16440321505069733],"[0, 1, 0, 0]"
292.915915012,,21114,,1583006597,769527912,"""Soft Puff""",[-0.1535450518131256],"[0, 1, 0, 0]"
292.934665442,,21115,,1583006597,785541057,"""Soft Puff""",[-0.1426868885755539],"[0, 1, 0, 0]"
292.941446543,,21116,,1583006597,792754888,"""Soft Puff""",[-0.1535450518131256],"[0, 1, 0, 0]"
292.947966576,,21117,,1583006597,799480915,"""Soft Puff""",[-0.1426868885755539],"[0, 1, 0, 0]"
292.956781149,,21118,,1583006597,809413909,"""Soft Puff""",[-0.13182871043682098],"[0, 1, 0, 0]"
292.963183165,,21119,,1583006597,814879894,"""Soft Puff""",[-0.1426868885755539],"[0, 1, 0, 0]"
292.969759464,,21120,,1583006597,821237087,"""Soft Puff""",[-0.13182871043682098],"[0, 1, 0, 0]"
293.026283741,,21121,,1583006597,877558946,"""Soft Puff""",[-0.1426868885755539],"[0, 1, 0, 0]"
293.03204751,,21122,,1583006597,884378910,"""Soft Puff""",[-0.13182871043682098],"[0, 1, 0, 0]"
293.037983418,,21123,,1583006597,890140056,"""Soft Puff""",[-0.1426868885755539],"[0, 1, 0, 0]"
293.044569492,,21124,,1583006597,896015882,"""Soft Puff""",[-0.13182871043682098],"[0, 1, 0, 0]"
293.050024509,,21125,,1583006597,902592897,"""Soft Puff""",[-0.1426868885755539],"[0, 1, 0, 0]"
293.05597496,,21126,,1583006597,908004999,"""Soft Puff""",[-0.13182871043682098],"[0, 1, 0, 0]"
293.062235594,,21127,,1583006597,914055109,"""Soft Puff""",[-0.1426868885755539],"[0, 1, 0, 0]"
293.085531712,,21128,,1583006597,937472105,"""Soft Puff""",[-0.1535450518131256],"[0, 1, 0, 0]"
293.105716705,,21129,,1583006597,957654953,"""Soft Puff""",[-0.16440321505069733],"[0, 1, 0, 0]"
293.120885849,,21130,,1583006597,971554994,"""Soft Puff""",[-0.17526137828826904],"[0, 1, 0, 0]"
293.128175259,,21131,,1583006597,981404066,"""Soft Puff""",[-0.18608741462230682],"[0, 1, 0, 0]"
293.138931036,,21132,,1583006597,991485118,"""Soft Puff""",[-0.19694557785987854],"[0, 1, 0, 0]"
293.150391579,,21133,,1583006598,1524925,"""Soft Puff""",[-0.20780374109745026],"[0, 1, 0, 0]"
293.16253686,,21134,,1583006598,15543937,"""Soft Puff""",[-0.21866190433502197],"[0, 1, 0, 0]"
293.188011646,,21135,,1583006598,37487030,"""Soft Puff""",[-0.2295200675725937],"[0, 1, 0, 0]"
293.27230072,,21136,,1583006598,123493909,"""Soft Puff""",[-0.24034611880779266],"[0, 1, 0, 0]"
293.278979301,,21137,,1583006598,130382061,"""Soft Puff""",[-0.2295200675725937],"[0, 1, 0, 0]"
293.433837414,,21138,,1583006598,285543918,"""Soft Puff""",[-0.24034611880779266],"[0, 1, 0, 0]"
293.439342022,,21139,,1583006598,291908025,"""Soft Puff""",[-0.2295200675725937],"[0, 1, 0, 0]"
293.444061041,,21140,,1583006598,297394037,"""Soft Puff""",[-0.24034611880779266],"[0, 1, 0, 0]"
293.449728727,,21141,,1583006598,302107095,"""Soft Puff""",[-0.2295200675725937],"[0, 1, 0, 0]"
293.455234766,,21142,,1583006598,307811975,"""Soft Puff""",[-0.24034611880779266],"[0, 1, 0, 0]"
293.499610424,,21143,,1583006598,351458072,"""Soft Puff""",[-0.2512042820453644],"[0, 1, 0, 0]"
293.504251719,,21144,,1583006598,357662916,"""Soft Puff""",[-0.24034611880779266],"[0, 1, 0, 0]"
293.509976149,,21145,,1583006598,362298965,"""Soft Puff""",[-0.2512042820453644],"[0, 1, 0, 0]"
293.516931772,,21146,,1583006598,368041992,"""Soft Puff""",[-0.24034611880779266],"[0, 1, 0, 0]"
293.522215366,,21147,,1583006598,375010967,"""Soft Puff""",[-0.2512042820453644],"[0, 1, 0, 0]"
293.566602468,,21148,,1583006598,417531013,"""Soft Puff""",[-0.2620624303817749],"[0, 1, 0, 0]"
293.571997643,,21149,,1583006598,424645900,"""Soft Puff""",[-0.2512042820453644],"[0, 1, 0, 0]"
293.576749086,,21150,,1583006598,430067062,"""Soft Puff""",[-0.2620624303817749],"[0, 1, 0, 0]"
293.582301617,,21151,,1583006598,434827089,"""Soft Puff""",[-0.2512042820453644],"[0, 1, 0, 0]"
293.587800026,,21152,,1583006598,440376043,"""Soft Puff""",[-0.2620624303817749],"[0, 1, 0, 0]"
293.592497826,,21153,,1583006598,445868968,"""Soft Puff""",[-0.2512042820453644],"[0, 1, 0, 0]"
293.599215269,,21154,,1583006598,450558900,"""Soft Puff""",[-0.2620624303817749],"[0, 1, 0, 0]"
293.605228186,,21155,,1583006598,457334041,"""Soft Puff""",[-0.2512042820453644],"[0, 1, 0, 0]"
293.610659361,,21156,,1583006598,463294982,"""Soft Puff""",[-0.2620624303817749],"[0, 1, 0, 0]"
293.615541935,,21157,,1583006598,468727111,"""Soft Puff""",[-0.2512042820453644],"[0, 1, 0, 0]"
293.620360613,,21158,,1583006598,473589897,"""Soft Puff""",[-0.2620624303817749],"[0, 1, 0, 0]"
293.659531355,,21159,,1583006598,511538982,"""Soft Puff""",[-0.2729206085205078],"[0, 1, 0, 0]"
293.693118572,,21160,,1583006598,545600891,"""Soft Puff""",[-0.28377875685691833],"[0, 1, 0, 0]"
293.698098183,,21161,,1583006598,551173925,"""Soft Puff""",[-0.2729206085205078],"[0, 1, 0, 0]"
293.704244375,,21162,,1583006598,556164026,"""Soft Puff""",[-0.28377875685691833],"[0, 1, 0, 0]"
293.709704399,,21163,,1583006598,562325954,"""Soft Puff""",[-0.2729206085205078],"[0, 1, 0, 0]"
293.714579105,,21164,,1583006598,567733049,"""Soft Puff""",[-0.28377875685691833],"[0, 1, 0, 0]"
293.751109362,,21165,,1583006598,603511095,"""Soft Puff""",[-0.2729206085205078],"[0, 1, 0, 0]"
293.756060362,,21166,,1583006598,609179973,"""Soft Puff""",[-0.28377875685691833],"[0, 1, 0, 0]"
293.760425568,,21167,,1583006598,614090919,"""Soft Puff""",[-0.2729206085205078],"[0, 1, 0, 0]"
293.803034782,,21168,,1583006598,655498027,"""Soft Puff""",[-0.28377875685691833],"[0, 1, 0, 0]"
293.807671547,,21169,,1583006598,661123991,"""Soft Puff""",[-0.2729206085205078],"[0, 1, 0, 0]"
293.814239025,,21170,,1583006598,665713071,"""Soft Puff""",[-0.28377875685691833],"[0, 1, 0, 0]"
293.856710196,,21171,,1583006598,709563016,"""Soft Puff""",[-0.2729206085205078],"[0, 1, 0, 0]"
293.863057613,,21172,,1583006598,715420007,"""Soft Puff""",[-0.28377875685691833],"[0, 1, 0, 0]"
293.870810509,,21173,,1583006598,723553895,"""Soft Puff""",[-0.2729206085205078],"[0, 1, 0, 0]"
293.876993656,,21174,,1583006598,728888034,"""Soft Puff""",[-0.28377875685691833],"[0, 1, 0, 0]"
293.88269043,,21175,,1583006598,735054969,"""Soft Puff""",[-0.2729206085205078],"[0, 1, 0, 0]"
293.985847712,,21176,,1583006598,837564945,"""Soft Puff""",[-0.28377875685691833],"[0, 1, 0, 0]"
293.991938114,,21177,,1583006598,843879938,"""Soft Puff""",[-0.2729206085205078],"[0, 1, 0, 0]"
293.997298002,,21178,,1583006598,850018024,"""Soft Puff""",[-0.28377875685691833],"[0, 1, 0, 0]"
294.082597971,,21179,,1583006598,933442115,"""Soft Puff""",[-0.29463693499565125],"[0, 1, 0, 0]"
294.088410378,,21180,,1583006598,940670967,"""Soft Puff""",[-0.28377875685691833],"[0, 1, 0, 0]"
294.093285322,,21181,,1583006598,946448087,"""Soft Puff""",[-0.29463693499565125],"[0, 1, 0, 0]"
294.143100739,,21182,,1583006598,999543905,"""Soft-Hard Puff Deadband""",[-0.3054629862308502],"[0, 0, 0, 0]"
294.149011135,,21183,,1583006599,1439094,"""Soft Puff""",[-0.29463693499565125],"[0, 1, 0, 0]"
294.149947405,,21184,,1583006599,7103919,"""Soft-Hard Puff Deadband""",[-0.3054629862308502],"[0, 0, 0, 0]"
294.159364939,,21185,,1583006599,11440038,"""Soft Puff""",[-0.29463693499565125],"[0, 1, 0, 0]"
294.160318613,,21186,,1583006599,17436027,"""Soft-Hard Puff Deadband""",[-0.3054629862308502],"[0, 0, 0, 0]"
294.179383516,,21187,,1583006599,35615921,"""Soft-Hard Puff Deadband""",[-0.31632113456726074],"[0, 0, 0, 0]"
294.180743217,,21188,,1583006599,37545919,"""Soft-Hard Puff Deadband""",[-0.3054629862308502],"[0, 0, 0, 0]"
294.182324648,,21189,,1583006599,39422988,"""Soft-Hard Puff Deadband""",[-0.31632113456726074],"[0, 0, 0, 0]"
294.186279774,,21190,,1583006599,43410062,"""Soft-Hard Puff Deadband""",[-0.3054629862308502],"[0, 0, 0, 0]"
294.188176394,,21191,,1583006599,45423030,"""Soft-Hard Puff Deadband""",[-0.31632113456726074],"[0, 0, 0, 0]"
294.190099478,,21192,,1583006599,47432899,"""Soft-Hard Puff Deadband""",[-0.3054629862308502],"[0, 0, 0, 0]"
294.1941607,,21193,,1583006599,51398038,"""Soft-Hard Puff Deadband""",[-0.31632113456726074],"[0, 0, 0, 0]"
294.224634886,,21194,,1583006599,81511974,"""Soft-Hard Puff Deadband""",[-0.3054629862308502],"[0, 0, 0, 0]"
294.22844553,,21195,,1583006599,85473060,"""Soft-Hard Puff Deadband""",[-0.31632113456726074],"[0, 0, 0, 0]"
294.230214357,,21196,,1583006599,87433099,"""Soft-Hard Puff Deadband""",[-0.3054629862308502],"[0, 0, 0, 0]"
294.232252359,,21197,,1583006599,89426994,"""Soft-Hard Puff Deadband""",[-0.31632113456726074],"[0, 0, 0, 0]"
294.254776478,,21198,,1583006599,111583948,"""Soft-Hard Puff Deadband""",[-0.3054629862308502],"[0, 0, 0, 0]"
294.256374359,,21199,,1583006599,113476991,"""Soft-Hard Puff Deadband""",[-0.31632113456726074],"[0, 0, 0, 0]"
294.258267641,,21200,,1583006599,115406990,"""Soft-Hard Puff Deadband""",[-0.3054629862308502],"[0, 0, 0, 0]"
294.260156393,,21201,,1583006599,117403984,"""Soft-Hard Puff Deadband""",[-0.31632113456726074],"[0, 0, 0, 0]"
294.264552832,,21202,,1583006599,121454000,"""Soft-Hard Puff Deadband""",[-0.3054629862308502],"[0, 0, 0, 0]"
294.315126657,,21203,,1583006599,167490005,"""Soft Puff""",[-0.29463693499565125],"[0, 1, 0, 0]"
294.364941359,,21204,,1583006599,217499971,"""Soft Puff""",[-0.28377875685691833],"[0, 1, 0, 0]"
294.370577335,,21205,,1583006599,223048925,"""Soft Puff""",[-0.29463693499565125],"[0, 1, 0, 0]"
294.406687737,,21206,,1583006599,263542890,"""Soft-Hard Puff Deadband""",[-0.3054629862308502],"[0, 0, 0, 0]"
294.446748734,,21207,,1583006599,303546905,"""Soft-Hard Puff Deadband""",[-0.31632113456726074],"[0, 0, 0, 0]"
294.472601175,,21208,,1583006599,329499006,"""Soft-Hard Puff Deadband""",[-0.32717931270599365],"[0, 0, 0, 0]"
294.474271059,,21209,,1583006599,331437110,"""Soft-Hard Puff Deadband""",[-0.31632113456726074],"[0, 0, 0, 0]"
294.476353645,,21210,,1583006599,333422899,"""Soft-Hard Puff Deadband""",[-0.32717931270599365],"[0, 0, 0, 0]"
294.502853632,,21211,,1583006599,359561920,"""Soft-Hard Puff Deadband""",[-0.3380374610424042],"[0, 0, 0, 0]"
294.506415844,,21212,,1583006599,363421916,"""Soft-Hard Puff Deadband""",[-0.32717931270599365],"[0, 0, 0, 0]"
294.508373499,,21213,,1583006599,365449905,"""Soft-Hard Puff Deadband""",[-0.3380374610424042],"[0, 0, 0, 0]"
294.545078278,,21214,,1583006599,401546955,"""Soft-Hard Puff Deadband""",[-0.3488956391811371],"[0, 0, 0, 0]"
294.566839933,,21215,,1583006599,423494100,"""Soft-Hard Puff Deadband""",[-0.35972166061401367],"[0, 0, 0, 0]"
294.59671998,,21216,,1583006599,453547000,"""Soft-Hard Puff Deadband""",[-0.3488956391811371],"[0, 0, 0, 0]"
294.600188971,,21217,,1583006599,457401990,"""Soft-Hard Puff Deadband""",[-0.35972166061401367],"[0, 0, 0, 0]"
294.604129791,,21218,,1583006599,461380958,"""Soft-Hard Puff Deadband""",[-0.3488956391811371],"[0, 0, 0, 0]"
294.60816884,,21219,,1583006599,465396881,"""Soft-Hard Puff Deadband""",[-0.35972166061401367],"[0, 0, 0, 0]"
294.610091925,,21220,,1583006599,467375040,"""Soft-Hard Puff Deadband""",[-0.3488956391811371],"[0, 0, 0, 0]"
294.634620428,,21221,,1583006599,491537094,"""Soft-Hard Puff Deadband""",[-0.3380374610424042],"[0, 0, 0, 0]"
294.664686918,,21222,,1583006599,521508932,"""Soft-Hard Puff Deadband""",[-0.32717931270599365],"[0, 0, 0, 0]"
294.696735144,,21223,,1583006599,553549051,"""Soft-Hard Puff Deadband""",[-0.31632113456726074],"[0, 0, 0, 0]"
294.70848465,,21224,,1583006599,565478086,"""Soft-Hard Puff Deadband""",[-0.3054629862308502],"[0, 0, 0, 0]"
294.730652094,,21225,,1583006599,583488941,"""Soft Puff""",[-0.29463693499565125],"[0, 1, 0, 0]"
294.739269257,,21226,,1583006599,591449975,"""Soft Puff""",[-0.28377875685691833],"[0, 1, 0, 0]"
294.749158144,,21227,,1583006599,601459980,"""Soft Puff""",[-0.2729206085205078],"[0, 1, 0, 0]"
294.761437416,,21228,,1583006599,613449096,"""Soft Puff""",[-0.2620624303817749],"[0, 1, 0, 0]"
294.771152735,,21229,,1583006599,623611927,"""Soft Puff""",[-0.2512042820453644],"[0, 1, 0, 0]"
294.778855801,,21230,,1583006599,631474971,"""Soft Puff""",[-0.24034611880779266],"[0, 1, 0, 0]"
294.789631128,,21231,,1583006599,639595031,"""Soft Puff""",[-0.2295200675725937],"[0, 1, 0, 0]"
294.797096968,,21232,,1583006599,649463891,"""Soft Puff""",[-0.21866190433502197],"[0, 1, 0, 0]"
294.809474468,,21233,,1583006599,661505937,"""Soft Puff""",[-0.20780374109745026],"[0, 1, 0, 0]"
294.825247288,,21234,,1583006599,677483081,"""Soft Puff""",[-0.19694557785987854],"[0, 1, 0, 0]"
294.836431742,,21235,,1583006599,687494993,"""Soft Puff""",[-0.18608741462230682],"[0, 1, 0, 0]"
294.851726055,,21236,,1583006599,701456069,"""Soft Puff""",[-0.17526137828826904],"[0, 1, 0, 0]"
294.857966185,,21237,,1583006599,709831953,"""Soft Puff""",[-0.18608741462230682],"[0, 1, 0, 0]"
294.863143444,,21238,,1583006599,716034889,"""Soft Puff""",[-0.17526137828826904],"[0, 1, 0, 0]"
294.869308233,,21239,,1583006599,721229076,"""Soft Puff""",[-0.16440321505069733],"[0, 1, 0, 0]"
294.880628824,,21240,,1583006599,733517885,"""Soft Puff""",[-0.1535450518131256],"[0, 1, 0, 0]"
294.894351482,,21241,,1583006599,745568037,"""Soft Puff""",[-0.1426868885755539],"[0, 1, 0, 0]"
294.928591967,,21242,,1583006599,779602050,"""Soft Puff""",[-0.1535450518131256],"[0, 1, 0, 0]"
294.94738245,,21243,,1583006599,799511909,"""Soft Puff""",[-0.16440321505069733],"[0, 1, 0, 0]"
294.956047535,,21244,,1583006599,807585000,"""Soft Puff""",[-0.17526137828826904],"[0, 1, 0, 0]"
294.963152409,,21245,,1583006599,815440893,"""Soft Puff""",[-0.18608741462230682],"[0, 1, 0, 0]"
294.970202446,,21246,,1583006599,821408033,"""Soft Puff""",[-0.19694557785987854],"[0, 1, 0, 0]"
294.978294849,,21247,,1583006599,831485986,"""Soft Puff""",[-0.20780374109745026],"[0, 1, 0, 0]"
294.991741419,,21248,,1583006599,843595981,"""Soft Puff""",[-0.21866190433502197],"[0, 1, 0, 0]"
294.999000311,,21249,,1583006599,851421117,"""Soft Puff""",[-0.2295200675725937],"[0, 1, 0, 0]"
295.004948616,,21250,,1583006599,857072114,"""Soft Puff""",[-0.21866190433502197],"[0, 1, 0, 0]"
295.009838104,,21251,,1583006599,862962961,"""Soft Puff""",[-0.2295200675725937],"[0, 1, 0, 0]"
295.03135705,,21252,,1583006599,883531093,"""Soft Puff""",[-0.24034611880779266],"[0, 1, 0, 0]"
295.045044899,,21253,,1583006599,897582054,"""Soft Puff""",[-0.2295200675725937],"[0, 1, 0, 0]"
295.050825834,,21254,,1583006599,903110027,"""Soft Puff""",[-0.24034611880779266],"[0, 1, 0, 0]"
295.123245239,,21255,,1583006599,975653886,"""Soft Puff""",[-0.2295200675725937],"[0, 1, 0, 0]"
295.128068447,,21256,,1583006599,981350898,"""Soft Puff""",[-0.24034611880779266],"[0, 1, 0, 0]"
295.134349823,,21257,,1583006599,986109972,"""Soft Puff""",[-0.2295200675725937],"[0, 1, 0, 0]"
295.216423512,,21258,,1583006600,67737102,"""Soft Puff""",[-0.21866190433502197],"[0, 1, 0, 0]"
295.323719978,,21259,,1583006600,175523996,"""Soft Puff""",[-0.2295200675725937],"[0, 1, 0, 0]"
295.328680515,,21260,,1583006600,181777000,"""Soft Puff""",[-0.21866190433502197],"[0, 1, 0, 0]"
295.332942724,,21261,,1583006600,186717987,"""Soft Puff""",[-0.2295200675725937],"[0, 1, 0, 0]"
295.338433743,,21262,,1583006600,191009998,"""Soft Puff""",[-0.21866190433502197],"[0, 1, 0, 0]"
295.344055176,,21263,,1583006600,196398973,"""Soft Puff""",[-0.2295200675725937],"[0, 1, 0, 0]"
295.350637197,,21264,,1583006600,202137947,"""Soft Puff""",[-0.21866190433502197],"[0, 1, 0, 0]"
295.358836174,,21265,,1583006600,208733081,"""Soft Puff""",[-0.2295200675725937],"[0, 1, 0, 0]"
295.364628553,,21266,,1583006600,216820001,"""Soft Puff""",[-0.21866190433502197],"[0, 1, 0, 0]"
295.372232199,,21267,,1583006600,222743988,"""Soft Puff""",[-0.2295200675725937],"[0, 1, 0, 0]"
295.378102541,,21268,,1583006600,230326890,"""Soft Puff""",[-0.21866190433502197],"[0, 1, 0, 0]"
295.385446787,,21269,,1583006600,236097097,"""Soft Puff""",[-0.2295200675725937],"[0, 1, 0, 0]"
295.394316435,,21270,,1583006600,247453927,"""Soft Puff""",[-0.24034611880779266],"[0, 1, 0, 0]"
295.41895318,,21271,,1583006600,269484043,"""Soft Puff""",[-0.2512042820453644],"[0, 1, 0, 0]"
295.425092697,,21272,,1583006600,277026891,"""Soft Puff""",[-0.24034611880779266],"[0, 1, 0, 0]"
295.429913998,,21273,,1583006600,283154964,"""Soft Puff""",[-0.2512042820453644],"[0, 1, 0, 0]"
295.479257345,,21274,,1583006600,331499099,"""Soft Puff""",[-0.2620624303817749],"[0, 1, 0, 0]"
295.485186815,,21275,,1583006600,337347984,"""Soft Puff""",[-0.2512042820453644],"[0, 1, 0, 0]"
295.576731205,,21276,,1583006600,429507017,"""Soft Puff""",[-0.24034611880779266],"[0, 1, 0, 0]"
295.651956558,,21277,,1583006600,503519058,"""Soft Puff""",[-0.2512042820453644],"[0, 1, 0, 0]"
295.65683794,,21278,,1583006600,510021924,"""Soft Puff""",[-0.24034611880779266],"[0, 1, 0, 0]"
295.66230154,,21279,,1583006600,514879941,"""Soft Puff""",[-0.2512042820453644],"[0, 1, 0, 0]"
295.668872356,,21280,,1583006600,520381927,"""Soft Puff""",[-0.24034611880779266],"[0, 1, 0, 0]"
295.674389362,,21281,,1583006600,526962041,"""Soft Puff""",[-0.2512042820453644],"[0, 1, 0, 0]"
295.689937592,,21282,,1583006600,541661977,"""Soft Puff""",[-0.2620624303817749],"[0, 1, 0, 0]"
295.712204456,,21283,,1583006600,563541889,"""Soft Puff""",[-0.2729206085205078],"[0, 1, 0, 0]"
295.7660079,,21284,,1583006600,617542982,"""Soft Puff""",[-0.28377875685691833],"[0, 1, 0, 0]"
295.770783901,,21285,,1583006600,624095916,"""Soft Puff""",[-0.2729206085205078],"[0, 1, 0, 0]"
295.778574705,,21286,,1583006600,628854036,"""Soft Puff""",[-0.28377875685691833],"[0, 1, 0, 0]"
295.78984189,,21287,,1583006600,641505002,"""Soft Puff""",[-0.2729206085205078],"[0, 1, 0, 0]"
295.795599937,,21288,,1583006600,647893905,"""Soft Puff""",[-0.28377875685691833],"[0, 1, 0, 0]"
295.801895857,,21289,,1583006600,653639078,"""Soft Puff""",[-0.2729206085205078],"[0, 1, 0, 0]"
295.807225704,,21290,,1583006600,659943103,"""Soft Puff""",[-0.28377875685691833],"[0, 1, 0, 0]"
295.814458609,,21291,,1583006600,665270090,"""Soft Puff""",[-0.2729206085205078],"[0, 1, 0, 0]"
295.86448288,,21292,,1583006600,715584039,"""Soft Puff""",[-0.28377875685691833],"[0, 1, 0, 0]"
295.86909461,,21293,,1583006600,722522974,"""Soft Puff""",[-0.2729206085205078],"[0, 1, 0, 0]"
295.875597715,,21294,,1583006600,727452993,"""Soft Puff""",[-0.28377875685691833],"[0, 1, 0, 0]"
295.949016571,,21295,,1583006600,801584005,"""Soft Puff""",[-0.29463693499565125],"[0, 1, 0, 0]"
295.976620913,,21296,,1583006600,833617925,"""Soft-Hard Puff Deadband""",[-0.3054629862308502],"[0, 0, 0, 0]"
295.994856358,,21297,,1583006600,851550102,"""Soft-Hard Puff Deadband""",[-0.31632113456726074],"[0, 0, 0, 0]"
295.996838331,,21298,,1583006600,853535890,"""Soft-Hard Puff Deadband""",[-0.3054629862308502],"[0, 0, 0, 0]"
296.00022316,,21299,,1583006600,857409954,"""Soft-Hard Puff Deadband""",[-0.31632113456726074],"[0, 0, 0, 0]"
296.012665033,,21300,,1583006600,869543075,"""Soft-Hard Puff Deadband""",[-0.32717931270599365],"[0, 0, 0, 0]"
296.028794527,,21301,,1583006600,885487079,"""Soft-Hard Puff Deadband""",[-0.3380374610424042],"[0, 0, 0, 0]"
296.03657198,,21302,,1583006600,893471002,"""Soft-Hard Puff Deadband""",[-0.3488956391811371],"[0, 0, 0, 0]"
296.048491001,,21303,,1583006600,905486106,"""Soft-Hard Puff Deadband""",[-0.35972166061401367],"[0, 0, 0, 0]"
296.096656561,,21304,,1583006600,953511953,"""Soft-Hard Puff Deadband""",[-0.3488956391811371],"[0, 0, 0, 0]"
296.098230839,,21305,,1583006600,955454111,"""Soft-Hard Puff Deadband""",[-0.35972166061401367],"[0, 0, 0, 0]"
296.104372978,,21306,,1583006600,961473941,"""Soft-Hard Puff Deadband""",[-0.3488956391811371],"[0, 0, 0, 0]"
296.134887934,,21307,,1583006600,991596937,"""Soft-Hard Puff Deadband""",[-0.35972166061401367],"[0, 0, 0, 0]"
296.156436443,,21308,,1583006601,13428926,"""Soft-Hard Puff Deadband""",[-0.3705798387527466],"[0, 0, 0, 0]"
296.182549477,,21309,,1583006601,39511919,"""Soft-Hard Puff Deadband""",[-0.3814379870891571],"[0, 0, 0, 0]"
296.184543371,,21310,,1583006601,41502952,"""Soft-Hard Puff Deadband""",[-0.3705798387527466],"[0, 0, 0, 0]"
296.186478376,,21311,,1583006601,43446063,"""Soft-Hard Puff Deadband""",[-0.3814379870891571],"[0, 0, 0, 0]"
296.218788624,,21312,,1583006601,75575113,"""Soft-Hard Puff Deadband""",[-0.39229616522789],"[0, 0, 0, 0]"
296.246745825,,21313,,1583006601,103540897,"""Soft-Hard Puff Deadband""",[-0.4031543433666229],"[0, 0, 0, 0]"
296.260481119,,21314,,1583006601,117492914,"""Soft-Hard Puff Deadband""",[-0.41401249170303345],"[0, 0, 0, 0]"
296.268548012,,21315,,1583006601,125458955,"""Soft-Hard Puff Deadband""",[-0.4248385429382324],"[0, 0, 0, 0]"
296.272270918,,21316,,1583006601,129386901,"""Soft-Hard Puff Deadband""",[-0.43569669127464294],"[0, 0, 0, 0]"
296.288634539,,21317,,1583006601,145504951,"""Soft-Hard Puff Deadband""",[-0.44655486941337585],"[0, 0, 0, 0]"
296.304482222,,21318,,1583006601,161550998,"""Soft-Hard Puff Deadband""",[-0.4574130177497864],"[0, 0, 0, 0]"
296.308185339,,21319,,1583006601,165400981,"""Soft-Hard Puff Deadband""",[-0.44655486941337585],"[0, 0, 0, 0]"
296.314393282,,21320,,1583006601,171439886,"""Soft-Hard Puff Deadband""",[-0.4574130177497864],"[0, 0, 0, 0]"
296.324771881,,21321,,1583006601,181488990,"""Soft-Hard Puff Deadband""",[-0.44655486941337585],"[0, 0, 0, 0]"
296.328320026,,21322,,1583006601,185421943,"""Soft-Hard Puff Deadband""",[-0.4574130177497864],"[0, 0, 0, 0]"
296.360463858,,21323,,1583006601,217472076,"""Soft-Hard Puff Deadband""",[-0.4682711958885193],"[0, 0, 0, 0]"
296.380352736,,21324,,1583006601,237418889,"""Soft-Hard Puff Deadband""",[-0.4790972173213959],"[0, 0, 0, 0]"
296.43260622,,21325,,1583006601,289479017,"""Soft-Hard Puff Deadband""",[-0.4682711958885193],"[0, 0, 0, 0]"
296.446753979,,21326,,1583006601,303502082,"""Soft-Hard Puff Deadband""",[-0.4574130177497864],"[0, 0, 0, 0]"
296.460443258,,21327,,1583006601,317456960,"""Soft-Hard Puff Deadband""",[-0.44655486941337585],"[0, 0, 0, 0]"
296.476450682,,21328,,1583006601,333440065,"""Soft-Hard Puff Deadband""",[-0.43569669127464294],"[0, 0, 0, 0]"
296.488559246,,21329,,1583006601,345509052,"""Soft-Hard Puff Deadband""",[-0.4248385429382324],"[0, 0, 0, 0]"
296.494194508,,21330,,1583006601,351401090,"""Soft-Hard Puff Deadband""",[-0.41401249170303345],"[0, 0, 0, 0]"
296.502312899,,21331,,1583006601,359466075,"""Soft-Hard Puff Deadband""",[-0.4031543433666229],"[0, 0, 0, 0]"
296.514521599,,21332,,1583006601,371503114,"""Soft-Hard Puff Deadband""",[-0.39229616522789],"[0, 0, 0, 0]"
296.522616386,,21333,,1583006601,379467964,"""Soft-Hard Puff Deadband""",[-0.3814379870891571],"[0, 0, 0, 0]"
296.530467272,,21334,,1583006601,387490987,"""Soft-Hard Puff Deadband""",[-0.3705798387527466],"[0, 0, 0, 0]"
296.53866291,,21335,,1583006601,395550966,"""Soft-Hard Puff Deadband""",[-0.35972166061401367],"[0, 0, 0, 0]"
296.542248964,,21336,,1583006601,399441003,"""Soft-Hard Puff Deadband""",[-0.3488956391811371],"[0, 0, 0, 0]"
296.548493385,,21337,,1583006601,405492067,"""Soft-Hard Puff Deadband""",[-0.3380374610424042],"[0, 0, 0, 0]"
296.558486223,,21338,,1583006601,415479898,"""Soft-Hard Puff Deadband""",[-0.32717931270599365],"[0, 0, 0, 0]"
296.566687107,,21339,,1583006601,423485994,"""Soft-Hard Puff Deadband""",[-0.31632113456726074],"[0, 0, 0, 0]"
296.576771498,,21340,,1583006601,433475971,"""Soft-Hard Puff Deadband""",[-0.3054629862308502],"[0, 0, 0, 0]"
296.603192329,,21341,,1583006601,455570936,"""Soft Puff""",[-0.29463693499565125],"[0, 1, 0, 0]"
296.637685776,,21342,,1583006601,489689111,"""Soft Puff""",[-0.28377875685691833],"[0, 1, 0, 0]"
296.6542027,,21343,,1583006601,505486011,"""Soft Puff""",[-0.2729206085205078],"[0, 1, 0, 0]"
296.664289951,,21344,,1583006601,515512943,"""Soft Puff""",[-0.2620624303817749],"[0, 1, 0, 0]"
296.672471046,,21345,,1583006601,525479078,"""Soft Puff""",[-0.2512042820453644],"[0, 1, 0, 0]"
296.678270578,,21346,,1583006601,530564069,"""Soft Puff""",[-0.2620624303817749],"[0, 1, 0, 0]"
296.684363127,,21347,,1583006601,536328077,"""Soft Puff""",[-0.2512042820453644],"[0, 1, 0, 0]"
296.697861433,,21348,,1583006601,549457073,"""Soft Puff""",[-0.24034611880779266],"[0, 1, 0, 0]"
296.706635714,,21349,,1583006601,559489011,"""Soft Puff""",[-0.2295200675725937],"[0, 1, 0, 0]"
296.719653845,,21350,,1583006601,571475028,"""Soft Puff""",[-0.21866190433502197],"[0, 1, 0, 0]"
296.735234737,,21351,,1583006601,585716962,"""Soft Puff""",[-0.20780374109745026],"[0, 1, 0, 0]"
296.742821217,,21352,,1583006601,595433950,"""Soft Puff""",[-0.19694557785987854],"[0, 1, 0, 0]"
296.751413584,,21353,,1583006601,603430032,"""Soft Puff""",[-0.18608741462230682],"[0, 1, 0, 0]"
296.768508434,,21354,,1583006601,619586944,"""Soft Puff""",[-0.17526137828826904],"[0, 1, 0, 0]"
296.77462697,,21355,,1583006601,627434015,"""Soft Puff""",[-0.16440321505069733],"[0, 1, 0, 0]"
296.785568476,,21356,,1583006601,637404918,"""Soft Puff""",[-0.1535450518131256],"[0, 1, 0, 0]"
296.798678398,,21357,,1583006601,649533987,"""Soft Puff""",[-0.1426868885755539],"[0, 1, 0, 0]"
296.808655024,,21358,,1583006601,661436080,"""Soft Puff""",[-0.13182871043682098],"[0, 1, 0, 0]"
296.820412159,,21359,,1583006601,671488046,"""Zero Band""",[-0.1210026741027832],"[0, 0, 0, 0]"
296.828843355,,21360,,1583006601,681466102,"""Zero Band""",[-0.11014451086521149],"[0, 0, 0, 0]"
296.858913183,,21361,,1583006601,709553956,"""Zero Band""",[-0.1210026741027832],"[0, 0, 0, 0]"
296.871824503,,21362,,1583006601,723634958,"""Zero Band""",[-0.13182871043682098],"[0, 0, 0, 0]"
296.892823935,,21363,,1583006601,741661071,"""Zero Band""",[-0.1426868885755539],"[0, 0, 0, 0]"
296.898801088,,21364,,1583006601,751425981,"""Zero Band""",[-0.1535450518131256],"[0, 0, 0, 0]"
296.905212641,,21365,,1583006601,757441997,"""Zero Band""",[-0.16440321505069733],"[0, 0, 0, 0]"
296.914807558,,21366,,1583006601,767489910,"""Zero Band""",[-0.17526137828826904],"[0, 0, 0, 0]"
296.922702551,,21367,,1583006601,773410081,"""Zero Band""",[-0.18608741462230682],"[0, 0, 0, 0]"
296.929004908,,21368,,1583006601,780801057,"""Zero Band""",[-0.19694557785987854],"[0, 0, 0, 0]"
296.935587168,,21369,,1583006601,787081956,"""Zero Band""",[-0.20780374109745026],"[0, 0, 0, 0]"
296.940164804,,21370,,1583006601,793653964,"""Zero Band""",[-0.21866190433502197],"[0, 0, 0, 0]"
296.949482441,,21371,,1583006601,801449060,"""Zero Band""",[-0.2295200675725937],"[0, 0, 0, 0]"
296.95831418,,21372,,1583006601,807533979,"""Zero Band""",[-0.24034611880779266],"[0, 0, 0, 0]"
296.963622332,,21373,,1583006601,816416978,"""Zero Band""",[-0.2512042820453644],"[0, 0, 0, 0]"
296.969813347,,21374,,1583006601,821666955,"""Zero Band""",[-0.2620624303817749],"[0, 0, 0, 0]"
296.974526167,,21375,,1583006601,827884912,"""Zero Band""",[-0.2729206085205078],"[0, 0, 0, 0]"
296.979792356,,21376,,1583006601,833386898,"""Zero Band""",[-0.28377875685691833],"[0, 0, 0, 0]"
296.989016533,,21377,,1583006601,839487075,"""Zero Band""",[-0.29463693499565125],"[0, 0, 0, 0]"
296.99675703,,21378,,1583006601,853502035,"""Soft-Hard Puff Deadband""",[-0.3054629862308502],"[0, 0, 0, 0]"
297.021137238,,21379,,1583006601,877650976,"""Soft-Hard Puff Deadband""",[-0.31632113456726074],"[0, 0, 0, 0]"
297.028528214,,21380,,1583006601,885459899,"""Soft-Hard Puff Deadband""",[-0.3054629862308502],"[0, 0, 0, 0]"
297.030189514,,21381,,1583006601,887409925,"""Soft-Hard Puff Deadband""",[-0.31632113456726074],"[0, 0, 0, 0]"
297.04248023,,21382,,1583006601,899507999,"""Soft-Hard Puff Deadband""",[-0.3054629862308502],"[0, 0, 0, 0]"
297.046382189,,21383,,1583006601,903451919,"""Soft-Hard Puff Deadband""",[-0.31632113456726074],"[0, 0, 0, 0]"
297.058826208,,21384,,1583006601,915502071,"""Soft-Hard Puff Deadband""",[-0.3054629862308502],"[0, 0, 0, 0]"
297.075021267,,21385,,1583006601,925667047,"""Zero Band""",[-0.29463693499565125],"[0, 0, 0, 0]"
297.07986021,,21386,,1583006601,933384895,"""Zero Band""",[-0.28377875685691833],"[0, 0, 0, 0]"
297.085252762,,21387,,1583006601,937902927,"""Zero Band""",[-0.29463693499565125],"[0, 0, 0, 0]"
297.09173584,,21388,,1583006601,943327903,"""Zero Band""",[-0.28377875685691833],"[0, 0, 0, 0]"
297.098651409,,21389,,1583006601,951462984,"""Zero Band""",[-0.2729206085205078],"[0, 0, 0, 0]"
297.109687567,,21390,,1583006601,959492921,"""Zero Band""",[-0.2620624303817749],"[0, 0, 0, 0]"
297.115096807,,21391,,1583006601,967786073,"""Zero Band""",[-0.2512042820453644],"[0, 0, 0, 0]"
297.120363474,,21392,,1583006601,973407030,"""Zero Band""",[-0.24034611880779266],"[0, 0, 0, 0]"
297.128170967,,21393,,1583006601,981437921,"""Zero Band""",[-0.2295200675725937],"[0, 0, 0, 0]"
297.133573771,,21394,,1583006601,986165046,"""Zero Band""",[-0.21866190433502197],"[0, 0, 0, 0]"
297.140072823,,21395,,1583006601,991625070,"""Zero Band""",[-0.20780374109745026],"[0, 0, 0, 0]"
297.145359993,,21396,,1583006601,998123884,"""Zero Band""",[-0.19694557785987854],"[0, 0, 0, 0]"
297.151099443,,21397,,1583006602,3434896,"""Zero Band""",[-0.18608741462230682],"[0, 0, 0, 0]"
297.157233477,,21398,,1583006602,9352922,"""Zero Band""",[-0.17526137828826904],"[0, 0, 0, 0]"
297.162643671,,21399,,1583006602,15304088,"""Zero Band""",[-0.16440321505069733],"[0, 0, 0, 0]"
297.168242216,,21400,,1583006602,20694971,"""Zero Band""",[-0.1535450518131256],"[0, 0, 0, 0]"
297.174647093,,21401,,1583006602,26221036,"""Zero Band""",[-0.1426868885755539],"[0, 0, 0, 0]"
297.179919243,,21402,,1583006602,32752990,"""Zero Band""",[-0.13182871043682098],"[0, 0, 0, 0]"
297.18509841,,21403,,1583006602,37890911,"""Zero Band""",[-0.11014451086521149],"[0, 0, 0, 0]"
297.192175865,,21404,,1583006602,43255090,"""Zero Band""",[-0.09928634762763977],"[0, 0, 0, 0]"
297.196686029,,21405,,1583006602,50014019,"""Zero Band""",[-0.08842818439006805],"[0, 0, 0, 0]"
297.202810764,,21406,,1583006602,54670095,"""Zero Band""",[-0.07757002115249634],"[0, 0, 0, 0]"
297.208937407,,21407,,1583006602,60767889,"""Zero Band""",[-0.055885814130306244],"[0, 0, 0, 0]"
297.213710308,,21408,,1583006602,67034959,"""Zero Band""",[-0.04502765089273453],"[0, 0, 0, 0]"
297.218719006,,21409,,1583006602,71692943,"""Zero Band""",[-0.03416948765516281],"[0, 0, 0, 0]"
297.224550247,,21410,,1583006602,76699018,"""Zero Band""",[-0.012453158386051655],"[0, 0, 0, 0]"
297.225429535,,21411,,1583006602,82530975,"""Zero Band""",[-0.0],"[0, 0, 0, 0]"
297.226209879,,21412,,1583006602,83448886,"""Zero Band""",[-0.0],"[0, 0, 0, 0]"
297.227036953,,21413,,1583006602,84203958,"""Zero Band""",[-0.0],"[0, 0, 0, 0]"
297.227711439,,21414,,1583006602,84927082,"""Zero Band""",[-0.0],"[0, 0, 0, 0]"
297.227786303,,21415,,1583006602,84927082,"""input stopped""",[-0.0],"[0, 0, 0, 0]"
297.939558506,,21416,,1583006602,796411037,"""Zero Band""",[-0.0],"[0, 0, 0, 0]"
297.942347288,,21417,,1583006602,799474000,"""Zero Band""",[-0.0],"[0, 0, 0, 0]"
297.951193333,,21418,,1583006602,803455114,"""Zero Band""",[0.012485282495617867],"[0, 0, 0, 0]"
297.956205368,,21419,,1583006602,809288024,"""Zero Band""",[0.04505977779626846],"[0, 0, 0, 0]"
297.961039305,,21420,,1583006602,814201116,"""Zero Band""",[0.0993184745311737],"[0, 0, 0, 0]"
297.967642546,,21421,,1583006602,819106101,"""Zero Band""",[0.14271900057792664],"[0, 0, 0, 0]"
297.973452091,,21422,,1583006602,825633049,"""Zero Band""",[0.18611954152584076],"[0, 0, 0, 0]"
297.979114771,,21423,,1583006602,831439018,"""Zero Band""",[0.2403782308101654],"[0, 0, 0, 0]"
297.986732721,,21424,,1583006602,837271928,"""Zero Band""",[0.2946690618991852],"[0, 0, 0, 0]"
297.987905741,,21425,,1583006602,844711065,"""Soft-Hard Sip Deadband""",[0.3380695879459381],"[0, 0, 0, 0]"
297.988862991,,21426,,1583006602,845882892,"""Soft-Hard Sip Deadband""",[0.4031864404678345],"[0, 0, 0, 0]"
297.989818573,,21427,,1583006602,846829891,"""Soft-Hard Sip Deadband""",[0.4465869963169098],"[0, 0, 0, 0]"
297.995028019,,21428,,1583006602,847799062,"""Hard Sip""",[0.5008456707000732],"[0, 0, 0, 1]"
298.000267982,,21429,,1583006602,853044033,"""Hard Sip""",[0.565962553024292],"[0, 0, 0, 1]"
298.004910469,,21430,,1583006602,858234882,"""Zero Band""",[0.6202212572097778],"[0, 0, 0, 0]"
298.011012077,,21431,,1583006602,863007068,"""Zero Band""",[0.6636217832565308],"[0, 0, 0, 0]"
298.017618895,,21432,,1583006602,868999958,"""Zero Band""",[0.7287386655807495],"[0, 0, 0, 0]"
298.022600889,,21433,,1583006602,875746965,"""Zero Band""",[0.7829973101615906],"[0, 0, 0, 0]"
298.028267622,,21434,,1583006602,880585908,"""Zero Band""",[0.8481141924858093],"[0, 0, 0, 0]"
298.034367323,,21435,,1583006602,886338949,"""Zero Band""",[0.9132310748100281],"[0, 0, 0, 0]"
298.040045023,,21436,,1583006602,892335891,"""Zero Band""",[0.978347897529602],"[0, 0, 0, 0]"
298.046340704,,21437,,1583006602,897758007,"""Zero Band""",[1.0],"[0, 0, 0, 0]"
298.529155016,,21438,,1583006603,381582021,"""Zero Band""",[0.924089252948761],"[0, 0, 0, 0]"
298.533772945,,21439,,1583006603,387145042,"""Zero Band""",[0.7829973101615906],"[0, 0, 0, 0]"
298.539013147,,21440,,1583006603,391761064,"""Zero Band""",[0.6853380799293518],"[0, 0, 0, 0]"
298.545222044,,21441,,1583006603,397113084,"""Zero Band""",[0.598504900932312],"[0, 0, 0, 0]"
298.551575422,,21442,,1583006603,403207063,"""Zero Band""",[0.5008456707000732],"[0, 0, 0, 0]"
298.552891731,,21443,,1583006603,409615993,"""Soft-Hard Sip Deadband""",[0.4140446186065674],"[0, 0, 0, 0]"
298.553903103,,21444,,1583006603,410857915,"""Soft-Hard Sip Deadband""",[0.348927766084671],"[0, 0, 0, 0]"
298.561955929,,21445,,1583006603,412028074,"""Soft Sip""",[0.27295273542404175],"[0, 0, 1, 0]"
298.566731453,,21446,,1583006603,419991016,"""Soft Sip""",[0.2186940312385559],"[0, 0, 1, 0]"
298.571732998,,21447,,1583006603,424714088,"""Soft Sip""",[0.17529350519180298],"[0, 0, 1, 0]"
298.578007698,,21448,,1583006603,429718017,"""Soft Sip""",[0.12103480100631714],"[0, 0, 1, 0]"
298.582890511,,21449,,1583006603,435985088,"""Soft Sip""",[0.08846031129360199],"[0, 0, 1, 0]"
298.589838028,,21450,,1583006603,440783977,"""Soft Sip""",[0.05591794103384018],"[0, 0, 1, 0]"
298.595893383,,21451,,1583006603,447947025,"""Soft Sip""",[0.023343447595834732],"[0, 0, 1, 0]"
298.596683025,,21452,,1583006603,453879117,"""Zero Band""",[-0.0],"[0, 0, 0, 0]"
298.597450495,,21453,,1583006603,454663038,"""Zero Band""",[-0.0],"[0, 0, 0, 0]"
298.59803915,,21454,,1583006603,455347061,"""Zero Band""",[-0.0],"[0, 0, 0, 0]"
298.598777771,,21455,,1583006603,456087112,"""Zero Band""",[-0.0],"[0, 0, 0, 0]"
298.598916054,,21456,,1583006603,456087112,"""input stopped""",[-0.0],"[0, 0, 0, 0]"
299.313650608,,21457,,1583006604,170469045,"""Zero Band""",[-0.0],"[0, 0, 0, 0]"
299.320508242,,21458,,1583006604,177474021,"""Zero Band""",[-0.0],"[0, 0, 0, 0]"
299.324309349,,21459,,1583006604,181416034,"""Zero Band""",[-0.0],"[0, 0, 0, 0]"
299.330404758,,21460,,1583006604,187505960,"""Zero Band""",[-0.0],"[0, 0, 0, 0]"
299.337108135,,21461,,1583006604,193574905,"""Zero Band""",[-0.0],"[0, 0, 0, 0]"
299.338203192,,21462,,1583006604,195440053,"""Zero Band""",[0.0016592431347817183],"[0, 0, 0, 0]"
299.346317768,,21463,,1583006604,199425935,"""Soft Sip""",[0.012485282495617867],"[0, 0, 1, 0]"
299.352951765,,21464,,1583006604,205439090,"""Soft Sip""",[0.023343447595834732],"[0, 0, 1, 0]"
299.357957125,,21465,,1583006604,211034059,"""Soft Sip""",[0.03420161083340645],"[0, 0, 1, 0]"
299.362543106,,21466,,1583006604,216013908,"""Soft Sip""",[0.04505977779626846],"[0, 0, 1, 0]"
299.368235111,,21467,,1583006604,221441984,"""Soft Sip""",[0.05591794103384018],"[0, 0, 1, 0]"
299.37549901,,21468,,1583006604,226301908,"""Soft Sip""",[0.06674397736787796],"[0, 0, 1, 0]"
299.384829044,,21469,,1583006604,237534999,"""Soft Sip""",[0.07760214805603027],"[0, 0, 1, 0]"
299.395515203,,21470,,1583006604,247535943,"""Soft Sip""",[0.08846031129360199],"[0, 0, 1, 0]"
299.408643484,,21471,,1583006604,259488105,"""Soft Sip""",[0.0993184745311737],"[0, 0, 1, 0]"
299.414306641,,21472,,1583006604,266716957,"""Soft Sip""",[0.08846031129360199],"[0, 0, 1, 0]"
299.420037508,,21473,,1583006604,272357940,"""Soft Sip""",[0.0993184745311737],"[0, 0, 1, 0]"
299.475740194,,21474,,1583006604,327538013,"""Soft Sip""",[0.08846031129360199],"[0, 0, 1, 0]"
299.497328758,,21475,,1583006604,349546909,"""Soft Sip""",[0.07760214805603027],"[0, 0, 1, 0]"
299.51184392,,21476,,1583006604,363590955,"""Soft Sip""",[0.06674397736787796],"[0, 0, 1, 0]"
299.518359661,,21477,,1583006604,369946956,"""Soft Sip""",[0.07760214805603027],"[0, 0, 1, 0]"
299.527688265,,21478,,1583006604,379610061,"""Soft Sip""",[0.08846031129360199],"[0, 0, 1, 0]"
299.533069611,,21479,,1583006604,385771989,"""Soft Sip""",[0.0993184745311737],"[0, 0, 1, 0]"
299.540578842,,21480,,1583006604,391155958,"""Soft Sip""",[0.11017663776874542],"[0, 0, 1, 0]"
299.54747653,,21481,,1583006604,398602962,"""Soft Sip""",[0.12103480100631714],"[0, 0, 1, 0]"
299.552915096,,21482,,1583006604,405574083,"""Soft Sip""",[0.13186083734035492],"[0, 0, 1, 0]"
299.559573174,,21483,,1583006604,411041021,"""Soft Sip""",[0.14271900057792664],"[0, 0, 1, 0]"
299.564805031,,21484,,1583006604,417577028,"""Soft Sip""",[0.15357716381549835],"[0, 0, 1, 0]"
299.571029425,,21485,,1583006604,422899007,"""Soft Sip""",[0.16443534195423126],"[0, 0, 1, 0]"
299.577511787,,21486,,1583006604,429243087,"""Soft Sip""",[0.17529350519180298],"[0, 0, 1, 0]"
299.584439278,,21487,,1583006604,435489892,"""Soft Sip""",[0.18611954152584076],"[0, 0, 1, 0]"
299.590713739,,21488,,1583006604,442409038,"""Soft Sip""",[0.19697770476341248],"[0, 0, 1, 0]"
299.596081972,,21489,,1583006604,448795080,"""Soft Sip""",[0.2078358680009842],"[0, 0, 1, 0]"
299.602555275,,21490,,1583006604,454140901,"""Soft Sip""",[0.19697770476341248],"[0, 0, 1, 0]"
299.608121395,,21491,,1583006604,460671901,"""Soft Sip""",[0.18611954152584076],"[0, 0, 1, 0]"
299.613725901,,21492,,1583006604,466130018,"""Soft Sip""",[0.17529350519180298],"[0, 0, 1, 0]"
299.618857622,,21493,,1583006604,471785068,"""Soft Sip""",[0.16443534195423126],"[0, 0, 1, 0]"
299.625235319,,21494,,1583006604,476912021,"""Soft Sip""",[0.15357716381549835],"[0, 0, 1, 0]"
299.637455225,,21495,,1583006604,489496946,"""Soft Sip""",[0.14271900057792664],"[0, 0, 1, 0]"
299.654710531,,21496,,1583006604,505494117,"""Soft Sip""",[0.13186083734035492],"[0, 0, 1, 0]"
299.665438652,,21497,,1583006604,517468929,"""Soft Sip""",[0.12103480100631714],"[0, 0, 1, 0]"
299.673753023,,21498,,1583006604,525476932,"""Soft Sip""",[0.11017663776874542],"[0, 0, 1, 0]"
299.679907322,,21499,,1583006604,531816959,"""Soft Sip""",[0.0993184745311737],"[0, 0, 1, 0]"
299.684530735,,21500,,1583006604,537950992,"""Soft Sip""",[0.08846031129360199],"[0, 0, 1, 0]"
299.690104008,,21501,,1583006604,542691946,"""Soft Sip""",[0.07760214805603027],"[0, 0, 1, 0]"
299.696220875,,21502,,1583006604,548115968,"""Soft Sip""",[0.06674397736787796],"[0, 0, 1, 0]"
299.701832533,,21503,,1583006604,554270029,"""Soft Sip""",[0.05591794103384018],"[0, 0, 1, 0]"
299.707577705,,21504,,1583006604,559891939,"""Soft Sip""",[0.04505977779626846],"[0, 0, 1, 0]"
299.712074041,,21505,,1583006604,565656900,"""Soft Sip""",[0.03420161083340645],"[0, 0, 1, 0]"
299.717489719,,21506,,1583006604,570111036,"""Soft Sip""",[0.023343447595834732],"[0, 0, 1, 0]"
299.725569963,,21507,,1583006604,577482938,"""Soft Sip""",[0.012485282495617867],"[0, 0, 1, 0]"
299.726481915,,21508,,1583006604,583656072,"""Zero Band""",[0.0016592431347817183],"[0, 0, 0, 0]"
299.759366751,,21509,,1583006604,609544992,"""Soft Sip""",[0.012485282495617867],"[0, 0, 1, 0]"
299.764383316,,21510,,1583006604,617474079,"""Soft Sip""",[0.023343447595834732],"[0, 0, 1, 0]"
299.771520615,,21511,,1583006604,622422933,"""Soft Sip""",[0.03420161083340645],"[0, 0, 1, 0]"
299.77664423,,21512,,1583006604,629590988,"""Soft Sip""",[0.04505977779626846],"[0, 0, 1, 0]"
299.782213211,,21513,,1583006604,634722948,"""Soft Sip""",[0.05591794103384018],"[0, 0, 1, 0]"
299.788166523,,21514,,1583006604,640187025,"""Soft Sip""",[0.06674397736787796],"[0, 0, 1, 0]"
299.794372559,,21515,,1583006604,646192073,"""Soft Sip""",[0.07760214805603027],"[0, 0, 1, 0]"
299.79982543,,21516,,1583006604,652419090,"""Soft Sip""",[0.0993184745311737],"[0, 0, 1, 0]"
299.806409359,,21517,,1583006604,657912969,"""Soft Sip""",[0.12103480100631714],"[0, 0, 1, 0]"
299.811407804,,21518,,1583006604,664375066,"""Soft Sip""",[0.13186083734035492],"[0, 0, 1, 0]"
299.818218708,,21519,,1583006604,669399023,"""Soft Sip""",[0.15357716381549835],"[0, 0, 1, 0]"
299.82632637,,21520,,1583006604,676409006,"""Soft Sip""",[0.17529350519180298],"[0, 0, 1, 0]"
299.832024097,,21521,,1583006604,684154987,"""Soft Sip""",[0.18611954152584076],"[0, 0, 1, 0]"
299.838389397,,21522,,1583006604,690023899,"""Soft Sip""",[0.2078358680009842],"[0, 0, 1, 0]"
299.843948603,,21523,,1583006604,696367979,"""Soft Sip""",[0.22955219447612762],"[0, 0, 1, 0]"
299.850189209,,21524,,1583006604,702094078,"""Soft Sip""",[0.2403782308101654],"[0, 0, 1, 0]"
299.857295036,,21525,,1583006604,708163976,"""Soft Sip""",[0.26209455728530884],"[0, 0, 1, 0]"
299.864171743,,21526,,1583006604,715289115,"""Soft Sip""",[0.27295273542404175],"[0, 0, 1, 0]"
299.870118618,,21527,,1583006604,722146034,"""Soft Sip""",[0.28381088376045227],"[0, 0, 1, 0]"
299.876579046,,21528,,1583006604,728142976,"""Soft Sip""",[0.2946690618991852],"[0, 0, 1, 0]"
299.877535343,,21529,,1583006604,734550952,"""Soft-Hard Sip Deadband""",[0.30549511313438416],"[0, 0, 0, 0]"
299.878427267,,21530,,1583006604,735527992,"""Soft-Hard Sip Deadband""",[0.3163532614707947],"[0, 0, 0, 0]"
299.879161596,,21531,,1583006604,736327886,"""Soft-Hard Sip Deadband""",[0.3272114396095276],"[0, 0, 0, 0]"
299.880140543,,21532,,1583006604,737137079,"""Soft-Hard Sip Deadband""",[0.3163532614707947],"[0, 0, 0, 0]"
299.881064892,,21533,,1583006604,738133907,"""Soft-Hard Sip Deadband""",[0.30549511313438416],"[0, 0, 0, 0]"
299.887981653,,21534,,1583006604,739063024,"""Soft Sip""",[0.2946690618991852],"[0, 0, 1, 0]"
299.893874645,,21535,,1583006604,745829105,"""Soft Sip""",[0.28381088376045227],"[0, 0, 1, 0]"
299.899546862,,21536,,1583006604,751876115,"""Soft Sip""",[0.27295273542404175],"[0, 0, 1, 0]"
299.905089855,,21537,,1583006604,757453918,"""Soft Sip""",[0.26209455728530884],"[0, 0, 1, 0]"
299.911313295,,21538,,1583006604,763062000,"""Soft Sip""",[0.2512364089488983],"[0, 0, 1, 0]"
299.917061567,,21539,,1583006604,769263029,"""Soft Sip""",[0.2403782308101654],"[0, 0, 1, 0]"
299.924779177,,21540,,1583006604,775046110,"""Soft Sip""",[0.22955219447612762],"[0, 0, 1, 0]"
299.931104898,,21541,,1583006604,782740116,"""Soft Sip""",[0.2186940312385559],"[0, 0, 1, 0]"
299.937951565,,21542,,1583006604,789097070,"""Soft Sip""",[0.2078358680009842],"[0, 0, 1, 0]"
299.9446311,,21543,,1583006604,795932054,"""Soft Sip""",[0.19697770476341248],"[0, 0, 1, 0]"
299.948966742,,21544,,1583006604,802490949,"""Soft Sip""",[0.18611954152584076],"[0, 0, 1, 0]"
299.955187321,,21545,,1583006604,806934118,"""Soft Sip""",[0.17529350519180298],"[0, 0, 1, 0]"
299.961425781,,21546,,1583006604,812797069,"""Soft Sip""",[0.16443534195423126],"[0, 0, 1, 0]"
299.967102051,,21547,,1583006604,819399118,"""Soft Sip""",[0.15357716381549835],"[0, 0, 1, 0]"
299.97292304,,21548,,1583006604,825077056,"""Soft Sip""",[0.14271900057792664],"[0, 0, 1, 0]"
299.978646278,,21549,,1583006604,830900907,"""Soft Sip""",[0.13186083734035492],"[0, 0, 1, 0]"
299.985562086,,21550,,1583006604,836760044,"""Soft Sip""",[0.12103480100631714],"[0, 0, 1, 0]"
299.991688013,,21551,,1583006604,843554019,"""Soft Sip""",[0.11017663776874542],"[0, 0, 1, 0]"
299.996980667,,21552,,1583006604,849666118,"""Soft Sip""",[0.0993184745311737],"[0, 0, 1, 0]"
300.00256753,,21553,,1583006604,854978084,"""Soft Sip""",[0.08846031129360199],"[0, 0, 1, 0]"
300.007727861,,21554,,1583006604,860553979,"""Soft Sip""",[0.07760214805603027],"[0, 0, 1, 0]"
300.014135838,,21555,,1583006604,865716934,"""Soft Sip""",[0.06674397736787796],"[0, 0, 1, 0]"
300.020902157,,21556,,1583006604,871814012,"""Soft Sip""",[0.05591794103384018],"[0, 0, 1, 0]"
300.025595427,,21557,,1583006604,878905057,"""Soft Sip""",[0.04505977779626846],"[0, 0, 1, 0]"
300.031305552,,21558,,1583006604,883616924,"""Soft Sip""",[0.03420161083340645],"[0, 0, 1, 0]"
300.038300753,,21559,,1583006604,889316082,"""Soft Sip""",[0.023343447595834732],"[0, 0, 1, 0]"
300.043559313,,21560,,1583006604,896543979,"""Soft Sip""",[0.012485282495617867],"[0, 0, 1, 0]"
300.04459095,,21561,,1583006604,901546955,"""Zero Band""",[0.0016592431347817183],"[0, 0, 0, 0]"
300.045294523,,21562,,1583006604,902475118,"""Zero Band""",[-0.0],"[0, 0, 0, 0]"
300.046283007,,21563,,1583006604,903276920,"""Zero Band""",[0.0016592431347817183],"[0, 0, 0, 0]"
300.053478956,,21564,,1583006604,904220104,"""Soft Sip""",[0.012485282495617867],"[0, 0, 1, 0]"
300.059327602,,21565,,1583006604,911478042,"""Soft Sip""",[0.023343447595834732],"[0, 0, 1, 0]"
300.064335823,,21566,,1583006604,917325019,"""Soft Sip""",[0.03420161083340645],"[0, 0, 1, 0]"
300.070829391,,21567,,1583006604,922312974,"""Soft Sip""",[0.04505977779626846],"[0, 0, 1, 0]"
300.076090336,,21568,,1583006604,928800106,"""Soft Sip""",[0.05591794103384018],"[0, 0, 1, 0]"
300.081413984,,21569,,1583006604,934089899,"""Soft Sip""",[0.06674397736787796],"[0, 0, 1, 0]"
300.088124275,,21570,,1583006604,939388990,"""Soft Sip""",[0.07760214805603027],"[0, 0, 1, 0]"
300.093357563,,21571,,1583006604,946104049,"""Soft Sip""",[0.08846031129360199],"[0, 0, 1, 0]"
300.097804308,,21572,,1583006604,951328039,"""Soft Sip""",[0.0993184745311737],"[0, 0, 1, 0]"
300.102904797,,21573,,1583006604,955791950,"""Soft Sip""",[0.11017663776874542],"[0, 0, 1, 0]"
300.108616829,,21574,,1583006604,960923910,"""Soft Sip""",[0.12103480100631714],"[0, 0, 1, 0]"
300.114908695,,21575,,1583006604,966823101,"""Soft Sip""",[0.13186083734035492],"[0, 0, 1, 0]"
300.119721651,,21576,,1583006604,972707986,"""Soft Sip""",[0.14271900057792664],"[0, 0, 1, 0]"
300.125708342,,21577,,1583006604,977411031,"""Soft Sip""",[0.15357716381549835],"[0, 0, 1, 0]"
300.131349802,,21578,,1583006604,983685016,"""Soft Sip""",[0.16443534195423126],"[0, 0, 1, 0]"
300.137154579,,21579,,1583006604,989367008,"""Soft Sip""",[0.17529350519180298],"[0, 0, 1, 0]"
300.143729448,,21580,,1583006604,995184898,"""Soft Sip""",[0.18611954152584076],"[0, 0, 1, 0]"
300.149303436,,21581,,1583006605,1714944,"""Soft Sip""",[0.19697770476341248],"[0, 0, 1, 0]"
300.155370951,,21582,,1583006605,7280111,"""Soft Sip""",[0.2078358680009842],"[0, 0, 1, 0]"
300.161712408,,21583,,1583006605,13416051,"""Soft Sip""",[0.2186940312385559],"[0, 0, 1, 0]"
300.168100595,,21584,,1583006605,19690990,"""Soft Sip""",[0.22955219447612762],"[0, 0, 1, 0]"
300.175582647,,21585,,1583006605,26067018,"""Soft Sip""",[0.2403782308101654],"[0, 0, 1, 0]"
300.181022406,,21586,,1583006605,33565044,"""Soft Sip""",[0.2512364089488983],"[0, 0, 1, 0]"
300.186560631,,21587,,1583006605,39000988,"""Soft Sip""",[0.26209455728530884],"[0, 0, 1, 0]"
300.19341898,,21588,,1583006605,44529914,"""Soft Sip""",[0.27295273542404175],"[0, 0, 1, 0]"
300.198255301,,21589,,1583006605,51417112,"""Soft Sip""",[0.28381088376045227],"[0, 0, 1, 0]"
300.205292463,,21590,,1583006605,56271076,"""Soft Sip""",[0.2946690618991852],"[0, 0, 1, 0]"
300.206659794,,21591,,1583006605,63508033,"""Soft-Hard Sip Deadband""",[0.30549511313438416],"[0, 0, 0, 0]"
300.207823753,,21592,,1583006605,64613103,"""Soft-Hard Sip Deadband""",[0.3163532614707947],"[0, 0, 0, 0]"
300.20878315,,21593,,1583006605,65757989,"""Soft-Hard Sip Deadband""",[0.30549511313438416],"[0, 0, 0, 0]"
300.215458632,,21594,,1583006605,66706895,"""Soft Sip""",[0.2946690618991852],"[0, 0, 1, 0]"
300.221610308,,21595,,1583006605,73488950,"""Soft Sip""",[0.28381088376045227],"[0, 0, 1, 0]"
300.226377249,,21596,,1583006605,79593896,"""Soft Sip""",[0.27295273542404175],"[0, 0, 1, 0]"
300.232419729,,21597,,1583006605,84363937,"""Soft Sip""",[0.26209455728530884],"[0, 0, 1, 0]"
300.239794254,,21598,,1583006605,90281963,"""Soft Sip""",[0.2512364089488983],"[0, 0, 1, 0]"
300.245070934,,21599,,1583006605,97811937,"""Soft Sip""",[0.2403782308101654],"[0, 0, 1, 0]"
300.250233412,,21600,,1583006605,103054046,"""Soft Sip""",[0.22955219447612762],"[0, 0, 1, 0]"
300.256534576,,21601,,1583006605,108232021,"""Soft Sip""",[0.2186940312385559],"[0, 0, 1, 0]"
300.262187004,,21602,,1583006605,114516019,"""Soft Sip""",[0.2078358680009842],"[0, 0, 1, 0]"
300.26922369,,21603,,1583006605,120155096,"""Soft Sip""",[0.19697770476341248],"[0, 0, 1, 0]"
300.275803804,,21604,,1583006605,127178907,"""Soft Sip""",[0.18611954152584076],"[0, 0, 1, 0]"
300.281148911,,21605,,1583006605,133780002,"""Soft Sip""",[0.17529350519180298],"[0, 0, 1, 0]"
300.288113594,,21606,,1583006605,139118909,"""Soft Sip""",[0.16443534195423126],"[0, 0, 1, 0]"
300.324466467,,21607,,1583006605,146307945,"""Soft Sip""",[0.15357716381549835],"[0, 0, 1, 0]"
300.330663681,,21608,,1583006605,182477951,"""Soft Sip""",[0.14271900057792664],"[0, 0, 1, 0]"
300.336159468,,21609,,1583006605,188489913,"""Soft Sip""",[0.13186083734035492],"[0, 0, 1, 0]"
300.342797518,,21610,,1583006605,194133996,"""Soft Sip""",[0.12103480100631714],"[0, 0, 1, 0]"
300.349747181,,21611,,1583006605,200773954,"""Soft Sip""",[0.11017663776874542],"[0, 0, 1, 0]"
300.355910063,,21612,,1583006605,207757949,"""Soft Sip""",[0.0993184745311737],"[0, 0, 1, 0]"
300.361167669,,21613,,1583006605,213758945,"""Soft Sip""",[0.08846031129360199],"[0, 0, 1, 0]"
300.368453503,,21614,,1583006605,219315052,"""Soft Sip""",[0.07760214805603027],"[0, 0, 1, 0]"
300.379023075,,21615,,1583006605,226427078,"""Soft Sip""",[0.08846031129360199],"[0, 0, 1, 0]"
300.384171724,,21616,,1583006605,237020015,"""Soft Sip""",[0.0993184745311737],"[0, 0, 1, 0]"
300.391330719,,21617,,1583006605,242152929,"""Soft Sip""",[0.11017663776874542],"[0, 0, 1, 0]"
300.400103807,,21618,,1583006605,249259948,"""Soft Sip""",[0.12103480100631714],"[0, 0, 1, 0]"
300.40692544,,21619,,1583006605,258097887,"""Soft Sip""",[0.13186083734035492],"[0, 0, 1, 0]"
300.411744356,,21620,,1583006605,264903068,"""Soft Sip""",[0.14271900057792664],"[0, 0, 1, 0]"
300.417693853,,21621,,1583006605,269716978,"""Soft Sip""",[0.15357716381549835],"[0, 0, 1, 0]"
300.423331499,,21622,,1583006605,275429964,"""Soft Sip""",[0.16443534195423126],"[0, 0, 1, 0]"
300.429605246,,21623,,1583006605,281400918,"""Soft Sip""",[0.17529350519180298],"[0, 0, 1, 0]"
300.43583107,,21624,,1583006605,287738084,"""Soft Sip""",[0.18611954152584076],"[0, 0, 1, 0]"
300.443325043,,21625,,1583006605,293802976,"""Soft Sip""",[0.19697770476341248],"[0, 0, 1, 0]"
300.448065042,,21626,,1583006605,301141977,"""Soft Sip""",[0.2078358680009842],"[0, 0, 1, 0]"
300.453829765,,21627,,1583006605,306042909,"""Soft Sip""",[0.19697770476341248],"[0, 0, 1, 0]"
300.459522009,,21628,,1583006605,311803102,"""Soft Sip""",[0.18611954152584076],"[0, 0, 1, 0]"
300.464732885,,21629,,1583006605,317608118,"""Soft Sip""",[0.19697770476341248],"[0, 0, 1, 0]"
300.470562935,,21630,,1583006605,322709083,"""Soft Sip""",[0.18611954152584076],"[0, 0, 1, 0]"
300.476520777,,21631,,1583006605,328540086,"""Soft Sip""",[0.19697770476341248],"[0, 0, 1, 0]"
300.481302738,,21632,,1583006605,334604978,"""Soft Sip""",[0.18611954152584076],"[0, 0, 1, 0]"
300.485824108,,21633,,1583006605,339381933,"""Soft Sip""",[0.17529350519180298],"[0, 0, 1, 0]"
300.491816282,,21634,,1583006605,343822002,"""Soft Sip""",[0.16443534195423126],"[0, 0, 1, 0]"
300.499103069,,21635,,1583006605,349869012,"""Soft Sip""",[0.15357716381549835],"[0, 0, 1, 0]"
300.50443387,,21636,,1583006605,357151985,"""Soft Sip""",[0.14271900057792664],"[0, 0, 1, 0]"
300.521488428,,21637,,1583006605,373533964,"""Soft Sip""",[0.15357716381549835],"[0, 0, 1, 0]"
300.532295227,,21638,,1583006605,383527994,"""Soft Sip""",[0.16443534195423126],"[0, 0, 1, 0]"
300.540399313,,21639,,1583006605,393479108,"""Soft Sip""",[0.17529350519180298],"[0, 0, 1, 0]"
300.548917532,,21640,,1583006605,401443004,"""Soft Sip""",[0.18611954152584076],"[0, 0, 1, 0]"
300.556462526,,21641,,1583006605,409467935,"""Soft Sip""",[0.19697770476341248],"[0, 0, 1, 0]"
300.565731049,,21642,,1583006605,417547941,"""Soft Sip""",[0.2078358680009842],"[0, 0, 1, 0]"
300.57709527,,21643,,1583006605,429498910,"""Soft Sip""",[0.2186940312385559],"[0, 0, 1, 0]"
300.58210206,,21644,,1583006605,435414075,"""Soft Sip""",[0.2078358680009842],"[0, 0, 1, 0]"
300.590613842,,21645,,1583006605,441447019,"""Soft Sip""",[0.2186940312385559],"[0, 0, 1, 0]"
300.5963974,,21646,,1583006605,449450969,"""Soft Sip""",[0.2078358680009842],"[0, 0, 1, 0]"
300.616210699,,21647,,1583006605,467549085,"""Soft Sip""",[0.2186940312385559],"[0, 0, 1, 0]"
300.624813795,,21648,,1583006605,474282979,"""Soft Sip""",[0.2078358680009842],"[0, 0, 1, 0]"
300.631247044,,21649,,1583006605,482862949,"""Soft Sip""",[0.2186940312385559],"[0, 0, 1, 0]"
300.644912481,,21650,,1583006605,497519969,"""Soft Sip""",[0.22955219447612762],"[0, 0, 1, 0]"
300.658827782,,21651,,1583006605,509541034,"""Soft Sip""",[0.2403782308101654],"[0, 0, 1, 0]"
300.667394876,,21652,,1583006605,519459962,"""Soft Sip""",[0.2512364089488983],"[0, 0, 1, 0]"
300.679452181,,21653,,1583006605,531527042,"""Soft Sip""",[0.26209455728530884],"[0, 0, 1, 0]"
300.689095497,,21654,,1583006605,539454936,"""Soft Sip""",[0.27295273542404175],"[0, 0, 1, 0]"
300.694396734,,21655,,1583006605,547183036,"""Soft Sip""",[0.26209455728530884],"[0, 0, 1, 0]"
300.700086832,,21656,,1583006605,552397966,"""Soft Sip""",[0.27295273542404175],"[0, 0, 1, 0]"
300.706761599,,21657,,1583006605,558144092,"""Soft Sip""",[0.28381088376045227],"[0, 0, 1, 0]"
300.711669922,,21658,,1583006605,564781904,"""Soft Sip""",[0.27295273542404175],"[0, 0, 1, 0]"
300.718253851,,21659,,1583006605,569751024,"""Soft Sip""",[0.28381088376045227],"[0, 0, 1, 0]"
300.77546525,,21660,,1583006605,625608921,"""Soft Sip""",[0.2946690618991852],"[0, 0, 1, 0]"
300.780649424,,21661,,1583006605,633565902,"""Soft Sip""",[0.28381088376045227],"[0, 0, 1, 0]"
300.787948847,,21662,,1583006605,638715982,"""Soft Sip""",[0.2946690618991852],"[0, 0, 1, 0]"
300.804891109,,21663,,1583006605,661756992,"""Soft-Hard Sip Deadband""",[0.30549511313438416],"[0, 0, 0, 0]"
300.821216106,,21664,,1583006605,677736997,"""Soft-Hard Sip Deadband""",[0.3163532614707947],"[0, 0, 0, 0]"
300.844798803,,21665,,1583006605,701500892,"""Soft-Hard Sip Deadband""",[0.3272114396095276],"[0, 0, 0, 0]"
300.85269475,,21666,,1583006605,709546089,"""Soft-Hard Sip Deadband""",[0.3163532614707947],"[0, 0, 0, 0]"
300.879190922,,21667,,1583006605,735493898,"""Soft-Hard Sip Deadband""",[0.30549511313438416],"[0, 0, 0, 0]"
300.901432753,,21668,,1583006605,753488063,"""Soft Sip""",[0.2946690618991852],"[0, 0, 1, 0]"
300.929683924,,21669,,1583006605,781558990,"""Soft Sip""",[0.28381088376045227],"[0, 0, 1, 0]"
300.937503338,,21670,,1583006605,787774085,"""Soft Sip""",[0.2946690618991852],"[0, 0, 1, 0]"
300.942418575,,21671,,1583006605,795587062,"""Soft Sip""",[0.28381088376045227],"[0, 0, 1, 0]"
300.957845211,,21672,,1583006605,809586048,"""Soft Sip""",[0.27295273542404175],"[0, 0, 1, 0]"
300.973306894,,21673,,1583006605,825679063,"""Soft Sip""",[0.26209455728530884],"[0, 0, 1, 0]"
301.009655714,,21674,,1583006605,861502885,"""Soft Sip""",[0.2512364089488983],"[0, 0, 1, 0]"
301.029713154,,21675,,1583006605,881561994,"""Soft Sip""",[0.2403782308101654],"[0, 0, 1, 0]"
301.04036665,,21676,,1583006605,891514062,"""Soft Sip""",[0.2512364089488983],"[0, 0, 1, 0]"
301.045542479,,21677,,1583006605,898087978,"""Soft Sip""",[0.2403782308101654],"[0, 0, 1, 0]"
301.057920218,,21678,,1583006605,907593011,"""Soft Sip""",[0.2512364089488983],"[0, 0, 1, 0]"
301.063874722,,21679,,1583006605,915980100,"""Soft Sip""",[0.2403782308101654],"[0, 0, 1, 0]"
301.083522081,,21680,,1583006605,935544013,"""Soft Sip""",[0.22955219447612762],"[0, 0, 1, 0]"
301.103665113,,21681,,1583006605,955714941,"""Soft Sip""",[0.2186940312385559],"[0, 0, 1, 0]"
301.110278606,,21682,,1583006605,963430881,"""Soft Sip""",[0.2078358680009842],"[0, 0, 1, 0]"
301.116115332,,21683,,1583006605,969449043,"""Soft Sip""",[0.19697770476341248],"[0, 0, 1, 0]"
301.125842094,,21684,,1583006605,977705955,"""Soft Sip""",[0.18611954152584076],"[0, 0, 1, 0]"
301.131061554,,21685,,1583006605,983916044,"""Soft Sip""",[0.17529350519180298],"[0, 0, 1, 0]"
301.137068748,,21686,,1583006605,989137887,"""Soft Sip""",[0.16443534195423126],"[0, 0, 1, 0]"
301.142795801,,21687,,1583006605,995206117,"""Soft Sip""",[0.15357716381549835],"[0, 0, 1, 0]"
301.149597645,,21688,,1583006606,833988,"""Soft Sip""",[0.14271900057792664],"[0, 0, 1, 0]"
301.15654707,,21689,,1583006606,7705926,"""Soft Sip""",[0.13186083734035492],"[0, 0, 1, 0]"
301.160863876,,21690,,1583006606,14460086,"""Soft Sip""",[0.12103480100631714],"[0, 0, 1, 0]"
301.16583252,,21691,,1583006606,18949031,"""Soft Sip""",[0.11017663776874542],"[0, 0, 1, 0]"
301.17089653,,21692,,1583006606,23860931,"""Soft Sip""",[0.0993184745311737],"[0, 0, 1, 0]"
301.175722122,,21693,,1583006606,28975963,"""Soft Sip""",[0.08846031129360199],"[0, 0, 1, 0]"
301.180503368,,21694,,1583006606,33601045,"""Soft Sip""",[0.07760214805603027],"[0, 0, 1, 0]"
301.188797951,,21695,,1583006606,38606882,"""Soft Sip""",[0.06674397736787796],"[0, 0, 1, 0]"
301.194938183,,21696,,1583006606,46765089,"""Soft Sip""",[0.05591794103384018],"[0, 0, 1, 0]"
301.200633526,,21697,,1583006606,52911043,"""Soft Sip""",[0.04505977779626846],"[0, 0, 1, 0]"
301.206624746,,21698,,1583006606,58696985,"""Soft Sip""",[0.03420161083340645],"[0, 0, 1, 0]"
301.212919474,,21699,,1583006606,64601898,"""Soft Sip""",[0.023343447595834732],"[0, 0, 1, 0]"
301.22017312,,21700,,1583006606,70974111,"""Soft Sip""",[0.012485282495617867],"[0, 0, 1, 0]"
301.221454382,,21701,,1583006606,78154087,"""Zero Band""",[0.0016592431347817183],"[0, 0, 0, 0]"
301.222485781,,21702,,1583006606,79547882,"""Zero Band""",[-0.0],"[0, 0, 0, 0]"
301.223447323,,21703,,1583006606,80466985,"""Zero Band""",[0.0016592431347817183],"[0, 0, 0, 0]"
301.237278461,,21704,,1583006606,89546918,"""Soft Sip""",[0.012485282495617867],"[0, 0, 1, 0]"
301.244954348,,21705,,1583006606,97503900,"""Soft Sip""",[0.023343447595834732],"[0, 0, 1, 0]"
301.250713348,,21706,,1583006606,103014945,"""Soft Sip""",[0.03420161083340645],"[0, 0, 1, 0]"
301.257127762,,21707,,1583006606,108794927,"""Soft Sip""",[0.04505977779626846],"[0, 0, 1, 0]"
301.262090206,,21708,,1583006606,115185022,"""Soft Sip""",[0.05591794103384018],"[0, 0, 1, 0]"
301.266400576,,21709,,1583006606,120124101,"""Soft Sip""",[0.06674397736787796],"[0, 0, 1, 0]"
301.271960735,,21710,,1583006606,124452114,"""Soft Sip""",[0.07760214805603027],"[0, 0, 1, 0]"
301.277395248,,21711,,1583006606,129911899,"""Soft Sip""",[0.08846031129360199],"[0, 0, 1, 0]"
301.283957005,,21712,,1583006606,135533094,"""Soft Sip""",[0.0993184745311737],"[0, 0, 1, 0]"
301.28959775,,21713,,1583006606,142029047,"""Soft Sip""",[0.11017663776874542],"[0, 0, 1, 0]"
301.29499507,,21714,,1583006606,147768974,"""Soft Sip""",[0.12103480100631714],"[0, 0, 1, 0]"
301.300709248,,21715,,1583006606,152983903,"""Soft Sip""",[0.13186083734035492],"[0, 0, 1, 0]"
301.306711435,,21716,,1583006606,158763885,"""Soft Sip""",[0.14271900057792664],"[0, 0, 1, 0]"
301.363697767,,21717,,1583006606,215565919,"""Soft Sip""",[0.13186083734035492],"[0, 0, 1, 0]"
301.377495527,,21718,,1583006606,229434967,"""Soft Sip""",[0.12103480100631714],"[0, 0, 1, 0]"
301.431558609,,21719,,1583006606,283560991,"""Soft Sip""",[0.11017663776874542],"[0, 0, 1, 0]"
301.436531782,,21720,,1583006606,289608955,"""Soft Sip""",[0.12103480100631714],"[0, 0, 1, 0]"
301.442192078,,21721,,1583006606,294588088,"""Soft Sip""",[0.11017663776874542],"[0, 0, 1, 0]"
301.491991043,,21722,,1583006606,343600034,"""Soft Sip""",[0.0993184745311737],"[0, 0, 1, 0]"
301.506661415,,21723,,1583006606,357479095,"""Soft Sip""",[0.11017663776874542],"[0, 0, 1, 0]"
301.511431694,,21724,,1583006606,364727020,"""Soft Sip""",[0.0993184745311737],"[0, 0, 1, 0]"
301.524567127,,21725,,1583006606,375590085,"""Soft Sip""",[0.11017663776874542],"[0, 0, 1, 0]"
301.53291297,,21726,,1583006606,385433912,"""Soft Sip""",[0.12103480100631714],"[0, 0, 1, 0]"
301.542929649,,21727,,1583006606,395593881,"""Soft Sip""",[0.13186083734035492],"[0, 0, 1, 0]"
301.548998594,,21728,,1583006606,401388883,"""Soft Sip""",[0.14271900057792664],"[0, 0, 1, 0]"
301.555267572,,21729,,1583006606,407057046,"""Soft Sip""",[0.15357716381549835],"[0, 0, 1, 0]"
301.559980392,,21730,,1583006606,413491964,"""Soft Sip""",[0.16443534195423126],"[0, 0, 1, 0]"
301.566205502,,21731,,1583006606,419421911,"""Soft Sip""",[0.17529350519180298],"[0, 0, 1, 0]"
301.571476221,,21732,,1583006606,424254894,"""Soft Sip""",[0.18611954152584076],"[0, 0, 1, 0]"
301.576058626,,21733,,1583006606,429549932,"""Soft Sip""",[0.19697770476341248],"[0, 0, 1, 0]"
301.581619263,,21734,,1583006606,434094905,"""Soft Sip""",[0.2078358680009842],"[0, 0, 1, 0]"
301.588993073,,21735,,1583006606,439677953,"""Soft Sip""",[0.2186940312385559],"[0, 0, 1, 0]"
301.595435858,,21736,,1583006606,447071075,"""Soft Sip""",[0.22955219447612762],"[0, 0, 1, 0]"
301.60199213,,21737,,1583006606,453530073,"""Soft Sip""",[0.2403782308101654],"[0, 0, 1, 0]"
301.607469082,,21738,,1583006606,460074901,"""Soft Sip""",[0.2512364089488983],"[0, 0, 1, 0]"
301.612283468,,21739,,1583006606,465526103,"""Soft Sip""",[0.26209455728530884],"[0, 0, 1, 0]"
301.617546082,,21740,,1583006606,470330953,"""Soft Sip""",[0.27295273542404175],"[0, 0, 1, 0]"
301.623530149,,21741,,1583006606,475617885,"""Soft Sip""",[0.28381088376045227],"[0, 0, 1, 0]"
301.628930807,,21742,,1583006606,481607913,"""Soft Sip""",[0.2946690618991852],"[0, 0, 1, 0]"
301.629859924,,21743,,1583006606,486995935,"""Soft-Hard Sip Deadband""",[0.30549511313438416],"[0, 0, 0, 0]"
301.630667448,,21744,,1583006606,487893104,"""Soft-Hard Sip Deadband""",[0.3163532614707947],"[0, 0, 0, 0]"
301.634325743,,21745,,1583006606,491441965,"""Soft-Hard Sip Deadband""",[0.3272114396095276],"[0, 0, 0, 0]"
301.642737389,,21746,,1583006606,499551057,"""Soft-Hard Sip Deadband""",[0.3380695879459381],"[0, 0, 0, 0]"
301.650461912,,21747,,1583006606,507519960,"""Soft-Hard Sip Deadband""",[0.348927766084671],"[0, 0, 0, 0]"
301.666750431,,21748,,1583006606,523571014,"""Soft-Hard Sip Deadband""",[0.3597537875175476],"[0, 0, 0, 0]"
301.684726715,,21749,,1583006606,541548967,"""Soft-Hard Sip Deadband""",[0.348927766084671],"[0, 0, 0, 0]"
301.70507884,,21750,,1583006606,561539888,"""Soft-Hard Sip Deadband""",[0.3380695879459381],"[0, 0, 0, 0]"
301.708563328,,21751,,1583006606,565488100,"""Soft-Hard Sip Deadband""",[0.348927766084671],"[0, 0, 0, 0]"
301.710231066,,21752,,1583006606,567425966,"""Soft-Hard Sip Deadband""",[0.3380695879459381],"[0, 0, 0, 0]"
301.728485823,,21753,,1583006606,585513114,"""Soft-Hard Sip Deadband""",[0.3272114396095276],"[0, 0, 0, 0]"
301.736570835,,21754,,1583006606,593477010,"""Soft-Hard Sip Deadband""",[0.3163532614707947],"[0, 0, 0, 0]"
301.74261713,,21755,,1583006606,599510908,"""Soft-Hard Sip Deadband""",[0.30549511313438416],"[0, 0, 0, 0]"
301.750476599,,21756,,1583006606,603468894,"""Soft Sip""",[0.2946690618991852],"[0, 0, 1, 0]"
301.758339405,,21757,,1583006606,611454010,"""Soft Sip""",[0.28381088376045227],"[0, 0, 1, 0]"
301.765127897,,21758,,1583006606,617441892,"""Soft Sip""",[0.27295273542404175],"[0, 0, 1, 0]"
301.770199299,,21759,,1583006606,623163938,"""Soft Sip""",[0.26209455728530884],"[0, 0, 1, 0]"
301.775021791,,21760,,1583006606,628238916,"""Soft Sip""",[0.2512364089488983],"[0, 0, 1, 0]"
301.781667471,,21761,,1583006606,633436918,"""Soft Sip""",[0.2403782308101654],"[0, 0, 1, 0]"
301.788698435,,21762,,1583006606,639771938,"""Soft Sip""",[0.22955219447612762],"[0, 0, 1, 0]"
301.796042204,,21763,,1583006606,647447109,"""Soft Sip""",[0.2186940312385559],"[0, 0, 1, 0]"
301.803986788,,21764,,1583006606,655492067,"""Soft Sip""",[0.2078358680009842],"[0, 0, 1, 0]"
301.812771082,,21765,,1583006606,663434982,"""Soft Sip""",[0.19697770476341248],"[0, 0, 1, 0]"
301.819335222,,21766,,1583006606,671515941,"""Soft Sip""",[0.18611954152584076],"[0, 0, 1, 0]"
301.839702606,,21767,,1583006606,691490888,"""Soft Sip""",[0.17529350519180298],"[0, 0, 1, 0]"
301.873127699,,21768,,1583006606,725482940,"""Soft Sip""",[0.16443534195423126],"[0, 0, 1, 0]"
301.880909204,,21769,,1583006606,733393907,"""Soft Sip""",[0.17529350519180298],"[0, 0, 1, 0]"
301.88609457,,21770,,1583006606,738969087,"""Soft Sip""",[0.16443534195423126],"[0, 0, 1, 0]"
301.891738653,,21771,,1583006606,744143962,"""Soft Sip""",[0.17529350519180298],"[0, 0, 1, 0]"
301.928874254,,21772,,1583006606,781595945,"""Soft Sip""",[0.16443534195423126],"[0, 0, 1, 0]"
301.963173866,,21773,,1583006606,815470933,"""Soft Sip""",[0.15357716381549835],"[0, 0, 1, 0]"
301.982712746,,21774,,1583006606,835514068,"""Soft Sip""",[0.14271900057792664],"[0, 0, 1, 0]"
301.994264126,,21775,,1583006606,845699071,"""Soft Sip""",[0.13186083734035492],"[0, 0, 1, 0]"
302.000837564,,21776,,1583006606,853396892,"""Soft Sip""",[0.12103480100631714],"[0, 0, 1, 0]"
302.010527849,,21777,,1583006606,861458063,"""Soft Sip""",[0.11017663776874542],"[0, 0, 1, 0]"
302.01508522,,21778,,1583006606,868587017,"""Soft Sip""",[0.0993184745311737],"[0, 0, 1, 0]"
302.026908636,,21779,,1583006606,877486944,"""Soft Sip""",[0.08846031129360199],"[0, 0, 1, 0]"
302.033149481,,21780,,1583006606,885469913,"""Soft Sip""",[0.07760214805603027],"[0, 0, 1, 0]"
302.044116974,,21781,,1583006606,895476102,"""Soft Sip""",[0.06674397736787796],"[0, 0, 1, 0]"
302.085198879,,21782,,1583006606,937536001,"""Soft Sip""",[0.07760214805603027],"[0, 0, 1, 0]"
302.130358219,,21783,,1583006606,981596946,"""Soft Sip""",[0.08846031129360199],"[0, 0, 1, 0]"
302.148104906,,21784,,1583006606,999525070,"""Soft Sip""",[0.0993184745311737],"[0, 0, 1, 0]"
302.15483284,,21785,,1583006607,7462024,"""Soft Sip""",[0.11017663776874542],"[0, 0, 1, 0]"
302.163190126,,21786,,1583006607,15604972,"""Soft Sip""",[0.12103480100631714],"[0, 0, 1, 0]"
302.17053771,,21787,,1583006607,23495912,"""Soft Sip""",[0.13186083734035492],"[0, 0, 1, 0]"
302.180721521,,21788,,1583006607,33471107,"""Soft Sip""",[0.14271900057792664],"[0, 0, 1, 0]"
302.198204517,,21789,,1583006607,49689054,"""Soft Sip""",[0.15357716381549835],"[0, 0, 1, 0]"
302.206911325,,21790,,1583006607,59464931,"""Soft Sip""",[0.16443534195423126],"[0, 0, 1, 0]"
302.227945805,,21791,,1583006607,79621076,"""Soft Sip""",[0.17529350519180298],"[0, 0, 1, 0]"
302.233673334,,21792,,1583006607,86081981,"""Soft Sip""",[0.16443534195423126],"[0, 0, 1, 0]"
302.238490582,,21793,,1583006607,91751098,"""Soft Sip""",[0.17529350519180298],"[0, 0, 1, 0]"
302.24429059,,21794,,1583006607,97465038,"""Soft Sip""",[0.18611954152584076],"[0, 0, 1, 0]"
302.268545389,,21795,,1583006607,119559049,"""Soft Sip""",[0.19697770476341248],"[0, 0, 1, 0]"
302.277837038,,21796,,1583006607,129573106,"""Soft Sip""",[0.2078358680009842],"[0, 0, 1, 0]"
302.283836603,,21797,,1583006607,135874032,"""Soft Sip""",[0.19697770476341248],"[0, 0, 1, 0]"
302.291312456,,21798,,1583006607,141874074,"""Soft Sip""",[0.2078358680009842],"[0, 0, 1, 0]"
302.296417236,,21799,,1583006607,149458885,"""Soft Sip""",[0.2186940312385559],"[0, 0, 1, 0]"
302.311213255,,21800,,1583006607,163503885,"""Soft Sip""",[0.22955219447612762],"[0, 0, 1, 0]"
302.318605185,,21801,,1583006607,171443939,"""Soft Sip""",[0.2403782308101654],"[0, 0, 1, 0]"
302.33114624,,21802,,1583006607,183569908,"""Soft Sip""",[0.2512364089488983],"[0, 0, 1, 0]"
302.341012001,,21803,,1583006607,191456079,"""Soft Sip""",[0.26209455728530884],"[0, 0, 1, 0]"
302.347422123,,21804,,1583006607,199075937,"""Soft Sip""",[0.27295273542404175],"[0, 0, 1, 0]"
302.356361628,,21805,,1583006607,207577943,"""Soft Sip""",[0.28381088376045227],"[0, 0, 1, 0]"
302.364264965,,21806,,1583006607,217557907,"""Soft Sip""",[0.2946690618991852],"[0, 0, 1, 0]"
302.3992033,,21807,,1583006607,251549959,"""Soft Sip""",[0.28381088376045227],"[0, 0, 1, 0]"
302.414654493,,21808,,1583006607,265553951,"""Soft Sip""",[0.27295273542404175],"[0, 0, 1, 0]"
302.430590153,,21809,,1583006607,283523082,"""Soft Sip""",[0.26209455728530884],"[0, 0, 1, 0]"
302.459821224,,21810,,1583006607,311502933,"""Soft Sip""",[0.2512364089488983],"[0, 0, 1, 0]"
302.477201939,,21811,,1583006607,329505920,"""Soft Sip""",[0.2403782308101654],"[0, 0, 1, 0]"
302.491536856,,21812,,1583006607,343524932,"""Soft Sip""",[0.22955219447612762],"[0, 0, 1, 0]"
302.503193378,,21813,,1583006607,355673074,"""Soft Sip""",[0.2186940312385559],"[0, 0, 1, 0]"
302.51740694,,21814,,1583006607,369568109,"""Soft Sip""",[0.2078358680009842],"[0, 0, 1, 0]"
302.522289991,,21815,,1583006607,375473022,"""Soft Sip""",[0.19697770476341248],"[0, 0, 1, 0]"
302.528440952,,21816,,1583006607,381468057,"""Soft Sip""",[0.18611954152584076],"[0, 0, 1, 0]"
302.5521698,,21817,,1583006607,403484106,"""Soft Sip""",[0.17529350519180298],"[0, 0, 1, 0]"
302.569476128,,21818,,1583006607,421550035,"""Soft Sip""",[0.18611954152584076],"[0, 0, 1, 0]"
302.585533381,,21819,,1583006607,437568902,"""Soft Sip""",[0.19697770476341248],"[0, 0, 1, 0]"
302.595884085,,21820,,1583006607,447455883,"""Soft Sip""",[0.2078358680009842],"[0, 0, 1, 0]"
302.611122608,,21821,,1583006607,463607072,"""Soft Sip""",[0.2186940312385559],"[0, 0, 1, 0]"
302.623479605,,21822,,1583006607,475549936,"""Soft Sip""",[0.22955219447612762],"[0, 0, 1, 0]"
302.628713369,,21823,,1583006607,481568098,"""Soft Sip""",[0.2186940312385559],"[0, 0, 1, 0]"
302.634016275,,21824,,1583006607,486762046,"""Soft Sip""",[0.22955219447612762],"[0, 0, 1, 0]"
302.6662817,,21825,,1583006607,517617940,"""Soft Sip""",[0.2186940312385559],"[0, 0, 1, 0]"
302.786801577,,21826,,1583006607,639580965,"""Soft Sip""",[0.2078358680009842],"[0, 0, 1, 0]"
302.81572938,,21827,,1583006607,667537927,"""Soft Sip""",[0.19697770476341248],"[0, 0, 1, 0]"
302.856527328,,21828,,1583006607,705610036,"""Soft Sip""",[0.2078358680009842],"[0, 0, 1, 0]"
302.863198519,,21829,,1583006607,714586019,"""Soft Sip""",[0.19697770476341248],"[0, 0, 1, 0]"
302.870781422,,21830,,1583006607,721266031,"""Soft Sip""",[0.2078358680009842],"[0, 0, 1, 0]"
302.876476765,,21831,,1583006607,728913068,"""Soft Sip""",[0.2186940312385559],"[0, 0, 1, 0]"
302.888607502,,21832,,1583006607,739535093,"""Soft Sip""",[0.22955219447612762],"[0, 0, 1, 0]"
302.894889832,,21833,,1583006607,746665000,"""Soft Sip""",[0.2403782308101654],"[0, 0, 1, 0]"
302.909418344,,21834,,1583006607,761593103,"""Soft Sip""",[0.2512364089488983],"[0, 0, 1, 0]"
302.933795452,,21835,,1583006607,785558938,"""Soft Sip""",[0.2403782308101654],"[0, 0, 1, 0]"
302.96180439,,21836,,1583006607,813589096,"""Soft Sip""",[0.22955219447612762],"[0, 0, 1, 0]"
302.975332975,,21837,,1583006607,825603961,"""Soft Sip""",[0.2403782308101654],"[0, 0, 1, 0]"
302.981487751,,21838,,1583006607,833412885,"""Soft Sip""",[0.22955219447612762],"[0, 0, 1, 0]"
303.00356245,,21839,,1583006607,853543043,"""Soft Sip""",[0.2403782308101654],"[0, 0, 1, 0]"
303.00987339,,21840,,1583006607,861641883,"""Soft Sip""",[0.22955219447612762],"[0, 0, 1, 0]"
303.014872551,,21841,,1583006607,867927074,"""Soft Sip""",[0.2403782308101654],"[0, 0, 1, 0]"
303.021568298,,21842,,1583006607,872905015,"""Soft Sip""",[0.22955219447612762],"[0, 0, 1, 0]"
303.036393166,,21843,,1583006607,887480020,"""Soft Sip""",[0.2186940312385559],"[0, 0, 1, 0]"
303.055016279,,21844,,1583006607,907479047,"""Soft Sip""",[0.2078358680009842],"[0, 0, 1, 0]"
303.062371254,,21845,,1583006607,915472030,"""Soft Sip""",[0.19697770476341248],"[0, 0, 1, 0]"
303.074530125,,21846,,1583006607,925501108,"""Soft Sip""",[0.18611954152584076],"[0, 0, 1, 0]"
303.080445051,,21847,,1583006607,933505058,"""Soft Sip""",[0.17529350519180298],"[0, 0, 1, 0]"
303.091790199,,21848,,1583006607,943532943,"""Soft Sip""",[0.16443534195423126],"[0, 0, 1, 0]"
303.107768774,,21849,,1583006607,959551095,"""Soft Sip""",[0.15357716381549835],"[0, 0, 1, 0]"
303.128410101,,21850,,1583006607,981523990,"""Soft Sip""",[0.14271900057792664],"[0, 0, 1, 0]"
303.148126125,,21851,,1583006607,999516963,"""Soft Sip""",[0.15357716381549835],"[0, 0, 1, 0]"
303.153717995,,21852,,1583006608,6206989,"""Soft Sip""",[0.14271900057792664],"[0, 0, 1, 0]"
303.159413338,,21853,,1583006608,11814117,"""Soft Sip""",[0.15357716381549835],"[0, 0, 1, 0]"
303.165795803,,21854,,1583006608,17487049,"""Soft Sip""",[0.14271900057792664],"[0, 0, 1, 0]"
303.204976797,,21855,,1583006608,55572032,"""Soft Sip""",[0.15357716381549835],"[0, 0, 1, 0]"
303.230861187,,21856,,1583006608,81608057,"""Soft Sip""",[0.16443534195423126],"[0, 0, 1, 0]"
303.245222569,,21857,,1583006608,97668886,"""Soft Sip""",[0.17529350519180298],"[0, 0, 1, 0]"
303.307891846,,21858,,1583006608,159514904,"""Soft Sip""",[0.18611954152584076],"[0, 0, 1, 0]"
303.313523293,,21859,,1583006608,165924072,"""Soft Sip""",[0.17529350519180298],"[0, 0, 1, 0]"
303.320036173,,21860,,1583006608,171523094,"""Soft Sip""",[0.18611954152584076],"[0, 0, 1, 0]"
303.326784134,,21861,,1583006608,178093910,"""Soft Sip""",[0.17529350519180298],"[0, 0, 1, 0]"
303.351979256,,21862,,1583006608,203514099,"""Soft Sip""",[0.16443534195423126],"[0, 0, 1, 0]"
303.356798649,,21863,,1583006608,210040092,"""Soft Sip""",[0.17529350519180298],"[0, 0, 1, 0]"
303.361330032,,21864,,1583006608,214844942,"""Soft Sip""",[0.16443534195423126],"[0, 0, 1, 0]"
303.383054972,,21865,,1583006608,235611915,"""Soft Sip""",[0.15357716381549835],"[0, 0, 1, 0]"
303.39372921,,21866,,1583006608,245578050,"""Soft Sip""",[0.14271900057792664],"[0, 0, 1, 0]"
303.404434681,,21867,,1583006608,255620956,"""Soft Sip""",[0.13186083734035492],"[0, 0, 1, 0]"
303.415666103,,21868,,1583006608,267491102,"""Soft Sip""",[0.12103480100631714],"[0, 0, 1, 0]"
303.423329592,,21869,,1583006608,275485038,"""Soft Sip""",[0.11017663776874542],"[0, 0, 1, 0]"
303.428627253,,21870,,1583006608,281455039,"""Soft Sip""",[0.0993184745311737],"[0, 0, 1, 0]"
303.441085577,,21871,,1583006608,293737888,"""Soft Sip""",[0.08846031129360199],"[0, 0, 1, 0]"
303.448494196,,21872,,1583006608,301428079,"""Soft Sip""",[0.07760214805603027],"[0, 0, 1, 0]"
303.45515132,,21873,,1583006608,307431936,"""Soft Sip""",[0.06674397736787796],"[0, 0, 1, 0]"
303.469575405,,21874,,1583006608,319783926,"""Soft Sip""",[0.05591794103384018],"[0, 0, 1, 0]"
303.480918169,,21875,,1583006608,333484888,"""Soft Sip""",[0.04505977779626846],"[0, 0, 1, 0]"
303.486552954,,21876,,1583006608,338979005,"""Soft Sip""",[0.05591794103384018],"[0, 0, 1, 0]"
303.491499901,,21877,,1583006608,344598054,"""Soft Sip""",[0.04505977779626846],"[0, 0, 1, 0]"
303.497036219,,21878,,1583006608,349510908,"""Soft Sip""",[0.05591794103384018],"[0, 0, 1, 0]"
303.503066301,,21879,,1583006608,355096101,"""Soft Sip""",[0.04505977779626846],"[0, 0, 1, 0]"
303.510186672,,21880,,1583006608,361030101,"""Soft Sip""",[0.05591794103384018],"[0, 0, 1, 0]"
303.515749931,,21881,,1583006608,368199110,"""Soft Sip""",[0.06674397736787796],"[0, 0, 1, 0]"
303.521417141,,21882,,1583006608,373785972,"""Soft Sip""",[0.07760214805603027],"[0, 0, 1, 0]"
303.526870966,,21883,,1583006608,379487037,"""Soft Sip""",[0.08846031129360199],"[0, 0, 1, 0]"
303.53811121,,21884,,1583006608,389508962,"""Soft Sip""",[0.0993184745311737],"[0, 0, 1, 0]"
303.54356122,,21885,,1583006608,396183967,"""Soft Sip""",[0.11017663776874542],"[0, 0, 1, 0]"
303.548786879,,21886,,1583006608,401623010,"""Soft Sip""",[0.12103480100631714],"[0, 0, 1, 0]"
303.55515933,,21887,,1583006608,406775951,"""Soft Sip""",[0.13186083734035492],"[0, 0, 1, 0]"
303.560776234,,21888,,1583006608,413249015,"""Soft Sip""",[0.14271900057792664],"[0, 0, 1, 0]"
303.566865206,,21889,,1583006608,418817043,"""Soft Sip""",[0.15357716381549835],"[0, 0, 1, 0]"
303.57457304,,21890,,1583006608,425012111,"""Soft Sip""",[0.16443534195423126],"[0, 0, 1, 0]"
303.579651117,,21891,,1583006608,432631969,"""Soft Sip""",[0.17529350519180298],"[0, 0, 1, 0]"
303.586416483,,21892,,1583006608,437701940,"""Soft Sip""",[0.18611954152584076],"[0, 0, 1, 0]"
303.592535496,,21893,,1583006608,444514036,"""Soft Sip""",[0.19697770476341248],"[0, 0, 1, 0]"
303.597336292,,21894,,1583006608,450612068,"""Soft Sip""",[0.2078358680009842],"[0, 0, 1, 0]"
303.602956533,,21895,,1583006608,455358028,"""Soft Sip""",[0.2186940312385559],"[0, 0, 1, 0]"
303.611865282,,21896,,1583006608,463479042,"""Soft Sip""",[0.22955219447612762],"[0, 0, 1, 0]"
303.62445426,,21897,,1583006608,475567102,"""Soft Sip""",[0.2403782308101654],"[0, 0, 1, 0]"
303.630352259,,21898,,1583006608,483448028,"""Soft Sip""",[0.2512364089488983],"[0, 0, 1, 0]"
303.644795656,,21899,,1583006608,497529029,"""Soft Sip""",[0.26209455728530884],"[0, 0, 1, 0]"
303.689008713,,21900,,1583006608,539593935,"""Soft Sip""",[0.2512364089488983],"[0, 0, 1, 0]"
303.705616713,,21901,,1583006608,557596921,"""Soft Sip""",[0.2403782308101654],"[0, 0, 1, 0]"
303.717818499,,21902,,1583006608,569518089,"""Soft Sip""",[0.22955219447612762],"[0, 0, 1, 0]"
303.727055073,,21903,,1583006608,579536914,"""Soft Sip""",[0.2186940312385559],"[0, 0, 1, 0]"
303.73724556,,21904,,1583006608,589545011,"""Soft Sip""",[0.2078358680009842],"[0, 0, 1, 0]"
303.744380236,,21905,,1583006608,597496032,"""Soft Sip""",[0.19697770476341248],"[0, 0, 1, 0]"
303.754911184,,21906,,1583006608,605523109,"""Soft Sip""",[0.18611954152584076],"[0, 0, 1, 0]"
303.759815693,,21907,,1583006608,612998962,"""Soft Sip""",[0.17529350519180298],"[0, 0, 1, 0]"
303.77010107,,21908,,1583006608,621516942,"""Soft Sip""",[0.16443534195423126],"[0, 0, 1, 0]"
303.775019646,,21909,,1583006608,628155946,"""Soft Sip""",[0.15357716381549835],"[0, 0, 1, 0]"
303.788075686,,21910,,1583006608,639596939,"""Soft Sip""",[0.14271900057792664],"[0, 0, 1, 0]"
303.796770334,,21911,,1583006608,649525880,"""Soft Sip""",[0.13186083734035492],"[0, 0, 1, 0]"
303.817610025,,21912,,1583006608,669636964,"""Soft Sip""",[0.12103480100631714],"[0, 0, 1, 0]"
303.84347558,,21913,,1583006608,695573091,"""Soft Sip""",[0.13186083734035492],"[0, 0, 1, 0]"
303.860969543,,21914,,1583006608,713535070,"""Soft Sip""",[0.14271900057792664],"[0, 0, 1, 0]"
303.86841917,,21915,,1583006608,721486091,"""Soft Sip""",[0.15357716381549835],"[0, 0, 1, 0]"
303.874325752,,21916,,1583006608,726466894,"""Soft Sip""",[0.14271900057792664],"[0, 0, 1, 0]"
303.880981207,,21917,,1583006608,732389926,"""Soft Sip""",[0.15357716381549835],"[0, 0, 1, 0]"
303.886247873,,21918,,1583006608,739073991,"""Soft Sip""",[0.16443534195423126],"[0, 0, 1, 0]"
303.895157337,,21919,,1583006608,747579097,"""Soft Sip""",[0.17529350519180298],"[0, 0, 1, 0]"
303.906466961,,21920,,1583006608,757477998,"""Soft Sip""",[0.18611954152584076],"[0, 0, 1, 0]"
303.918969393,,21921,,1583006608,771593093,"""Soft Sip""",[0.19697770476341248],"[0, 0, 1, 0]"
303.928247213,,21922,,1583006608,779465913,"""Soft Sip""",[0.2078358680009842],"[0, 0, 1, 0]"
303.935519218,,21923,,1583006608,787466049,"""Soft Sip""",[0.2186940312385559],"[0, 0, 1, 0]"
303.946356535,,21924,,1583006608,797552108,"""Soft Sip""",[0.22955219447612762],"[0, 0, 1, 0]"
303.956331253,,21925,,1583006608,807472944,"""Soft Sip""",[0.2403782308101654],"[0, 0, 1, 0]"
303.972334623,,21926,,1583006608,823538064,"""Soft Sip""",[0.2512364089488983],"[0, 0, 1, 0]"
303.981348753,,21927,,1583006608,833542108,"""Soft Sip""",[0.26209455728530884],"[0, 0, 1, 0]"
304.033735991,,21928,,1583006608,885585069,"""Soft Sip""",[0.2512364089488983],"[0, 0, 1, 0]"
304.05074811,,21929,,1583006608,901546955,"""Soft Sip""",[0.2403782308101654],"[0, 0, 1, 0]"
304.059418201,,21930,,1583006608,911493062,"""Soft Sip""",[0.22955219447612762],"[0, 0, 1, 0]"
304.064962387,,21931,,1583006608,917479991,"""Soft Sip""",[0.2403782308101654],"[0, 0, 1, 0]"
304.069933891,,21932,,1583006608,923018932,"""Soft Sip""",[0.22955219447612762],"[0, 0, 1, 0]"
304.087834597,,21933,,1583006608,939506053,"""Soft Sip""",[0.2186940312385559],"[0, 0, 1, 0]"
304.112027884,,21934,,1583006608,963587999,"""Soft Sip""",[0.2078358680009842],"[0, 0, 1, 0]"
304.130163193,,21935,,1583006608,981553077,"""Soft Sip""",[0.19697770476341248],"[0, 0, 1, 0]"
304.150725603,,21936,,1583006609,3511905,"""Soft Sip""",[0.18611954152584076],"[0, 0, 1, 0]"
304.176899195,,21937,,1583006609,29555082,"""Soft Sip""",[0.17529350519180298],"[0, 0, 1, 0]"
304.183377504,,21938,,1583006609,34996032,"""Soft Sip""",[0.18611954152584076],"[0, 0, 1, 0]"
304.21237278,,21939,,1583006609,63549995,"""Soft Sip""",[0.19697770476341248],"[0, 0, 1, 0]"
304.225994825,,21940,,1583006609,77492952,"""Soft Sip""",[0.2078358680009842],"[0, 0, 1, 0]"
304.230896711,,21941,,1583006609,84044933,"""Soft Sip""",[0.2186940312385559],"[0, 0, 1, 0]"
304.236758471,,21942,,1583006609,89436054,"""Soft Sip""",[0.22955219447612762],"[0, 0, 1, 0]"
304.245081663,,21943,,1583006609,97471952,"""Soft Sip""",[0.2403782308101654],"[0, 0, 1, 0]"
304.250486612,,21944,,1583006609,103179931,"""Soft Sip""",[0.2512364089488983],"[0, 0, 1, 0]"
304.257727623,,21945,,1583006609,109462976,"""Soft Sip""",[0.26209455728530884],"[0, 0, 1, 0]"
304.266126394,,21946,,1583006609,117553949,"""Soft Sip""",[0.27295273542404175],"[0, 0, 1, 0]"
304.2771101,,21947,,1583006609,127454042,"""Soft Sip""",[0.28381088376045227],"[0, 0, 1, 0]"
304.310159206,,21948,,1583006609,161557912,"""Soft Sip""",[0.27295273542404175],"[0, 0, 1, 0]"
304.327471256,,21949,,1583006609,179524898,"""Soft Sip""",[0.26209455728530884],"[0, 0, 1, 0]"
304.336912155,,21950,,1583006609,189485073,"""Soft Sip""",[0.2512364089488983],"[0, 0, 1, 0]"
304.363376141,,21951,,1583006609,215569019,"""Soft Sip""",[0.2403782308101654],"[0, 0, 1, 0]"
304.384374857,,21952,,1583006609,235502958,"""Soft Sip""",[0.22955219447612762],"[0, 0, 1, 0]"
304.393023491,,21953,,1583006609,245511054,"""Soft Sip""",[0.2186940312385559],"[0, 0, 1, 0]"
304.400380373,,21954,,1583006609,253464937,"""Soft Sip""",[0.2078358680009842],"[0, 0, 1, 0]"
304.409826994,,21955,,1583006609,261569976,"""Soft Sip""",[0.19697770476341248],"[0, 0, 1, 0]"
304.415443897,,21956,,1583006609,267869949,"""Soft Sip""",[0.18611954152584076],"[0, 0, 1, 0]"
304.423065424,,21957,,1583006609,273550987,"""Soft Sip""",[0.17529350519180298],"[0, 0, 1, 0]"
304.428352833,,21958,,1583006609,281116962,"""Soft Sip""",[0.16443534195423126],"[0, 0, 1, 0]"
304.432981491,,21959,,1583006609,286401987,"""Soft Sip""",[0.15357716381549835],"[0, 0, 1, 0]"
304.438439369,,21960,,1583006609,291038036,"""Soft Sip""",[0.14271900057792664],"[0, 0, 1, 0]"
304.443352938,,21961,,1583006609,296499013,"""Soft Sip""",[0.13186083734035492],"[0, 0, 1, 0]"
304.449075222,,21962,,1583006609,301422119,"""Soft Sip""",[0.12103480100631714],"[0, 0, 1, 0]"
304.455174208,,21963,,1583006609,307154893,"""Soft Sip""",[0.11017663776874542],"[0, 0, 1, 0]"
304.459760904,,21964,,1583006609,313232898,"""Soft Sip""",[0.0993184745311737],"[0, 0, 1, 0]"
304.464632034,,21965,,1583006609,317825078,"""Soft Sip""",[0.08846031129360199],"[0, 0, 1, 0]"
304.471649647,,21966,,1583006609,322696924,"""Soft Sip""",[0.07760214805603027],"[0, 0, 1, 0]"
304.477867365,,21967,,1583006609,329672098,"""Soft Sip""",[0.06674397736787796],"[0, 0, 1, 0]"
304.484847307,,21968,,1583006609,335942029,"""Soft Sip""",[0.05591794103384018],"[0, 0, 1, 0]"
304.490772247,,21969,,1583006609,342937946,"""Soft Sip""",[0.04505977779626846],"[0, 0, 1, 0]"
304.533863068,,21970,,1583006609,385560989,"""Soft Sip""",[0.05591794103384018],"[0, 0, 1, 0]"
304.549749136,,21971,,1583006609,401628971,"""Soft Sip""",[0.06674397736787796],"[0, 0, 1, 0]"
304.562749386,,21972,,1583006609,413554906,"""Soft Sip""",[0.07760214805603027],"[0, 0, 1, 0]"
304.575850248,,21973,,1583006609,427508115,"""Soft Sip""",[0.08846031129360199],"[0, 0, 1, 0]"
304.587704897,,21974,,1583006609,439457893,"""Soft Sip""",[0.0993184745311737],"[0, 0, 1, 0]"
304.623350382,,21975,,1583006609,475552082,"""Soft Sip""",[0.08846031129360199],"[0, 0, 1, 0]"
304.643434048,,21976,,1583006609,495532989,"""Soft Sip""",[0.07760214805603027],"[0, 0, 1, 0]"
304.648072481,,21977,,1583006609,501499891,"""Soft Sip""",[0.08846031129360199],"[0, 0, 1, 0]"
304.658126593,,21978,,1583006609,509469985,"""Soft Sip""",[0.07760214805603027],"[0, 0, 1, 0]"
304.662638187,,21979,,1583006609,516160011,"""Soft Sip""",[0.08846031129360199],"[0, 0, 1, 0]"
304.674662352,,21980,,1583006609,525549888,"""Soft Sip""",[0.07760214805603027],"[0, 0, 1, 0]"
304.680840731,,21981,,1583006609,532731056,"""Soft Sip""",[0.08846031129360199],"[0, 0, 1, 0]"
304.685746193,,21982,,1583006609,538872957,"""Soft Sip""",[0.07760214805603027],"[0, 0, 1, 0]"
304.692399263,,21983,,1583006609,543823957,"""Soft Sip""",[0.08846031129360199],"[0, 0, 1, 0]"
304.698236465,,21984,,1583006609,550435066,"""Soft Sip""",[0.07760214805603027],"[0, 0, 1, 0]"
304.703962326,,21985,,1583006609,556335926,"""Soft Sip""",[0.08846031129360199],"[0, 0, 1, 0]"
304.711113691,,21986,,1583006609,561935901,"""Soft Sip""",[0.07760214805603027],"[0, 0, 1, 0]"
304.716498613,,21987,,1583006609,569001913,"""Soft Sip""",[0.08846031129360199],"[0, 0, 1, 0]"
304.721452951,,21988,,1583006609,574552059,"""Soft Sip""",[0.07760214805603027],"[0, 0, 1, 0]"
304.741614342,,21989,,1583006609,593595981,"""Soft Sip""",[0.06674397736787796],"[0, 0, 1, 0]"
304.755256653,,21990,,1583006609,607521057,"""Soft Sip""",[0.07760214805603027],"[0, 0, 1, 0]"
304.787627697,,21991,,1583006609,639671087,"""Soft Sip""",[0.08846031129360199],"[0, 0, 1, 0]"
304.808849573,,21992,,1583006609,661492109,"""Soft Sip""",[0.0993184745311737],"[0, 0, 1, 0]"
304.813262701,,21993,,1583006609,666918039,"""Soft Sip""",[0.11017663776874542],"[0, 0, 1, 0]"
304.81843257,,21994,,1583006609,671466112,"""Soft Sip""",[0.12103480100631714],"[0, 0, 1, 0]"
304.824455023,,21995,,1583006609,676495075,"""Soft Sip""",[0.13186083734035492],"[0, 0, 1, 0]"
304.8307271,,21996,,1583006609,682553052,"""Soft Sip""",[0.14271900057792664],"[0, 0, 1, 0]"
304.835309267,,21997,,1583006609,688743114,"""Soft Sip""",[0.15357716381549835],"[0, 0, 1, 0]"
304.841825247,,21998,,1583006609,693358898,"""Soft Sip""",[0.16443534195423126],"[0, 0, 1, 0]"
304.846967459,,21999,,1583006609,699893951,"""Soft Sip""",[0.17529350519180298],"[0, 0, 1, 0]"
304.851895571,,22000,,1583006609,704849958,"""Soft Sip""",[0.18611954152584076],"[0, 0, 1, 0]"
304.857278109,,22001,,1583006609,709988117,"""Soft Sip""",[0.19697770476341248],"[0, 0, 1, 0]"
304.863849401,,22002,,1583006609,715229034,"""Soft Sip""",[0.2078358680009842],"[0, 0, 1, 0]"
304.868434906,,22003,,1583006609,721858024,"""Soft Sip""",[0.2186940312385559],"[0, 0, 1, 0]"
304.875011206,,22004,,1583006609,726437091,"""Soft Sip""",[0.22955219447612762],"[0, 0, 1, 0]"
304.880036116,,22005,,1583006609,733113050,"""Soft Sip""",[0.2403782308101654],"[0, 0, 1, 0]"
304.885971785,,22006,,1583006609,738097906,"""Soft Sip""",[0.2512364089488983],"[0, 0, 1, 0]"
304.892825365,,22007,,1583006609,744019985,"""Soft Sip""",[0.26209455728530884],"[0, 0, 1, 0]"
304.898615599,,22008,,1583006609,750941991,"""Soft Sip""",[0.2512364089488983],"[0, 0, 1, 0]"
304.904804468,,22009,,1583006609,756469011,"""Soft Sip""",[0.26209455728530884],"[0, 0, 1, 0]"
304.912076712,,22010,,1583006609,762646913,"""Soft Sip""",[0.2512364089488983],"[0, 0, 1, 0]"
304.916571379,,22011,,1583006609,769819974,"""Soft Sip""",[0.2403782308101654],"[0, 0, 1, 0]"
304.926970005,,22012,,1583006609,777477979,"""Soft Sip""",[0.22955219447612762],"[0, 0, 1, 0]"
304.964058399,,22013,,1583006609,815711021,"""Soft Sip""",[0.2403782308101654],"[0, 0, 1, 0]"
304.969132662,,22014,,1583006609,822083950,"""Soft Sip""",[0.22955219447612762],"[0, 0, 1, 0]"
304.974029303,,22015,,1583006609,827194929,"""Soft Sip""",[0.2403782308101654],"[0, 0, 1, 0]"
305.007664204,,22016,,1583006609,859534025,"""Soft Sip""",[0.22955219447612762],"[0, 0, 1, 0]"
305.069571733,,22017,,1583006609,919608116,"""Soft Sip""",[0.2403782308101654],"[0, 0, 1, 0]"
305.078548908,,22018,,1583006609,931451082,"""Soft Sip""",[0.2512364089488983],"[0, 0, 1, 0]"
305.089195251,,22019,,1583006609,941544055,"""Soft Sip""",[0.26209455728530884],"[0, 0, 1, 0]"
305.104531527,,22020,,1583006609,955575942,"""Soft Sip""",[0.27295273542404175],"[0, 0, 1, 0]"
305.115091324,,22021,,1583006609,967463016,"""Soft Sip""",[0.28381088376045227],"[0, 0, 1, 0]"
305.138878822,,22022,,1583006609,991520881,"""Soft Sip""",[0.2946690618991852],"[0, 0, 1, 0]"
305.159310579,,22023,,1583006610,15708923,"""Soft-Hard Sip Deadband""",[0.30549511313438416],"[0, 0, 0, 0]"
305.164885759,,22024,,1583006610,17438888,"""Soft Sip""",[0.2946690618991852],"[0, 0, 1, 0]"
305.165756464,,22025,,1583006610,22924900,"""Soft-Hard Sip Deadband""",[0.30549511313438416],"[0, 0, 0, 0]"
305.172569752,,22026,,1583006610,29495954,"""Soft-Hard Sip Deadband""",[0.3163532614707947],"[0, 0, 0, 0]"
305.180726528,,22027,,1583006610,37530899,"""Soft-Hard Sip Deadband""",[0.3272114396095276],"[0, 0, 0, 0]"
305.188486576,,22028,,1583006610,45489072,"""Soft-Hard Sip Deadband""",[0.3380695879459381],"[0, 0, 0, 0]"
305.196838856,,22029,,1583006610,53617954,"""Soft-Hard Sip Deadband""",[0.348927766084671],"[0, 0, 0, 0]"
305.205009699,,22030,,1583006610,61557054,"""Soft-Hard Sip Deadband""",[0.3597537875175476],"[0, 0, 0, 0]"
305.210210085,,22031,,1583006610,67437887,"""Soft-Hard Sip Deadband""",[0.3706119656562805],"[0, 0, 0, 0]"
305.218631506,,22032,,1583006610,75520038,"""Soft-Hard Sip Deadband""",[0.38147011399269104],"[0, 0, 0, 0]"
305.222812653,,22033,,1583006610,79514980,"""Soft-Hard Sip Deadband""",[0.39232829213142395],"[0, 0, 0, 0]"
305.230565071,,22034,,1583006610,87568044,"""Soft-Hard Sip Deadband""",[0.4031864404678345],"[0, 0, 0, 0]"
305.272531033,,22035,,1583006610,129520893,"""Soft-Hard Sip Deadband""",[0.4140446186065674],"[0, 0, 0, 0]"
305.274689674,,22036,,1583006610,131490945,"""Soft-Hard Sip Deadband""",[0.4031864404678345],"[0, 0, 0, 0]"
305.278322935,,22037,,1583006610,135478973,"""Soft-Hard Sip Deadband""",[0.4140446186065674],"[0, 0, 0, 0]"
305.298457384,,22038,,1583006610,155498981,"""Soft-Hard Sip Deadband""",[0.42487066984176636],"[0, 0, 0, 0]"
305.316666365,,22039,,1583006610,173542976,"""Soft-Hard Sip Deadband""",[0.4357288181781769],"[0, 0, 0, 0]"
305.324967146,,22040,,1583006610,181596040,"""Soft-Hard Sip Deadband""",[0.4465869963169098],"[0, 0, 0, 0]"
305.332445621,,22041,,1583006610,189497947,"""Soft-Hard Sip Deadband""",[0.4574451446533203],"[0, 0, 0, 0]"
305.340504885,,22042,,1583006610,197513103,"""Soft-Hard Sip Deadband""",[0.4683033227920532],"[0, 0, 0, 0]"
305.350437403,,22043,,1583006610,207515954,"""Soft-Hard Sip Deadband""",[0.4791293442249298],"[0, 0, 0, 0]"
305.360567331,,22044,,1583006610,217500925,"""Soft-Hard Sip Deadband""",[0.4899875223636627],"[0, 0, 0, 0]"
305.407728434,,22045,,1583006610,259526968,"""Zero Band""",[0.5008456707000732],"[0, 0, 0, 0]"
305.416709661,,22046,,1583006610,269505977,"""Zero Band""",[0.5117038488388062],"[0, 0, 0, 0]"
305.432413578,,22047,,1583006610,283551931,"""Zero Band""",[0.5225620269775391],"[0, 0, 0, 0]"
305.443811655,,22048,,1583006610,295504093,"""Zero Band""",[0.533388078212738],"[0, 0, 0, 0]"
305.459858894,,22049,,1583006610,311508893,"""Zero Band""",[0.5442461967468262],"[0, 0, 0, 0]"
305.477505922,,22050,,1583006610,327549934,"""Zero Band""",[0.533388078212738],"[0, 0, 0, 0]"
305.486427307,,22051,,1583006610,339476108,"""Zero Band""",[0.5225620269775391],"[0, 0, 0, 0]"
305.491607189,,22052,,1583006610,344468116,"""Zero Band""",[0.5117038488388062],"[0, 0, 0, 0]"
305.496412516,,22053,,1583006610,349682092,"""Zero Band""",[0.5008456707000732],"[0, 0, 0, 0]"
305.497513771,,22054,,1583006610,354510068,"""Soft-Hard Sip Deadband""",[0.4899875223636627],"[0, 0, 0, 0]"
305.498528719,,22055,,1583006610,355582952,"""Soft-Hard Sip Deadband""",[0.4683033227920532],"[0, 0, 0, 0]"
305.50053072,,22056,,1583006610,357455015,"""Soft-Hard Sip Deadband""",[0.4574451446533203],"[0, 0, 0, 0]"
305.504598379,,22057,,1583006610,361500978,"""Soft-Hard Sip Deadband""",[0.4465869963169098],"[0, 0, 0, 0]"
305.506764174,,22058,,1583006610,363450050,"""Soft-Hard Sip Deadband""",[0.4357288181781769],"[0, 0, 0, 0]"
305.508677959,,22059,,1583006610,365505933,"""Soft-Hard Sip Deadband""",[0.4140446186065674],"[0, 0, 0, 0]"
305.51241231,,22060,,1583006610,369425058,"""Soft-Hard Sip Deadband""",[0.4031864404678345],"[0, 0, 0, 0]"
305.514201403,,22061,,1583006610,371437072,"""Soft-Hard Sip Deadband""",[0.39232829213142395],"[0, 0, 0, 0]"
305.516247511,,22062,,1583006610,373437881,"""Soft-Hard Sip Deadband""",[0.3706119656562805],"[0, 0, 0, 0]"
305.520418167,,22063,,1583006610,377485990,"""Soft-Hard Sip Deadband""",[0.348927766084671],"[0, 0, 0, 0]"
305.522635698,,22064,,1583006610,379475116,"""Soft-Hard Sip Deadband""",[0.3380695879459381],"[0, 0, 0, 0]"
305.524881363,,22065,,1583006610,381513118,"""Soft-Hard Sip Deadband""",[0.3163532614707947],"[0, 0, 0, 0]"
305.53211832,,22066,,1583006610,383531093,"""Soft Sip""",[0.2946690618991852],"[0, 0, 1, 0]"
305.538060188,,22067,,1583006610,390182971,"""Soft Sip""",[0.2512364089488983],"[0, 0, 1, 0]"
305.542986155,,22068,,1583006610,396189928,"""Soft Sip""",[0.22955219447612762],"[0, 0, 1, 0]"
305.548933506,,22069,,1583006610,401026010,"""Soft Sip""",[0.2078358680009842],"[0, 0, 1, 0]"
305.554376841,,22070,,1583006610,406996011,"""Soft Sip""",[0.18611954152584076],"[0, 0, 1, 0]"
305.560274124,,22071,,1583006610,412228107,"""Soft Sip""",[0.16443534195423126],"[0, 0, 1, 0]"
305.567765951,,22072,,1583006610,418322086,"""Soft Sip""",[0.15357716381549835],"[0, 0, 1, 0]"
305.574262857,,22073,,1583006610,425925016,"""Soft Sip""",[0.11017663776874542],"[0, 0, 1, 0]"
305.579541445,,22074,,1583006610,432239055,"""Soft Sip""",[0.0993184745311737],"[0, 0, 1, 0]"
305.584581137,,22075,,1583006610,437496900,"""Soft Sip""",[0.07760214805603027],"[0, 0, 1, 0]"
305.589518309,,22076,,1583006610,442565917,"""Soft Sip""",[0.06674397736787796],"[0, 0, 1, 0]"
305.596187353,,22077,,1583006610,447500944,"""Soft Sip""",[0.04505977779626846],"[0, 0, 1, 0]"
305.601281166,,22078,,1583006610,454255104,"""Soft Sip""",[0.03420161083340645],"[0, 0, 1, 0]"
305.60755682,,22079,,1583006610,459285974,"""Soft Sip""",[0.023343447595834732],"[0, 0, 1, 0]"
305.612732172,,22080,,1583006610,465593099,"""Soft Sip""",[0.012485282495617867],"[0, 0, 1, 0]"
305.613574743,,22081,,1583006610,470829010,"""Zero Band""",[0.0016592431347817183],"[0, 0, 0, 0]"
305.614258289,,22082,,1583006610,471554040,"""Zero Band""",[-0.0],"[0, 0, 0, 0]"
305.614953041,,22083,,1583006610,472237110,"""Zero Band""",[-0.0],"[0, 0, 0, 0]"
305.615613937,,22084,,1583006610,472904920,"""Zero Band""",[-0.0],"[0, 0, 0, 0]"
305.616294384,,22085,,1583006610,473592042,"""Zero Band""",[-0.0],"[0, 0, 0, 0]"
305.617199421,,22086,,1583006610,474267959,"""Zero Band""",[-0.0],"[0, 0, 0, 0]"
305.619274139,,22087,,1583006610,476406097,"""Zero Band""",[-0.0],"[0, 0, 0, 0]"
305.619398355,,22088,,1583006610,476406097,"""input stopped""",[-0.0],"[0, 0, 0, 0]"
305.691902637,,22089,,1583006610,548496961,"""Zero Band""",[-0.0],"[0, 0, 0, 0]"
305.69842267,,22090,,1583006610,555500030,"""Zero Band""",[-0.0],"[0, 0, 0, 0]"
305.700231791,,22091,,1583006610,557429075,"""Zero Band""",[-0.0],"[0, 0, 0, 0]"
305.706394196,,22092,,1583006610,563482999,"""Zero Band""",[-0.0],"[0, 0, 0, 0]"
305.708541155,,22093,,1583006610,565483093,"""Zero Band""",[-0.0],"[0, 0, 0, 0]"
305.712447405,,22094,,1583006610,569506883,"""Zero Band""",[0.0016592431347817183],"[0, 0, 0, 0]"
305.720385075,,22095,,1583006610,573478937,"""Soft Sip""",[0.012485282495617867],"[0, 0, 1, 0]"
305.726070404,,22096,,1583006610,578430891,"""Soft Sip""",[0.023343447595834732],"[0, 0, 1, 0]"
305.731392145,,22097,,1583006610,584139108,"""Soft Sip""",[0.03420161083340645],"[0, 0, 1, 0]"
305.736642599,,22098,,1583006610,589456081,"""Soft Sip""",[0.04505977779626846],"[0, 0, 1, 0]"
305.742890835,,22099,,1583006610,594696044,"""Soft Sip""",[0.05591794103384018],"[0, 0, 1, 0]"
305.749867439,,22100,,1583006610,601000070,"""Soft Sip""",[0.06674397736787796],"[0, 0, 1, 0]"
305.761410713,,22101,,1583006610,613507032,"""Soft Sip""",[0.07760214805603027],"[0, 0, 1, 0]"
305.766219139,,22102,,1583006610,619414091,"""Soft Sip""",[0.06674397736787796],"[0, 0, 1, 0]"
305.771927118,,22103,,1583006610,624248981,"""Soft Sip""",[0.07760214805603027],"[0, 0, 1, 0]"
305.778280497,,22104,,1583006610,629991054,"""Soft Sip""",[0.06674397736787796],"[0, 0, 1, 0]"
305.784500837,,22105,,1583006610,636358022,"""Soft Sip""",[0.07760214805603027],"[0, 0, 1, 0]"
305.798672676,,22106,,1583006610,651534080,"""Soft Sip""",[0.08846031129360199],"[0, 0, 1, 0]"
305.807188988,,22107,,1583006610,659524917,"""Soft Sip""",[0.07760214805603027],"[0, 0, 1, 0]"
305.817539454,,22108,,1583006610,669568061,"""Soft Sip""",[0.06674397736787796],"[0, 0, 1, 0]"
305.824114561,,22109,,1583006610,675568103,"""Soft Sip""",[0.05591794103384018],"[0, 0, 1, 0]"
305.829287529,,22110,,1583006610,682291030,"""Soft Sip""",[0.04505977779626846],"[0, 0, 1, 0]"
305.833886862,,22111,,1583006610,687278985,"""Soft Sip""",[0.03420161083340645],"[0, 0, 1, 0]"
305.838832617,,22112,,1583006610,691809892,"""Soft Sip""",[0.023343447595834732],"[0, 0, 1, 0]"
305.845134735,,22113,,1583006610,696938037,"""Soft Sip""",[0.012485282495617867],"[0, 0, 1, 0]"
305.846411467,,22114,,1583006610,703222990,"""Zero Band""",[0.0016592431347817183],"[0, 0, 0, 0]"
305.847185135,,22115,,1583006610,704353094,"""Zero Band""",[-0.0],"[0, 0, 0, 0]"
305.848314762,,22116,,1583006610,705240011,"""Zero Band""",[-0.0],"[0, 0, 0, 0]"
305.849217415,,22117,,1583006610,706409931,"""Zero Band""",[-0.0],"[0, 0, 0, 0]"
305.850214958,,22118,,1583006610,707458972,"""Zero Band""",[-0.0],"[0, 0, 0, 0]"
305.852225065,,22119,,1583006610,709446907,"""Zero Band""",[-0.0],"[0, 0, 0, 0]"
305.882401943,,22120,,1583006610,739553928,"""Zero Band""",[-0.0],"[0, 0, 0, 0]"
305.888732672,,22121,,1583006610,745532989,"""Zero Band""",[-0.0],"[0, 0, 0, 0]"
305.894794941,,22122,,1583006610,751542091,"""Zero Band""",[-0.0],"[0, 0, 0, 0]"
305.896296978,,22123,,1583006610,753472089,"""Zero Band""",[0.0016592431347817183],"[0, 0, 0, 0]"
305.902113676,,22124,,1583006610,755415916,"""Soft Sip""",[0.012485282495617867],"[0, 0, 1, 0]"
305.907505512,,22125,,1583006610,760157108,"""Soft Sip""",[0.023343447595834732],"[0, 0, 1, 0]"
305.913390398,,22126,,1583006610,765610933,"""Soft Sip""",[0.03420161083340645],"[0, 0, 1, 0]"
305.919408321,,22127,,1583006610,771409988,"""Soft Sip""",[0.04505977779626846],"[0, 0, 1, 0]"
305.925372839,,22128,,1583006610,777482986,"""Soft Sip""",[0.05591794103384018],"[0, 0, 1, 0]"
305.93247056,,22129,,1583006610,783456087,"""Soft Sip""",[0.06674397736787796],"[0, 0, 1, 0]"
305.938539505,,22130,,1583006610,790445089,"""Soft Sip""",[0.07760214805603027],"[0, 0, 1, 0]"
305.944118977,,22131,,1583006610,796643018,"""Soft Sip""",[0.08846031129360199],"[0, 0, 1, 0]"
305.950071573,,22132,,1583006610,802112102,"""Soft Sip""",[0.0993184745311737],"[0, 0, 1, 0]"
305.957107067,,22133,,1583006610,808212995,"""Soft Sip""",[0.12103480100631714],"[0, 0, 1, 0]"
305.963178873,,22134,,1583006610,815052986,"""Soft Sip""",[0.13186083734035492],"[0, 0, 1, 0]"
305.969094515,,22135,,1583006610,821158885,"""Soft Sip""",[0.14271900057792664],"[0, 0, 1, 0]"
305.977463007,,22136,,1583006610,827039003,"""Soft Sip""",[0.15357716381549835],"[0, 0, 1, 0]"
305.983150005,,22137,,1583006610,835432052,"""Soft Sip""",[0.16443534195423126],"[0, 0, 1, 0]"
305.988121986,,22138,,1583006610,841240882,"""Soft Sip""",[0.17529350519180298],"[0, 0, 1, 0]"
305.9933846,,22139,,1583006610,846077919,"""Soft Sip""",[0.18611954152584076],"[0, 0, 1, 0]"
305.998786211,,22140,,1583006610,851377010,"""Soft Sip""",[0.19697770476341248],"[0, 0, 1, 0]"
306.0044415,,22141,,1583006610,856756925,"""Soft Sip""",[0.2186940312385559],"[0, 0, 1, 0]"
306.01006484,,22142,,1583006610,862422943,"""Soft Sip""",[0.22955219447612762],"[0, 0, 1, 0]"
306.015158653,,22143,,1583006610,868271112,"""Soft Sip""",[0.2512364089488983],"[0, 0, 1, 0]"
306.020388603,,22144,,1583006610,873157024,"""Soft Sip""",[0.26209455728530884],"[0, 0, 1, 0]"
306.026326656,,22145,,1583006610,878362894,"""Soft Sip""",[0.28381088376045227],"[0, 0, 1, 0]"
306.031834841,,22146,,1583006610,884397029,"""Soft Sip""",[0.2946690618991852],"[0, 0, 1, 0]"
306.03284049,,22147,,1583006610,889806032,"""Soft-Hard Sip Deadband""",[0.3163532614707947],"[0, 0, 0, 0]"
306.033735275,,22148,,1583006610,890860080,"""Soft-Hard Sip Deadband""",[0.3380695879459381],"[0, 0, 0, 0]"
306.034615278,,22149,,1583006610,891724109,"""Soft-Hard Sip Deadband""",[0.348927766084671],"[0, 0, 0, 0]"
306.035502672,,22150,,1583006610,892600059,"""Soft-Hard Sip Deadband""",[0.3597537875175476],"[0, 0, 0, 0]"
306.036359787,,22151,,1583006610,893497943,"""Soft-Hard Sip Deadband""",[0.3706119656562805],"[0, 0, 0, 0]"
306.037235498,,22152,,1583006610,894337892,"""Soft-Hard Sip Deadband""",[0.38147011399269104],"[0, 0, 0, 0]"
306.038016319,,22153,,1583006610,895217895,"""Soft-Hard Sip Deadband""",[0.39232829213142395],"[0, 0, 0, 0]"
306.038724184,,22154,,1583006610,896001100,"""Soft-Hard Sip Deadband""",[0.4031864404678345],"[0, 0, 0, 0]"
306.03947854,,22155,,1583006610,896794080,"""Soft-Hard Sip Deadband""",[0.4140446186065674],"[0, 0, 0, 0]"
306.040139675,,22156,,1583006610,897453069,"""Soft-Hard Sip Deadband""",[0.42487066984176636],"[0, 0, 0, 0]"
306.040796518,,22157,,1583006610,898116111,"""Soft-Hard Sip Deadband""",[0.4357288181781769],"[0, 0, 0, 0]"
306.0416255,,22158,,1583006610,898860931,"""Soft-Hard Sip Deadband""",[0.4465869963169098],"[0, 0, 0, 0]"
306.042401314,,22159,,1583006610,899606943,"""Soft-Hard Sip Deadband""",[0.4574451446533203],"[0, 0, 0, 0]"
306.043349028,,22160,,1583006610,900393962,"""Soft-Hard Sip Deadband""",[0.4683033227920532],"[0, 0, 0, 0]"
306.044088602,,22161,,1583006610,901324033,"""Soft-Hard Sip Deadband""",[0.4791293442249298],"[0, 0, 0, 0]"
306.044845343,,22162,,1583006610,902133941,"""Soft-Hard Sip Deadband""",[0.4899875223636627],"[0, 0, 0, 0]"
306.051105976,,22163,,1583006610,903436899,"""Zero Band""",[0.5008456707000732],"[0, 0, 0, 0]"
306.056175709,,22164,,1583006610,909025907,"""Zero Band""",[0.5117038488388062],"[0, 0, 0, 0]"
306.06186676,,22165,,1583006610,914223909,"""Zero Band""",[0.5225620269775391],"[0, 0, 0, 0]"
306.068361998,,22166,,1583006610,919938087,"""Zero Band""",[0.533388078212738],"[0, 0, 0, 0]"
306.073046923,,22167,,1583006610,926429033,"""Zero Band""",[0.5442461967468262],"[0, 0, 0, 0]"
306.078474998,,22168,,1583006610,931062936,"""Zero Band""",[0.5551043748855591],"[0, 0, 0, 0]"
306.084616423,,22169,,1583006610,936440944,"""Zero Band""",[0.565962553024292],"[0, 0, 0, 0]"
306.090459347,,22170,,1583006610,942712068,"""Zero Band""",[0.5768207311630249],"[0, 0, 0, 0]"
306.097069025,,22171,,1583006610,948467969,"""Zero Band""",[0.587678849697113],"[0, 0, 0, 0]"
306.103838205,,22172,,1583006610,955141067,"""Zero Band""",[0.598504900932312],"[0, 0, 0, 0]"
306.109037399,,22173,,1583006610,961853981,"""Zero Band""",[0.6093630790710449],"[0, 0, 0, 0]"
306.114218235,,22174,,1583006610,967017889,"""Zero Band""",[0.6202212572097778],"[0, 0, 0, 0]"
306.12004447,,22175,,1583006610,972258090,"""Zero Band""",[0.6310794353485107],"[0, 0, 0, 0]"
306.124952793,,22176,,1583006610,978023052,"""Zero Band""",[0.6202212572097778],"[0, 0, 0, 0]"
306.130623102,,22177,,1583006610,983050107,"""Zero Band""",[0.6093630790710449],"[0, 0, 0, 0]"
306.136843204,,22178,,1583006610,988487958,"""Zero Band""",[0.598504900932312],"[0, 0, 0, 0]"
306.141942501,,22179,,1583006610,994822025,"""Zero Band""",[0.587678849697113],"[0, 0, 0, 0]"
306.147607327,,22180,,1583006611,29087,"""Zero Band""",[0.5768207311630249],"[0, 0, 0, 0]"
306.152630806,,22181,,1583006611,5254030,"""Zero Band""",[0.565962553024292],"[0, 0, 0, 0]"
306.157739878,,22182,,1583006611,10607957,"""Zero Band""",[0.5551043748855591],"[0, 0, 0, 0]"
306.163758755,,22183,,1583006611,15875101,"""Zero Band""",[0.5442461967468262],"[0, 0, 0, 0]"
306.16977787,,22184,,1583006611,21743059,"""Zero Band""",[0.533388078212738],"[0, 0, 0, 0]"
306.176445246,,22185,,1583006611,27770996,"""Zero Band""",[0.5225620269775391],"[0, 0, 0, 0]"
306.181723833,,22186,,1583006611,34044027,"""Zero Band""",[0.5117038488388062],"[0, 0, 0, 0]"
306.187007189,,22187,,1583006611,39709091,"""Zero Band""",[0.5008456707000732],"[0, 0, 0, 0]"
306.188029051,,22188,,1583006611,44986009,"""Soft-Hard Sip Deadband""",[0.4899875223636627],"[0, 0, 0, 0]"
306.189027548,,22189,,1583006611,46000957,"""Soft-Hard Sip Deadband""",[0.4683033227920532],"[0, 0, 0, 0]"
306.190062761,,22190,,1583006611,47210931,"""Soft-Hard Sip Deadband""",[0.4574451446533203],"[0, 0, 0, 0]"
306.191004515,,22191,,1583006611,48064947,"""Soft-Hard Sip Deadband""",[0.4465869963169098],"[0, 0, 0, 0]"
306.191921949,,22192,,1583006611,48921108,"""Soft-Hard Sip Deadband""",[0.4357288181781769],"[0, 0, 0, 0]"
306.192944288,,22193,,1583006611,49933910,"""Soft-Hard Sip Deadband""",[0.42487066984176636],"[0, 0, 0, 0]"
306.193964005,,22194,,1583006611,50950050,"""Soft-Hard Sip Deadband""",[0.4140446186065674],"[0, 0, 0, 0]"
306.194860935,,22195,,1583006611,51949977,"""Soft-Hard Sip Deadband""",[0.4031864404678345],"[0, 0, 0, 0]"
306.195794582,,22196,,1583006611,52851915,"""Soft-Hard Sip Deadband""",[0.38147011399269104],"[0, 0, 0, 0]"
306.196669102,,22197,,1583006611,53925991,"""Soft-Hard Sip Deadband""",[0.3706119656562805],"[0, 0, 0, 0]"
306.197352409,,22198,,1583006611,54646968,"""Soft-Hard Sip Deadband""",[0.3597537875175476],"[0, 0, 0, 0]"
306.198023081,,22199,,1583006611,55330038,"""Soft-Hard Sip Deadband""",[0.3380695879459381],"[0, 0, 0, 0]"
306.198675871,,22200,,1583006611,56003093,"""Soft-Hard Sip Deadband""",[0.3272114396095276],"[0, 0, 0, 0]"
306.199331522,,22201,,1583006611,56652069,"""Soft-Hard Sip Deadband""",[0.3163532614707947],"[0, 0, 0, 0]"
306.204529524,,22202,,1583006611,57308912,"""Soft Sip""",[0.2946690618991852],"[0, 0, 1, 0]"
306.20986414,,22203,,1583006611,62414884,"""Soft Sip""",[0.28381088376045227],"[0, 0, 1, 0]"
306.215454817,,22204,,1583006611,67836046,"""Soft Sip""",[0.26209455728530884],"[0, 0, 1, 0]"
306.219993591,,22205,,1583006611,73434114,"""Soft Sip""",[0.2512364089488983],"[0, 0, 1, 0]"
306.226113319,,22206,,1583006611,77975034,"""Soft Sip""",[0.2403782308101654],"[0, 0, 1, 0]"
306.232203007,,22207,,1583006611,84129095,"""Soft Sip""",[0.22955219447612762],"[0, 0, 1, 0]"
306.237744093,,22208,,1583006611,90284109,"""Soft Sip""",[0.2186940312385559],"[0, 0, 1, 0]"
306.244876385,,22209,,1583006611,95755100,"""Soft Sip""",[0.2078358680009842],"[0, 0, 1, 0]"
306.251641989,,22210,,1583006611,102988004,"""Soft Sip""",[0.19697770476341248],"[0, 0, 1, 0]"
306.257922411,,22211,,1583006611,109648942,"""Soft Sip""",[0.18611954152584076],"[0, 0, 1, 0]"
306.265152693,,22212,,1583006611,115901947,"""Soft Sip""",[0.19697770476341248],"[0, 0, 1, 0]"
306.270068407,,22213,,1583006611,123131990,"""Soft Sip""",[0.2078358680009842],"[0, 0, 1, 0]"
306.275938988,,22214,,1583006611,128051996,"""Soft Sip""",[0.2186940312385559],"[0, 0, 1, 0]"
306.281124353,,22215,,1583006611,134067058,"""Soft Sip""",[0.22955219447612762],"[0, 0, 1, 0]"
306.286041021,,22216,,1583006611,139111042,"""Soft Sip""",[0.2403782308101654],"[0, 0, 1, 0]"
306.292452335,,22217,,1583006611,144073963,"""Soft Sip""",[0.2512364089488983],"[0, 0, 1, 0]"
306.297472,,22218,,1583006611,150434970,"""Soft Sip""",[0.26209455728530884],"[0, 0, 1, 0]"
306.302767038,,22219,,1583006611,155613899,"""Soft Sip""",[0.27295273542404175],"[0, 0, 1, 0]"
306.308432579,,22220,,1583006611,160660028,"""Soft Sip""",[0.28381088376045227],"[0, 0, 1, 0]"
306.31313014,,22221,,1583006611,166409015,"""Soft Sip""",[0.2946690618991852],"[0, 0, 1, 0]"
306.313886642,,22222,,1583006611,171108007,"""Soft-Hard Sip Deadband""",[0.3163532614707947],"[0, 0, 0, 0]"
306.31462431,,22223,,1583006611,171860933,"""Soft-Hard Sip Deadband""",[0.3272114396095276],"[0, 0, 0, 0]"
306.315312862,,22224,,1583006611,172597885,"""Soft-Hard Sip Deadband""",[0.3380695879459381],"[0, 0, 0, 0]"
306.316039324,,22225,,1583006611,173268079,"""Soft-Hard Sip Deadband""",[0.348927766084671],"[0, 0, 0, 0]"
306.316746235,,22226,,1583006611,174011945,"""Soft-Hard Sip Deadband""",[0.3597537875175476],"[0, 0, 0, 0]"
306.317437172,,22227,,1583006611,174721956,"""Soft-Hard Sip Deadband""",[0.3706119656562805],"[0, 0, 0, 0]"
306.318320274,,22228,,1583006611,175435066,"""Soft-Hard Sip Deadband""",[0.39232829213142395],"[0, 0, 0, 0]"
306.319222927,,22229,,1583006611,176300048,"""Soft-Hard Sip Deadband""",[0.4031864404678345],"[0, 0, 0, 0]"
306.320496082,,22230,,1583006611,177476882,"""Soft-Hard Sip Deadband""",[0.4140446186065674],"[0, 0, 0, 0]"
306.32149291,,22231,,1583006611,178491115,"""Soft-Hard Sip Deadband""",[0.42487066984176636],"[0, 0, 0, 0]"
306.322426319,,22232,,1583006611,179459095,"""Soft-Hard Sip Deadband""",[0.4357288181781769],"[0, 0, 0, 0]"
306.323405266,,22233,,1583006611,180402994,"""Soft-Hard Sip Deadband""",[0.4465869963169098],"[0, 0, 0, 0]"
306.324462891,,22234,,1583006611,181411027,"""Soft-Hard Sip Deadband""",[0.4574451446533203],"[0, 0, 0, 0]"
306.325576782,,22235,,1583006611,182435035,"""Soft-Hard Sip Deadband""",[0.4683033227920532],"[0, 0, 0, 0]"
306.326541185,,22236,,1583006611,183738946,"""Soft-Hard Sip Deadband""",[0.4791293442249298],"[0, 0, 0, 0]"
306.327238798,,22237,,1583006611,184516906,"""Soft-Hard Sip Deadband""",[0.4899875223636627],"[0, 0, 0, 0]"
306.332409382,,22238,,1583006611,185233116,"""Zero Band""",[0.5008456707000732],"[0, 0, 0, 0]"
306.337209225,,22239,,1583006611,190385103,"""Zero Band""",[0.5117038488388062],"[0, 0, 0, 0]"
306.344535351,,22240,,1583006611,195194005,"""Zero Band""",[0.5225620269775391],"[0, 0, 0, 0]"
306.350040436,,22241,,1583006611,202697038,"""Zero Band""",[0.533388078212738],"[0, 0, 0, 0]"
306.355622292,,22242,,1583006611,208019018,"""Zero Band""",[0.5442461967468262],"[0, 0, 0, 0]"
306.360756397,,22243,,1583006611,213738918,"""Zero Band""",[0.565962553024292],"[0, 0, 0, 0]"
306.365543127,,22244,,1583006611,218739032,"""Zero Band""",[0.5768207311630249],"[0, 0, 0, 0]"
306.371029139,,22245,,1583006611,223524093,"""Zero Band""",[0.587678849697113],"[0, 0, 0, 0]"
306.377282143,,22246,,1583006611,229125976,"""Zero Band""",[0.6093630790710449],"[0, 0, 0, 0]"
306.381785631,,22247,,1583006611,235265970,"""Zero Band""",[0.6202212572097778],"[0, 0, 0, 0]"
306.387691736,,22248,,1583006611,239795923,"""Zero Band""",[0.6310794353485107],"[0, 0, 0, 0]"
306.394833803,,22249,,1583006611,245671987,"""Zero Band""",[0.6527636051177979],"[0, 0, 0, 0]"
306.400095224,,22250,,1583006611,252818107,"""Zero Band""",[0.6636217832565308],"[0, 0, 0, 0]"
306.405503511,,22251,,1583006611,257992029,"""Zero Band""",[0.6744799613952637],"[0, 0, 0, 0]"
306.411500931,,22252,,1583006611,263489007,"""Zero Band""",[0.6961962580680847],"[0, 0, 0, 0]"
306.417179346,,22253,,1583006611,269480943,"""Zero Band""",[0.7070544362068176],"[0, 0, 0, 0]"
306.42302537,,22254,,1583006611,275052070,"""Zero Band""",[0.7178804874420166],"[0, 0, 0, 0]"
306.429342985,,22255,,1583006611,280999898,"""Zero Band""",[0.7287386655807495],"[0, 0, 0, 0]"
306.434678555,,22256,,1583006611,287359952,"""Zero Band""",[0.7395967841148376],"[0, 0, 0, 0]"
306.44131732,,22257,,1583006611,292831897,"""Zero Band""",[0.7504549622535706],"[0, 0, 0, 0]"
306.446531534,,22258,,1583006611,299171924,"""Zero Band""",[0.7613131403923035],"[0, 0, 0, 0]"
306.451571941,,22259,,1583006611,304478883,"""Zero Band""",[0.7721391916275024],"[0, 0, 0, 0]"
306.456855297,,22260,,1583006611,309573888,"""Zero Band""",[0.7613131403923035],"[0, 0, 0, 0]"
306.462211847,,22261,,1583006611,314553976,"""Zero Band""",[0.7504549622535706],"[0, 0, 0, 0]"
306.467107296,,22262,,1583006611,320171117,"""Zero Band""",[0.7395967841148376],"[0, 0, 0, 0]"
306.472186327,,22263,,1583006611,325289964,"""Zero Band""",[0.7287386655807495],"[0, 0, 0, 0]"
306.478005171,,22264,,1583006611,330167055,"""Zero Band""",[0.7395967841148376],"[0, 0, 0, 0]"
306.483763218,,22265,,1583006611,335979938,"""Zero Band""",[0.7504549622535706],"[0, 0, 0, 0]"
306.489370346,,22266,,1583006611,341726064,"""Zero Band""",[0.7613131403923035],"[0, 0, 0, 0]"
306.494187117,,22267,,1583006611,347347021,"""Zero Band""",[0.7721391916275024],"[0, 0, 0, 0]"
306.500299931,,22268,,1583006611,352154970,"""Zero Band""",[0.7829973101615906],"[0, 0, 0, 0]"
306.50463295,,22269,,1583006611,358283042,"""Zero Band""",[0.7938554883003235],"[0, 0, 0, 0]"
306.510501146,,22270,,1583006611,362612962,"""Zero Band""",[0.8047136664390564],"[0, 0, 0, 0]"
306.51696229,,22271,,1583006611,368700027,"""Zero Band""",[0.8155718445777893],"[0, 0, 0, 0]"
306.522606373,,22272,,1583006611,374937057,"""Zero Band""",[0.8372560143470764],"[0, 0, 0, 0]"
306.52809,,22273,,1583006611,380578041,"""Zero Band""",[0.8481141924858093],"[0, 0, 0, 0]"
306.533852816,,22274,,1583006611,386071920,"""Zero Band""",[0.8698305487632751],"[0, 0, 0, 0]"
306.538230419,,22275,,1583006611,391829013,"""Zero Band""",[0.8915147185325623],"[0, 0, 0, 0]"
306.545237303,,22276,,1583006611,396213054,"""Zero Band""",[0.9132310748100281],"[0, 0, 0, 0]"
306.551319361,,22277,,1583006611,403245925,"""Zero Band""",[0.924089252948761],"[0, 0, 0, 0]"
306.556968451,,22278,,1583006611,409296989,"""Zero Band""",[0.9457734227180481],"[0, 0, 0, 0]"
306.563701391,,22279,,1583006611,414938926,"""Zero Band""",[0.956631600856781],"[0, 0, 0, 0]"
306.598396778,,22280,,1583006611,421350955,"""Zero Band""",[0.978347897529602],"[0, 0, 0, 0]"
306.603897333,,22281,,1583006611,456373929,"""Zero Band""",[0.989206075668335],"[0, 0, 0, 0]"
306.610460043,,22282,,1583006611,461874008,"""Zero Band""",[1.0],"[0, 0, 0, 0]"
306.615828514,,22283,,1583006611,468636989,"""Zero Band""",[0.989206075668335],"[0, 0, 0, 0]"
306.621595383,,22284,,1583006611,473810911,"""Zero Band""",[0.978347897529602],"[0, 0, 0, 0]"
306.628226042,,22285,,1583006611,479434013,"""Zero Band""",[0.9674897789955139],"[0, 0, 0, 0]"
306.632922888,,22286,,1583006611,486148118,"""Zero Band""",[0.956631600856781],"[0, 0, 0, 0]"
306.639458895,,22287,,1583006611,490899085,"""Zero Band""",[0.9457734227180481],"[0, 0, 0, 0]"
306.644773245,,22288,,1583006611,497466087,"""Zero Band""",[0.9349473714828491],"[0, 0, 0, 0]"
306.650506973,,22289,,1583006611,502749919,"""Zero Band""",[0.924089252948761],"[0, 0, 0, 0]"
306.656950712,,22290,,1583006611,508481979,"""Zero Band""",[0.9132310748100281],"[0, 0, 0, 0]"
306.662970066,,22291,,1583006611,514925956,"""Zero Band""",[0.9023728966712952],"[0, 0, 0, 0]"
306.668367147,,22292,,1583006611,520948886,"""Zero Band""",[0.8915147185325623],"[0, 0, 0, 0]"
306.676596642,,22293,,1583006611,526339054,"""Zero Band""",[0.8806886672973633],"[0, 0, 0, 0]"
306.681780815,,22294,,1583006611,534524917,"""Zero Band""",[0.8698305487632751],"[0, 0, 0, 0]"
306.686983585,,22295,,1583006611,539757966,"""Zero Band""",[0.8589723706245422],"[0, 0, 0, 0]"
306.693111181,,22296,,1583006611,544976949,"""Zero Band""",[0.8481141924858093],"[0, 0, 0, 0]"
306.697929144,,22297,,1583006611,551093101,"""Zero Band""",[0.8372560143470764],"[0, 0, 0, 0]"
306.704815149,,22298,,1583006611,556066989,"""Zero Band""",[0.8263978958129883],"[0, 0, 0, 0]"
306.710234404,,22299,,1583006611,562783002,"""Zero Band""",[0.8372560143470764],"[0, 0, 0, 0]"
306.714831829,,22300,,1583006611,568207979,"""Zero Band""",[0.8481141924858093],"[0, 0, 0, 0]"
306.720859766,,22301,,1583006611,572805881,"""Zero Band""",[0.8589723706245422],"[0, 0, 0, 0]"
306.726910591,,22302,,1583006611,578838109,"""Zero Band""",[0.8698305487632751],"[0, 0, 0, 0]"
306.732151508,,22303,,1583006611,584922075,"""Zero Band""",[0.8806886672973633],"[0, 0, 0, 0]"
306.737622976,,22304,,1583006611,590122938,"""Zero Band""",[0.8915147185325623],"[0, 0, 0, 0]"
306.743991613,,22305,,1583006611,595762014,"""Zero Band""",[0.8806886672973633],"[0, 0, 0, 0]"
306.748501062,,22306,,1583006611,601762056,"""Zero Band""",[0.8698305487632751],"[0, 0, 0, 0]"
306.75328064,,22307,,1583006611,606492042,"""Zero Band""",[0.8589723706245422],"[0, 0, 0, 0]"
306.759863615,,22308,,1583006611,611287117,"""Zero Band""",[0.8481141924858093],"[0, 0, 0, 0]"
306.765583515,,22309,,1583006611,617835044,"""Zero Band""",[0.8372560143470764],"[0, 0, 0, 0]"
306.771179676,,22310,,1583006611,623619079,"""Zero Band""",[0.8155718445777893],"[0, 0, 0, 0]"
306.777455091,,22311,,1583006611,629179954,"""Zero Band""",[0.8047136664390564],"[0, 0, 0, 0]"
306.784636736,,22312,,1583006611,635472059,"""Zero Band""",[0.7829973101615906],"[0, 0, 0, 0]"
306.789695263,,22313,,1583006611,642643928,"""Zero Band""",[0.7721391916275024],"[0, 0, 0, 0]"
306.794926167,,22314,,1583006611,647684097,"""Zero Band""",[0.7504549622535706],"[0, 0, 0, 0]"
306.801151752,,22315,,1583006611,652820110,"""Zero Band""",[0.7395967841148376],"[0, 0, 0, 0]"
306.805927038,,22316,,1583006611,659133911,"""Zero Band""",[0.7070544362068176],"[0, 0, 0, 0]"
306.810937881,,22317,,1583006611,664154052,"""Zero Band""",[0.6636217832565308],"[0, 0, 0, 0]"
306.816754341,,22318,,1583006611,668920993,"""Zero Band""",[0.6419375538825989],"[0, 0, 0, 0]"
306.821356535,,22319,,1583006611,674628973,"""Zero Band""",[0.6202212572097778],"[0, 0, 0, 0]"
306.82679081,,22320,,1583006611,679333925,"""Zero Band""",[0.598504900932312],"[0, 0, 0, 0]"
306.83300972,,22321,,1583006611,684762954,"""Zero Band""",[0.565962553024292],"[0, 0, 0, 0]"
306.837929726,,22322,,1583006611,690995931,"""Zero Band""",[0.5442461967468262],"[0, 0, 0, 0]"
306.843267679,,22323,,1583006611,695909976,"""Zero Band""",[0.5225620269775391],"[0, 0, 0, 0]"
306.848621368,,22324,,1583006611,701247930,"""Zero Band""",[0.5008456707000732],"[0, 0, 0, 0]"
306.849904299,,22325,,1583006611,706648111,"""Soft-Hard Sip Deadband""",[0.4791293442249298],"[0, 0, 0, 0]"
306.850749493,,22326,,1583006611,707868099,"""Soft-Hard Sip Deadband""",[0.4574451446533203],"[0, 0, 0, 0]"
306.851472855,,22327,,1583006611,708728075,"""Soft-Hard Sip Deadband""",[0.4357288181781769],"[0, 0, 0, 0]"
306.852356672,,22328,,1583006611,709443092,"""Soft-Hard Sip Deadband""",[0.4140446186065674],"[0, 0, 0, 0]"
306.853029251,,22329,,1583006611,710246086,"""Soft-Hard Sip Deadband""",[0.4031864404678345],"[0, 0, 0, 0]"
306.853660345,,22330,,1583006611,711004972,"""Soft-Hard Sip Deadband""",[0.38147011399269104],"[0, 0, 0, 0]"
306.854324818,,22331,,1583006611,711637973,"""Soft-Hard Sip Deadband""",[0.3706119656562805],"[0, 0, 0, 0]"
306.855056286,,22332,,1583006611,712296009,"""Soft-Hard Sip Deadband""",[0.348927766084671],"[0, 0, 0, 0]"
306.856062412,,22333,,1583006611,713041067,"""Soft-Hard Sip Deadband""",[0.3380695879459381],"[0, 0, 0, 0]"
306.857033014,,22334,,1583006611,714046001,"""Soft-Hard Sip Deadband""",[0.3272114396095276],"[0, 0, 0, 0]"
306.857828856,,22335,,1583006611,715009927,"""Soft-Hard Sip Deadband""",[0.30549511313438416],"[0, 0, 0, 0]"
306.863419771,,22336,,1583006611,715856075,"""Soft Sip""",[0.2946690618991852],"[0, 0, 1, 0]"
306.869925976,,22337,,1583006611,721399068,"""Soft Sip""",[0.28381088376045227],"[0, 0, 1, 0]"
306.875107765,,22338,,1583006611,727901935,"""Soft Sip""",[0.27295273542404175],"[0, 0, 1, 0]"
306.880228758,,22339,,1583006611,733088970,"""Soft Sip""",[0.26209455728530884],"[0, 0, 1, 0]"
306.886648893,,22340,,1583006611,738504886,"""Soft Sip""",[0.2512364089488983],"[0, 0, 1, 0]"
306.891365528,,22341,,1583006611,744626045,"""Soft Sip""",[0.2403782308101654],"[0, 0, 1, 0]"
306.897356272,,22342,,1583006611,749344110,"""Soft Sip""",[0.22955219447612762],"[0, 0, 1, 0]"
306.903560638,,22343,,1583006611,755323886,"""Soft Sip""",[0.2186940312385559],"[0, 0, 1, 0]"
306.909426689,,22344,,1583006611,761595964,"""Soft Sip""",[0.2078358680009842],"[0, 0, 1, 0]"
306.915739536,,22345,,1583006611,767426967,"""Soft Sip""",[0.19697770476341248],"[0, 0, 1, 0]"
306.922071218,,22346,,1583006611,773772001,"""Soft Sip""",[0.18611954152584076],"[0, 0, 1, 0]"
306.926941156,,22347,,1583006611,779966115,"""Soft Sip""",[0.17529350519180298],"[0, 0, 1, 0]"
306.932563066,,22348,,1583006611,784914016,"""Soft Sip""",[0.16443534195423126],"[0, 0, 1, 0]"
306.939259291,,22349,,1583006611,790534019,"""Soft Sip""",[0.14271900057792664],"[0, 0, 1, 0]"
306.944967985,,22350,,1583006611,797236919,"""Soft Sip""",[0.13186083734035492],"[0, 0, 1, 0]"
306.949705124,,22351,,1583006611,802951097,"""Soft Sip""",[0.12103480100631714],"[0, 0, 1, 0]"
306.956525564,,22352,,1583006611,807571887,"""Soft Sip""",[0.0993184745311737],"[0, 0, 1, 0]"
306.961093664,,22353,,1583006611,814498901,"""Soft Sip""",[0.08846031129360199],"[0, 0, 1, 0]"
306.968654871,,22354,,1583006611,819065093,"""Zero Band""",[0.07760214805603027],"[0, 0, 0, 0]"
306.974102736,,22355,,1583006611,826636075,"""Zero Band""",[0.06674397736787796],"[0, 0, 0, 0]"
306.979388237,,22356,,1583006611,832093000,"""Zero Band""",[0.05591794103384018],"[0, 0, 0, 0]"
306.985141993,,22357,,1583006611,837518930,"""Zero Band""",[0.06674397736787796],"[0, 0, 0, 0]"
306.992584944,,22358,,1583006611,843127965,"""Zero Band""",[0.07760214805603027],"[0, 0, 0, 0]"
306.997634649,,22359,,1583006611,850574016,"""Zero Band""",[0.06674397736787796],"[0, 0, 0, 0]"
307.003071785,,22360,,1583006611,855614900,"""Zero Band""",[0.05591794103384018],"[0, 0, 0, 0]"
307.009405851,,22361,,1583006611,861057996,"""Zero Band""",[0.04505977779626846],"[0, 0, 0, 0]"
307.015798569,,22362,,1583006611,867402076,"""Zero Band""",[0.03420161083340645],"[0, 0, 0, 0]"
307.022504807,,22363,,1583006611,873655080,"""Zero Band""",[0.023343447595834732],"[0, 0, 0, 0]"
307.028569221,,22364,,1583006611,880484104,"""Zero Band""",[0.012485282495617867],"[0, 0, 0, 0]"
307.029413462,,22365,,1583006611,886545896,"""Zero Band""",[0.0016592431347817183],"[0, 0, 0, 0]"
307.0358603,,22366,,1583006611,887398958,"""Zero Band""",[0.012485282495617867],"[0, 0, 0, 0]"
307.0410676,,22367,,1583006611,894165039,"""Zero Band""",[0.023343447595834732],"[0, 0, 0, 0]"
307.046669006,,22368,,1583006611,899065971,"""Zero Band""",[0.03420161083340645],"[0, 0, 0, 0]"
307.053377151,,22369,,1583006611,904684066,"""Zero Band""",[0.04505977779626846],"[0, 0, 0, 0]"
307.058577538,,22370,,1583006611,911349058,"""Zero Band""",[0.05591794103384018],"[0, 0, 0, 0]"
307.063387394,,22371,,1583006611,916485071,"""Zero Band""",[0.06674397736787796],"[0, 0, 0, 0]"
307.068598986,,22372,,1583006611,921390056,"""Zero Band""",[0.07760214805603027],"[0, 0, 0, 0]"
307.074209213,,22373,,1583006611,926599979,"""Zero Band""",[0.08846031129360199],"[0, 0, 0, 0]"
307.079532862,,22374,,1583006611,932187080,"""Zero Band""",[0.0993184745311737],"[0, 0, 0, 0]"
307.085110188,,22375,,1583006611,937536001,"""Zero Band""",[0.11017663776874542],"[0, 0, 0, 0]"
307.090077639,,22376,,1583006611,943020105,"""Zero Band""",[0.12103480100631714],"[0, 0, 0, 0]"
307.095503569,,22377,,1583006611,948071002,"""Zero Band""",[0.13186083734035492],"[0, 0, 0, 0]"
307.100365639,,22378,,1583006611,953481912,"""Zero Band""",[0.15357716381549835],"[0, 0, 0, 0]"
307.105934381,,22379,,1583006611,958338975,"""Zero Band""",[0.16443534195423126],"[0, 0, 0, 0]"
307.111439943,,22380,,1583006611,963944911,"""Zero Band""",[0.17529350519180298],"[0, 0, 0, 0]"
307.11732316,,22381,,1583006611,969419002,"""Zero Band""",[0.18611954152584076],"[0, 0, 0, 0]"
307.12394309,,22382,,1583006611,975305080,"""Zero Band""",[0.19697770476341248],"[0, 0, 0, 0]"
307.129301786,,22383,,1583006611,981945991,"""Zero Band""",[0.2186940312385559],"[0, 0, 0, 0]"
307.134748936,,22384,,1583006611,987277030,"""Zero Band""",[0.22955219447612762],"[0, 0, 0, 0]"
307.140211821,,22385,,1583006611,992732048,"""Zero Band""",[0.2512364089488983],"[0, 0, 0, 0]"
307.145068169,,22386,,1583006611,998192071,"""Zero Band""",[0.27295273542404175],"[0, 0, 0, 0]"
307.151972294,,22387,,1583006612,3041028,"""Zero Band""",[0.2946690618991852],"[0, 0, 0, 0]"
307.152864695,,22388,,1583006612,9941101,"""Soft-Hard Sip Deadband""",[0.3163532614707947],"[0, 0, 0, 0]"
307.153687239,,22389,,1583006612,10828018,"""Soft-Hard Sip Deadband""",[0.3380695879459381],"[0, 0, 0, 0]"
307.154476643,,22390,,1583006612,11651039,"""Soft-Hard Sip Deadband""",[0.3706119656562805],"[0, 0, 0, 0]"
307.155235767,,22391,,1583006612,12469053,"""Soft-Hard Sip Deadband""",[0.39232829213142395],"[0, 0, 0, 0]"
307.156147718,,22392,,1583006612,13223886,"""Soft-Hard Sip Deadband""",[0.4140446186065674],"[0, 0, 0, 0]"
307.157016277,,22393,,1583006612,14138936,"""Soft-Hard Sip Deadband""",[0.4465869963169098],"[0, 0, 0, 0]"
307.157888889,,22394,,1583006612,15016078,"""Soft-Hard Sip Deadband""",[0.4791293442249298],"[0, 0, 0, 0]"
307.162790298,,22395,,1583006612,15856981,"""Hard Sip""",[0.5117038488388062],"[0, 0, 0, 1]"
307.168186903,,22396,,1583006612,21198987,"""Hard Sip""",[0.533388078212738],"[0, 0, 0, 1]"
307.173172712,,22397,,1583006612,26154994,"""Hard Sip""",[0.5768207311630249],"[0, 0, 0, 1]"
307.178891182,,22398,,1583006612,30945062,"""Zero Band""",[0.598504900932312],"[0, 0, 0, 0]"
307.184936047,,22399,,1583006612,36905050,"""Zero Band""",[0.6310794353485107],"[0, 0, 0, 0]"
307.190605164,,22400,,1583006612,42921066,"""Zero Band""",[0.6744799613952637],"[0, 0, 0, 0]"
307.197865725,,22401,,1583006612,48573017,"""Zero Band""",[0.7070544362068176],"[0, 0, 0, 0]"
307.202415943,,22402,,1583006612,55408000,"""Zero Band""",[0.7287386655807495],"[0, 0, 0, 0]"
307.207140446,,22403,,1583006612,60395956,"""Zero Band""",[0.7721391916275024],"[0, 0, 0, 0]"
307.214451313,,22404,,1583006612,65146923,"""Zero Band""",[0.7938554883003235],"[0, 0, 0, 0]"
307.219522476,,22405,,1583006612,72484016,"""Zero Band""",[0.8263978958129883],"[0, 0, 0, 0]"
307.225649118,,22406,,1583006612,77502012,"""Zero Band""",[0.8481141924858093],"[0, 0, 0, 0]"
307.23256588,,22407,,1583006612,83534002,"""Zero Band""",[0.8698305487632751],"[0, 0, 0, 0]"
307.237212181,,22408,,1583006612,90574979,"""Zero Band""",[0.9023728966712952],"[0, 0, 0, 0]"
307.242503405,,22409,,1583006612,95196008,"""Zero Band""",[0.9132310748100281],"[0, 0, 0, 0]"
307.247976542,,22410,,1583006612,100164890,"""Zero Band""",[0.9349473714828491],"[0, 0, 0, 0]"
307.253744364,,22411,,1583006612,105957031,"""Zero Band""",[0.956631600856781],"[0, 0, 0, 0]"
307.260466814,,22412,,1583006612,111758947,"""Zero Band""",[0.9674897789955139],"[0, 0, 0, 0]"
307.26631546,,22413,,1583006612,118443965,"""Zero Band""",[0.978347897529602],"[0, 0, 0, 0]"
307.271899223,,22414,,1583006612,124289035,"""Zero Band""",[0.989206075668335],"[0, 0, 0, 0]"
307.277565956,,22415,,1583006612,129885911,"""Zero Band""",[1.0],"[0, 0, 0, 0]"
307.283131599,,22416,,1583006612,135567903,"""Zero Band""",[0.989206075668335],"[0, 0, 0, 0]"
307.289025307,,22417,,1583006612,141155004,"""Zero Band""",[0.978347897529602],"[0, 0, 0, 0]"
307.29379487,,22418,,1583006612,147002935,"""Zero Band""",[0.9674897789955139],"[0, 0, 0, 0]"
307.300532103,,22419,,1583006612,151778936,"""Zero Band""",[0.956631600856781],"[0, 0, 0, 0]"
307.30614543,,22420,,1583006612,158519983,"""Zero Band""",[0.9457734227180481],"[0, 0, 0, 0]"
307.311467886,,22421,,1583006612,164113998,"""Zero Band""",[0.9349473714828491],"[0, 0, 0, 0]"
307.317298174,,22422,,1583006612,169441938,"""Zero Band""",[0.924089252948761],"[0, 0, 0, 0]"
307.322470665,,22423,,1583006612,175276994,"""Zero Band""",[0.9132310748100281],"[0, 0, 0, 0]"
307.32827425,,22424,,1583006612,180423021,"""Zero Band""",[0.9023728966712952],"[0, 0, 0, 0]"
307.334999323,,22425,,1583006612,186250925,"""Zero Band""",[0.8915147185325623],"[0, 0, 0, 0]"
307.341718912,,22426,,1583006612,192974090,"""Zero Band""",[0.8806886672973633],"[0, 0, 0, 0]"
307.348170042,,22427,,1583006612,199690103,"""Zero Band""",[0.8589723706245422],"[0, 0, 0, 0]"
307.354040146,,22428,,1583006612,206125974,"""Zero Band""",[0.8481141924858093],"[0, 0, 0, 0]"
307.360424757,,22429,,1583006612,212012052,"""Zero Band""",[0.8372560143470764],"[0, 0, 0, 0]"
307.367749453,,22430,,1583006612,218390941,"""Zero Band""",[0.8155718445777893],"[0, 0, 0, 0]"
307.374987602,,22431,,1583006612,225718021,"""Zero Band""",[0.8047136664390564],"[0, 0, 0, 0]"
307.379939079,,22432,,1583006612,232979059,"""Zero Band""",[0.7829973101615906],"[0, 0, 0, 0]"
307.385933876,,22433,,1583006612,237906932,"""Zero Band""",[0.7721391916275024],"[0, 0, 0, 0]"
307.392926693,,22434,,1583006612,243911027,"""Zero Band""",[0.7504549622535706],"[0, 0, 0, 0]"
307.398990631,,22435,,1583006612,250907897,"""Zero Band""",[0.7287386655807495],"[0, 0, 0, 0]"
307.406556129,,22436,,1583006612,256975889,"""Zero Band""",[0.7070544362068176],"[0, 0, 0, 0]"
307.412214279,,22437,,1583006612,264530897,"""Zero Band""",[0.6853380799293518],"[0, 0, 0, 0]"
307.417622805,,22438,,1583006612,270555019,"""Zero Band""",[0.6636217832565308],"[0, 0, 0, 0]"
307.422803164,,22439,,1583006612,275571107,"""Zero Band""",[0.6310794353485107],"[0, 0, 0, 0]"
307.428689957,,22440,,1583006612,280786037,"""Zero Band""",[0.587678849697113],"[0, 0, 0, 0]"
307.434455395,,22441,,1583006612,286653041,"""Zero Band""",[0.565962553024292],"[0, 0, 0, 0]"
307.4394629,,22442,,1583006612,292443037,"""Zero Band""",[0.5442461967468262],"[0, 0, 0, 0]"
307.445573568,,22443,,1583006612,297432899,"""Zero Band""",[0.5225620269775391],"[0, 0, 0, 0]"
307.451218367,,22444,,1583006612,303551912,"""Zero Band""",[0.5008456707000732],"[0, 0, 0, 0]"
307.452194214,,22445,,1583006612,309210062,"""Soft-Hard Sip Deadband""",[0.4791293442249298],"[0, 0, 0, 0]"
307.453095198,,22446,,1583006612,310158014,"""Soft-Hard Sip Deadband""",[0.4574451446533203],"[0, 0, 0, 0]"
307.453846455,,22447,,1583006612,310978889,"""Soft-Hard Sip Deadband""",[0.4140446186065674],"[0, 0, 0, 0]"
307.454701662,,22448,,1583006612,311810016,"""Soft-Hard Sip Deadband""",[0.4031864404678345],"[0, 0, 0, 0]"
307.455800772,,22449,,1583006612,312690019,"""Soft-Hard Sip Deadband""",[0.3597537875175476],"[0, 0, 0, 0]"
307.456477165,,22450,,1583006612,313559055,"""Soft-Hard Sip Deadband""",[0.348927766084671],"[0, 0, 0, 0]"
307.457503319,,22451,,1583006612,314457893,"""Soft-Hard Sip Deadband""",[0.3380695879459381],"[0, 0, 0, 0]"
307.458609343,,22452,,1583006612,315506935,"""Soft-Hard Sip Deadband""",[0.3272114396095276],"[0, 0, 0, 0]"
307.459695816,,22453,,1583006612,316616058,"""Soft-Hard Sip Deadband""",[0.30549511313438416],"[0, 0, 0, 0]"
307.465651512,,22454,,1583006612,317670106,"""Soft Sip""",[0.28381088376045227],"[0, 0, 1, 0]"
307.471233845,,22455,,1583006612,323627948,"""Soft Sip""",[0.27295273542404175],"[0, 0, 1, 0]"
307.47845459,,22456,,1583006612,329202890,"""Soft Sip""",[0.26209455728530884],"[0, 0, 1, 0]"
307.483374119,,22457,,1583006612,336352109,"""Soft Sip""",[0.2512364089488983],"[0, 0, 1, 0]"
307.488108158,,22458,,1583006612,341350078,"""Soft Sip""",[0.2403782308101654],"[0, 0, 1, 0]"
307.494555473,,22459,,1583006612,346077919,"""Soft Sip""",[0.2512364089488983],"[0, 0, 1, 0]"
307.500322342,,22460,,1583006612,352565050,"""Soft Sip""",[0.2403782308101654],"[0, 0, 1, 0]"
307.504962444,,22461,,1583006612,358324050,"""Soft Sip""",[0.22955219447612762],"[0, 0, 1, 0]"
307.510257959,,22462,,1583006612,362936973,"""Soft Sip""",[0.2186940312385559],"[0, 0, 1, 0]"
307.51674509,,22463,,1583006612,368297100,"""Soft Sip""",[0.2078358680009842],"[0, 0, 1, 0]"
307.523236513,,22464,,1583006612,374753952,"""Soft Sip""",[0.19697770476341248],"[0, 0, 1, 0]"
307.529432535,,22465,,1583006612,381217002,"""Soft Sip""",[0.18611954152584076],"[0, 0, 1, 0]"
307.535253525,,22466,,1583006612,387336015,"""Soft Sip""",[0.17529350519180298],"[0, 0, 1, 0]"
307.540126324,,22467,,1583006612,393259048,"""Soft Sip""",[0.15357716381549835],"[0, 0, 1, 0]"
307.545162916,,22468,,1583006612,398091077,"""Soft Sip""",[0.14271900057792664],"[0, 0, 1, 0]"
307.551131964,,22469,,1583006612,403141975,"""Soft Sip""",[0.13186083734035492],"[0, 0, 1, 0]"
307.556713104,,22470,,1583006612,409116983,"""Soft Sip""",[0.12103480100631714],"[0, 0, 1, 0]"
307.563082218,,22471,,1583006612,414583921,"""Soft Sip""",[0.0993184745311737],"[0, 0, 1, 0]"
307.570265055,,22472,,1583006612,421108007,"""Soft Sip""",[0.08846031129360199],"[0, 0, 1, 0]"
307.575995922,,22473,,1583006612,428100109,"""Soft Sip""",[0.07760214805603027],"[0, 0, 1, 0]"
307.580915928,,22474,,1583006612,433979034,"""Soft Sip""",[0.06674397736787796],"[0, 0, 1, 0]"
307.586715221,,22475,,1583006612,438895940,"""Soft Sip""",[0.04505977779626846],"[0, 0, 1, 0]"
307.59309268,,22476,,1583006612,444689989,"""Soft Sip""",[0.03420161083340645],"[0, 0, 1, 0]"
307.598477125,,22477,,1583006612,450679063,"""Soft Sip""",[0.023343447595834732],"[0, 0, 1, 0]"
307.603717804,,22478,,1583006612,456473112,"""Soft Sip""",[0.012485282495617867],"[0, 0, 1, 0]"
307.604295015,,22479,,1583006612,461481094,"""Zero Band""",[0.0016592431347817183],"[0, 0, 0, 0]"
307.604961157,,22480,,1583006612,462275981,"""Zero Band""",[-0.0],"[0, 0, 0, 0]"
307.605633736,,22481,,1583006612,462940931,"""Zero Band""",[-0.0],"[0, 0, 0, 0]"
307.60640955,,22482,,1583006612,463604927,"""Zero Band""",[-0.0],"[0, 0, 0, 0]"
307.606989384,,22483,,1583006612,464306116,"""Zero Band""",[-0.0],"[0, 0, 0, 0]"
307.607763052,,22484,,1583006612,464961051,"""Zero Band""",[-0.0],"[0, 0, 0, 0]"
307.608581781,,22486,,1583006612,465733051,"""input stopped""",[-0.0],"[0, 0, 0, 0]"
307.609600544,,22487,,1583006612,466758012,"""Zero Band""",[-0.0],"[0, 0, 0, 0]"
307.610388517,,22488,,1583006612,467572927,"""Zero Band""",[-0.0],"[0, 0, 0, 0]"
307.611195564,,22489,,1583006612,468302011,"""Zero Band""",[-0.0],"[0, 0, 0, 0]"
307.612205982,,22490,,1583006612,469217061,"""Zero Band""",[-0.0],"[0, 0, 0, 0]"
307.612973928,,22491,,1583006612,470046997,"""Zero Band""",[-0.0],"[0, 0, 0, 0]"
307.613875389,,22492,,1583006612,470972061,"""Zero Band""",[0.0016592431347817183],"[0, 0, 0, 0]"
307.619032383,,22493,,1583006612,471856117,"""Soft Sip""",[0.012485282495617867],"[0, 0, 1, 0]"
307.623770714,,22494,,1583006612,477011919,"""Soft Sip""",[0.023343447595834732],"[0, 0, 1, 0]"
307.630678892,,22495,,1583006612,481750965,"""Soft Sip""",[0.03420161083340645],"[0, 0, 1, 0]"
307.63561821,,22496,,1583006612,488665103,"""Soft Sip""",[0.04505977779626846],"[0, 0, 1, 0]"
307.640990257,,22497,,1583006612,493612051,"""Soft Sip""",[0.05591794103384018],"[0, 0, 1, 0]"
307.647719145,,22498,,1583006612,498971939,"""Soft Sip""",[0.06674397736787796],"[0, 0, 1, 0]"
307.652442694,,22499,,1583006612,505698919,"""Soft Sip""",[0.08846031129360199],"[0, 0, 1, 0]"
307.657930613,,22500,,1583006612,510437965,"""Soft Sip""",[0.0993184745311737],"[0, 0, 1, 0]"
307.664165497,,22501,,1583006612,515924930,"""Soft Sip""",[0.08846031129360199],"[0, 0, 1, 0]"
307.669446945,,22502,,1583006612,522150039,"""Soft Sip""",[0.03420161083340645],"[0, 0, 1, 0]"
307.670331717,,22503,,1583006612,527420043,"""Zero Band""",[-0.0],"[0, 0, 0, 0]"
307.670446873,,22504,,1583006612,527420043,"""input stopped""",[-0.0],"[0, 0, 0, 0]"
307.929333687,,22505,,1583006612,786446094,"""Zero Band""",[-0.0],"[0, 0, 0, 0]"
307.932345867,,22506,,1583006612,789450883,"""Zero Band""",[-0.0],"[0, 0, 0, 0]"
307.934155703,,22507,,1583006612,791462898,"""Zero Band""",[-0.0],"[0, 0, 0, 0]"
307.943756104,,22508,,1583006612,795440912,"""Soft Puff""",[-0.023311322554945946],"[0, 1, 0, 0]"
307.948625565,,22509,,1583006612,801852941,"""Soft Puff""",[-0.055885814130306244],"[0, 1, 0, 0]"
307.953044176,,22510,,1583006612,806550979,"""Soft Puff""",[-0.08842818439006805],"[0, 1, 0, 0]"
307.959826946,,22511,,1583006612,811150074,"""Soft Puff""",[-0.13182871043682098],"[0, 1, 0, 0]"
307.964963436,,22512,,1583006612,817805051,"""Soft Puff""",[-0.16440321505069733],"[0, 1, 0, 0]"
307.969815493,,22513,,1583006612,822947025,"""Soft Puff""",[-0.20780374109745026],"[0, 1, 0, 0]"
307.975569487,,22514,,1583006612,827903032,"""Soft Puff""",[-0.2512042820453644],"[0, 1, 0, 0]"
307.982079744,,22515,,1583006612,833604097,"""Soft Puff""",[-0.29463693499565125],"[0, 1, 0, 0]"
307.982932568,,22516,,1583006612,840060949,"""Soft-Hard Puff Deadband""",[-0.32717931270599365],"[0, 0, 0, 0]"
307.983660936,,22517,,1583006612,840909004,"""Soft-Hard Puff Deadband""",[-0.3814379870891571],"[0, 0, 0, 0]"
307.984359503,,22518,,1583006612,841643095,"""Soft-Hard Puff Deadband""",[-0.4248385429382324],"[0, 0, 0, 0]"
307.985079527,,22519,,1583006612,842339992,"""Soft-Hard Puff Deadband""",[-0.4574130177497864],"[0, 0, 0, 0]"
307.989779234,,22520,,1583006612,843063116,"""Zero Band""",[-0.5116717219352722],"[0, 0, 0, 0]"
307.995628834,,22521,,1583006612,847860097,"""Zero Band""",[-0.5442140698432922],"[0, 0, 0, 0]"
308.001344681,,22522,,1583006612,853797912,"""Zero Band""",[-0.5876467227935791],"[0, 0, 0, 0]"
308.008271456,,22523,,1583006612,859316110,"""Zero Band""",[-0.6419054269790649],"[0, 0, 0, 0]"
308.012969017,,22524,,1583006612,866245985,"""Zero Band""",[-0.6744478344917297],"[0, 0, 0, 0]"
308.018237352,,22525,,1583006612,870946884,"""Zero Band""",[-0.7178483605384827],"[0, 0, 0, 0]"
308.023855209,,22526,,1583006612,876205921,"""Zero Band""",[-0.7612810134887695],"[0, 0, 0, 0]"
308.029056311,,22527,,1583006612,881835937,"""Zero Band""",[-0.8046815395355225],"[0, 0, 0, 0]"
308.034209251,,22528,,1583006612,887059926,"""Zero Band""",[-0.8372238874435425],"[0, 0, 0, 0]"
308.04086256,,22529,,1583006612,892380952,"""Zero Band""",[-0.8806565403938293],"[0, 0, 0, 0]"
308.046736717,,22530,,1583006612,898840904,"""Zero Band""",[-0.9131989479064941],"[0, 0, 0, 0]"
308.051409006,,22531,,1583006612,904764890,"""Zero Band""",[-0.9565994739532471],"[0, 0, 0, 0]"
308.058838367,,22532,,1583006612,909390926,"""Zero Band""",[-0.989173948764801],"[0, 0, 0, 0]"
308.064297438,,22533,,1583006612,916826963,"""Zero Band""",[-1.0],"[0, 0, 0, 0]"
308.218468428,,22534,,1583006613,71494102,"""Zero Band""",[-0.9783157706260681],"[0, 0, 0, 0]"
308.223022223,,22535,,1583006613,76509952,"""Zero Band""",[-0.96745765209198],"[0, 0, 0, 0]"
308.229856253,,22536,,1583006613,81082105,"""Zero Band""",[-0.9457412958145142],"[0, 0, 0, 0]"
308.2345016,,22537,,1583006613,87865114,"""Zero Band""",[-0.9349152445793152],"[0, 0, 0, 0]"
308.239114523,,22538,,1583006613,92577934,"""Zero Band""",[-0.9131989479064941],"[0, 0, 0, 0]"
308.245954275,,22539,,1583006613,97099065,"""Zero Band""",[-0.8914825916290283],"[0, 0, 0, 0]"
308.251258612,,22540,,1583006613,103940963,"""Zero Band""",[-0.8697984218597412],"[0, 0, 0, 0]"
308.255742073,,22541,,1583006613,109374046,"""Zero Band""",[-0.8480820655822754],"[0, 0, 0, 0]"
308.261412144,,22542,,1583006613,113725900,"""Zero Band""",[-0.8263657689094543],"[0, 0, 0, 0]"
308.266773224,,22543,,1583006613,119524955,"""Zero Band""",[-0.8046815395355225],"[0, 0, 0, 0]"
308.271635771,,22544,,1583006613,124761104,"""Zero Band""",[-0.7829651832580566],"[0, 0, 0, 0]"
308.277014494,,22545,,1583006613,129607915,"""Zero Band""",[-0.7504228353500366],"[0, 0, 0, 0]"
308.284200668,,22546,,1583006613,134985923,"""Zero Band""",[-0.7287065386772156],"[0, 0, 0, 0]"
308.290407896,,22547,,1583006613,142175912,"""Zero Band""",[-0.7070223093032837],"[0, 0, 0, 0]"
308.296653032,,22548,,1583006613,148255109,"""Zero Band""",[-0.6853059530258179],"[0, 0, 0, 0]"
308.3039186,,22549,,1583006613,154798030,"""Zero Band""",[-0.6635896563529968],"[0, 0, 0, 0]"
308.309716702,,22550,,1583006613,161880970,"""Zero Band""",[-0.6419054269790649],"[0, 0, 0, 0]"
308.315217733,,22551,,1583006613,167690038,"""Zero Band""",[-0.6201891303062439],"[0, 0, 0, 0]"
308.320801258,,22552,,1583006613,173193931,"""Zero Band""",[-0.5984727740287781],"[0, 0, 0, 0]"
308.326844454,,22553,,1583006613,178776979,"""Zero Band""",[-0.5876467227935791],"[0, 0, 0, 0]"
308.336727381,,22554,,1583006613,185025930,"""Zero Band""",[-0.5659304261207581],"[0, 0, 0, 0]"
308.344430447,,22555,,1583006613,194691896,"""Zero Band""",[-0.5442140698432922],"[0, 0, 0, 0]"
308.351777077,,22556,,1583006613,202439069,"""Zero Band""",[-0.5333559513092041],"[0, 0, 0, 0]"
308.358058453,,22557,,1583006613,209747076,"""Zero Band""",[-0.5116717219352722],"[0, 0, 0, 0]"
308.362738609,,22558,,1583006613,216039896,"""Zero Band""",[-0.5008135437965393],"[0, 0, 0, 0]"
308.363595486,,22559,,1583006613,220755100,"""Soft-Hard Puff Deadband""",[-0.4899553954601288],"[0, 0, 0, 0]"
308.364486217,,22560,,1583006613,221570968,"""Soft-Hard Puff Deadband""",[-0.4790972173213959],"[0, 0, 0, 0]"
308.365548134,,22561,,1583006613,222480058,"""Soft-Hard Puff Deadband""",[-0.4682711958885193],"[0, 0, 0, 0]"
308.366478205,,22562,,1583006613,223529100,"""Soft-Hard Puff Deadband""",[-0.4574130177497864],"[0, 0, 0, 0]"
308.367450237,,22563,,1583006613,224462032,"""Soft-Hard Puff Deadband""",[-0.44655486941337585],"[0, 0, 0, 0]"
308.368077278,,22564,,1583006613,225325107,"""Soft-Hard Puff Deadband""",[-0.43569669127464294],"[0, 0, 0, 0]"
308.368757725,,22565,,1583006613,226052045,"""Soft-Hard Puff Deadband""",[-0.4248385429382324],"[0, 0, 0, 0]"
308.369883299,,22566,,1583006613,226994037,"""Soft-Hard Puff Deadband""",[-0.41401249170303345],"[0, 0, 0, 0]"
308.370533466,,22567,,1583006613,227766990,"""Soft-Hard Puff Deadband""",[-0.4031543433666229],"[0, 0, 0, 0]"
308.371249676,,22568,,1583006613,228532075,"""Soft-Hard Puff Deadband""",[-0.39229616522789],"[0, 0, 0, 0]"
308.372039557,,22569,,1583006613,229228019,"""Soft-Hard Puff Deadband""",[-0.3814379870891571],"[0, 0, 0, 0]"
308.372855186,,22570,,1583006613,230015039,"""Soft-Hard Puff Deadband""",[-0.3705798387527466],"[0, 0, 0, 0]"
308.3736763,,22571,,1583006613,230823040,"""Soft-Hard Puff Deadband""",[-0.35972166061401367],"[0, 0, 0, 0]"
308.374982595,,22572,,1583006613,231647014,"""Soft-Hard Puff Deadband""",[-0.3488956391811371],"[0, 0, 0, 0]"
308.375987053,,22573,,1583006613,232878923,"""Soft-Hard Puff Deadband""",[-0.32717931270599365],"[0, 0, 0, 0]"
308.377057791,,22574,,1583006613,233995914,"""Soft-Hard Puff Deadband""",[-0.31632113456726074],"[0, 0, 0, 0]"
308.377999306,,22575,,1583006613,235049962,"""Soft-Hard Puff Deadband""",[-0.3054629862308502],"[0, 0, 0, 0]"
308.384079933,,22576,,1583006613,236037015,"""Soft Puff""",[-0.29463693499565125],"[0, 1, 0, 0]"
308.388672829,,22577,,1583006613,242073059,"""Soft Puff""",[-0.28377875685691833],"[0, 1, 0, 0]"
308.394815207,,22578,,1583006613,246671915,"""Soft Puff""",[-0.2729206085205078],"[0, 1, 0, 0]"
308.399191141,,22579,,1583006613,252612113,"""Soft Puff""",[-0.2512042820453644],"[0, 1, 0, 0]"
308.405206919,,22580,,1583006613,257169008,"""Soft Puff""",[-0.24034611880779266],"[0, 1, 0, 0]"
308.411916494,,22581,,1583006613,263295888,"""Soft Puff""",[-0.21866190433502197],"[0, 1, 0, 0]"
308.417041302,,22582,,1583006613,269922018,"""Soft Puff""",[-0.19694557785987854],"[0, 1, 0, 0]"
308.422481537,,22583,,1583006613,275011062,"""Soft Puff""",[-0.17526137828826904],"[0, 1, 0, 0]"
308.429171562,,22584,,1583006613,280368089,"""Soft Puff""",[-0.1535450518131256],"[0, 1, 0, 0]"
308.433722496,,22585,,1583006613,287154912,"""Soft Puff""",[-0.13182871043682098],"[0, 1, 0, 0]"
308.439487219,,22586,,1583006613,291696071,"""Soft Puff""",[-0.09928634762763977],"[0, 1, 0, 0]"
308.446339369,,22587,,1583006613,297444105,"""Soft Puff""",[-0.07757002115249634],"[0, 1, 0, 0]"
308.451323748,,22588,,1583006613,304347991,"""Soft Puff""",[-0.04502765089273453],"[0, 1, 0, 0]"
308.456246614,,22589,,1583006613,309329986,"""Soft Puff""",[-0.012453158386051655],"[0, 1, 0, 0]"
308.457142353,,22590,,1583006613,314127922,"""Zero Band""",[-0.0],"[0, 0, 0, 0]"
308.458381653,,22591,,1583006613,315313100,"""Zero Band""",[-0.0],"[0, 0, 0, 0]"
308.459242105,,22592,,1583006613,316370010,"""Zero Band""",[-0.0],"[0, 0, 0, 0]"
308.459407806,,22593,,1583006613,316370010,"""input stopped""",[-0.0],"[0, 0, 0, 0]"
308.460439205,,22594,,1583006613,317401885,"""Zero Band""",[-0.0],"[0, 0, 0, 0]"
308.465745449,,22595,,1583006613,318314075,"""Soft Sip""",[0.03420161083340645],"[0, 0, 1, 0]"
308.472092628,,22596,,1583006613,323761940,"""Soft Sip""",[0.11017663776874542],"[0, 0, 1, 0]"
308.47816968,,22597,,1583006613,330075025,"""Soft Sip""",[0.16443534195423126],"[0, 0, 1, 0]"
308.484213352,,22598,,1583006613,336172103,"""Soft Sip""",[0.22955219447612762],"[0, 0, 1, 0]"
308.48500967,,22599,,1583006613,342214107,"""Soft-Hard Sip Deadband""",[0.30549511313438416],"[0, 0, 0, 0]"
308.485711336,,22600,,1583006613,342942953,"""Soft-Hard Sip Deadband""",[0.3706119656562805],"[0, 0, 0, 0]"
308.486457348,,22601,,1583006613,343672990,"""Soft-Hard Sip Deadband""",[0.4357288181781769],"[0, 0, 0, 0]"
308.492973089,,22602,,1583006613,344542980,"""Zero Band""",[0.5225620269775391],"[0, 0, 0, 0]"
308.498060226,,22603,,1583006613,350763082,"""Zero Band""",[0.587678849697113],"[0, 0, 0, 0]"
308.503157377,,22604,,1583006613,356038093,"""Zero Band""",[0.6636217832565308],"[0, 0, 0, 0]"
308.510039806,,22605,,1583006613,360997915,"""Zero Band""",[0.7504549622535706],"[0, 0, 0, 0]"
308.515077353,,22606,,1583006613,368019104,"""Zero Band""",[0.8155718445777893],"[0, 0, 0, 0]"
308.519435883,,22607,,1583006613,373059034,"""Zero Band""",[0.8915147185325623],"[0, 0, 0, 0]"
308.524315834,,22608,,1583006613,377413988,"""Zero Band""",[0.978347897529602],"[0, 0, 0, 0]"
308.529453278,,22609,,1583006613,382296085,"""Zero Band""",[1.0],"[0, 0, 0, 0]"
308.690803528,,22610,,1583006613,543581962,"""Zero Band""",[0.956631600856781],"[0, 0, 0, 0]"
308.696540833,,22611,,1583006613,548849105,"""Zero Band""",[0.8915147185325623],"[0, 0, 0, 0]"
308.703040123,,22612,,1583006613,554584026,"""Zero Band""",[0.8155718445777893],"[0, 0, 0, 0]"
308.708810568,,22613,,1583006613,561041116,"""Zero Band""",[0.7504549622535706],"[0, 0, 0, 0]"
308.714235067,,22614,,1583006613,566900968,"""Zero Band""",[0.6853380799293518],"[0, 0, 0, 0]"
308.721062422,,22615,,1583006613,572119951,"""Zero Band""",[0.6093630790710449],"[0, 0, 0, 0]"
308.727814436,,22616,,1583006613,579044103,"""Zero Band""",[0.5551043748855591],"[0, 0, 0, 0]"
308.734934092,,22617,,1583006613,585639953,"""Zero Band""",[0.5008456707000732],"[0, 0, 0, 0]"
308.735956907,,22618,,1583006613,592926025,"""Soft-Hard Sip Deadband""",[0.42487066984176636],"[0, 0, 0, 0]"
308.736969948,,22619,,1583006613,594094038,"""Soft-Hard Sip Deadband""",[0.38147011399269104],"[0, 0, 0, 0]"
308.737821817,,22620,,1583006613,594958066,"""Soft-Hard Sip Deadband""",[0.3272114396095276],"[0, 0, 0, 0]"
308.744020224,,22621,,1583006613,595834970,"""Soft Sip""",[0.27295273542404175],"[0, 0, 1, 0]"
308.749904394,,22622,,1583006613,601995944,"""Soft Sip""",[0.2186940312385559],"[0, 0, 1, 0]"
308.755768776,,22623,,1583006613,607929944,"""Soft Sip""",[0.17529350519180298],"[0, 0, 1, 0]"
308.762079,,22624,,1583006613,613746881,"""Soft Sip""",[0.12103480100631714],"[0, 0, 1, 0]"
308.767080784,,22625,,1583006613,620065927,"""Soft Sip""",[0.07760214805603027],"[0, 0, 1, 0]"
308.772925138,,22626,,1583006613,625097990,"""Soft Sip""",[0.03420161083340645],"[0, 0, 1, 0]"
308.774111748,,22627,,1583006613,631004095,"""Zero Band""",[0.0016592431347817183],"[0, 0, 0, 0]"
308.775403261,,22628,,1583006613,632095098,"""Zero Band""",[-0.0],"[0, 0, 0, 0]"
308.776097298,,22629,,1583006613,633157014,"""Zero Band""",[-0.0],"[0, 0, 0, 0]"
308.777402639,,22630,,1583006613,634155035,"""Zero Band""",[-0.0],"[0, 0, 0, 0]"
308.777510643,,22631,,1583006613,634155035,"""input stopped""",[-0.0],"[0, 0, 0, 0]"
309.839680433,,22632,,1583006614,696474075,"""Zero Band""",[-0.0],"[0, 0, 0, 0]"
309.844858646,,22633,,1583006614,701598882,"""Zero Band""",[-0.0],"[0, 0, 0, 0]"
309.848593235,,22634,,1583006614,705535888,"""Zero Band""",[-0.0],"[0, 0, 0, 0]"
309.8524189,,22635,,1583006614,709449052,"""Zero Band""",[-0.0],"[0, 0, 0, 0]"
309.858581781,,22636,,1583006614,715548992,"""Zero Band""",[-0.0],"[0, 0, 0, 0]"
309.860251904,,22637,,1583006614,717505931,"""Zero Band""",[-0.0016271184431388974],"[0, 0, 0, 0]"
309.869117498,,22638,,1583006614,721509933,"""Soft Puff""",[-0.012453158386051655],"[0, 1, 0, 0]"
309.874242067,,22639,,1583006614,727186918,"""Soft Puff""",[-0.023311322554945946],"[0, 1, 0, 0]"
309.880788326,,22640,,1583006614,732300043,"""Soft Puff""",[-0.03416948765516281],"[0, 1, 0, 0]"
309.885889769,,22641,,1583006614,738864898,"""Soft Puff""",[-0.04502765089273453],"[0, 1, 0, 0]"
309.892153263,,22642,,1583006614,743956089,"""Soft Puff""",[-0.055885814130306244],"[0, 1, 0, 0]"
309.898875952,,22643,,1583006614,750143051,"""Soft Puff""",[-0.06671185791492462],"[0, 1, 0, 0]"
309.904184103,,22644,,1583006614,756969928,"""Soft Puff""",[-0.07757002115249634],"[0, 1, 0, 0]"
309.910122633,,22645,,1583006614,762168884,"""Soft Puff""",[-0.08842818439006805],"[0, 1, 0, 0]"
309.915634155,,22646,,1583006614,768107891,"""Soft Puff""",[-0.09928634762763977],"[0, 1, 0, 0]"
309.920251846,,22647,,1583006614,773720026,"""Soft Puff""",[-0.11014451086521149],"[0, 1, 0, 0]"
309.925420284,,22648,,1583006614,778239965,"""Soft Puff""",[-0.1210026741027832],"[0, 1, 0, 0]"
309.931100607,,22649,,1583006614,783466100,"""Soft Puff""",[-0.13182871043682098],"[0, 1, 0, 0]"
309.937150717,,22650,,1583006614,789145946,"""Soft Puff""",[-0.1426868885755539],"[0, 1, 0, 0]"
309.942886353,,22651,,1583006614,795125961,"""Soft Puff""",[-0.1535450518131256],"[0, 1, 0, 0]"
309.947865725,,22652,,1583006614,800924062,"""Soft Puff""",[-0.16440321505069733],"[0, 1, 0, 0]"
309.953741312,,22653,,1583006614,805881023,"""Soft Puff""",[-0.17526137828826904],"[0, 1, 0, 0]"
309.959232569,,22654,,1583006614,811713933,"""Soft Puff""",[-0.18608741462230682],"[0, 1, 0, 0]"
309.965873003,,22655,,1583006614,817337989,"""Soft Puff""",[-0.19694557785987854],"[0, 1, 0, 0]"
309.97125864,,22656,,1583006614,823964118,"""Soft Puff""",[-0.20780374109745026],"[0, 1, 0, 0]"
309.976801634,,22657,,1583006614,829250097,"""Soft Puff""",[-0.21866190433502197],"[0, 1, 0, 0]"
309.982362747,,22658,,1583006614,834860086,"""Soft Puff""",[-0.2295200675725937],"[0, 1, 0, 0]"
309.987682343,,22659,,1583006614,840405941,"""Soft Puff""",[-0.24034611880779266],"[0, 1, 0, 0]"
309.992342234,,22660,,1583006614,845683097,"""Soft Puff""",[-0.2512042820453644],"[0, 1, 0, 0]"
309.999060869,,22661,,1583006614,850447893,"""Soft Puff""",[-0.2620624303817749],"[0, 1, 0, 0]"
310.003976583,,22662,,1583006614,857127904,"""Soft Puff""",[-0.2729206085205078],"[0, 1, 0, 0]"
310.008957863,,22663,,1583006614,862031936,"""Soft Puff""",[-0.28377875685691833],"[0, 1, 0, 0]"
310.014935493,,22664,,1583006614,867043972,"""Soft Puff""",[-0.29463693499565125],"[0, 1, 0, 0]"
310.015841484,,22665,,1583006614,872997045,"""Soft-Hard Puff Deadband""",[-0.3054629862308502],"[0, 0, 0, 0]"
310.028909445,,22666,,1583006614,885557889,"""Soft-Hard Puff Deadband""",[-0.31632113456726074],"[0, 0, 0, 0]"
310.03247118,,22667,,1583006614,889487028,"""Soft-Hard Puff Deadband""",[-0.32717931270599365],"[0, 0, 0, 0]"
310.042593956,,22668,,1583006614,899523019,"""Soft-Hard Puff Deadband""",[-0.3380374610424042],"[0, 0, 0, 0]"
310.058843374,,22669,,1583006614,915594100,"""Soft-Hard Puff Deadband""",[-0.3488956391811371],"[0, 0, 0, 0]"
310.074711323,,22670,,1583006614,931592941,"""Soft-Hard Puff Deadband""",[-0.35972166061401367],"[0, 0, 0, 0]"
310.09060812,,22671,,1583006614,947611093,"""Soft-Hard Puff Deadband""",[-0.3705798387527466],"[0, 0, 0, 0]"
310.110910416,,22672,,1583006614,967632055,"""Soft-Hard Puff Deadband""",[-0.3814379870891571],"[0, 0, 0, 0]"
310.126863241,,22673,,1583006614,983583927,"""Soft-Hard Puff Deadband""",[-0.39229616522789],"[0, 0, 0, 0]"
310.144654512,,22674,,1583006615,1544952,"""Soft-Hard Puff Deadband""",[-0.4031543433666229],"[0, 0, 0, 0]"
310.160794973,,22675,,1583006615,17606973,"""Soft-Hard Puff Deadband""",[-0.41401249170303345],"[0, 0, 0, 0]"
310.176769257,,22676,,1583006615,33576965,"""Soft-Hard Puff Deadband""",[-0.4248385429382324],"[0, 0, 0, 0]"
310.180423975,,22677,,1583006615,37487983,"""Soft-Hard Puff Deadband""",[-0.41401249170303345],"[0, 0, 0, 0]"
310.184399366,,22678,,1583006615,41454076,"""Soft-Hard Puff Deadband""",[-0.4248385429382324],"[0, 0, 0, 0]"
310.224431753,,22679,,1583006615,81538915,"""Soft-Hard Puff Deadband""",[-0.41401249170303345],"[0, 0, 0, 0]"
310.248865366,,22680,,1583006615,105537891,"""Soft-Hard Puff Deadband""",[-0.4031543433666229],"[0, 0, 0, 0]"
310.25863409,,22681,,1583006615,115545988,"""Soft-Hard Puff Deadband""",[-0.39229616522789],"[0, 0, 0, 0]"
310.270921707,,22682,,1583006615,127619028,"""Soft-Hard Puff Deadband""",[-0.3814379870891571],"[0, 0, 0, 0]"
310.280601025,,22683,,1583006615,137552022,"""Soft-Hard Puff Deadband""",[-0.3705798387527466],"[0, 0, 0, 0]"
310.288368464,,22684,,1583006615,145482063,"""Soft-Hard Puff Deadband""",[-0.35972166061401367],"[0, 0, 0, 0]"
310.302545786,,22685,,1583006615,159529924,"""Soft-Hard Puff Deadband""",[-0.3488956391811371],"[0, 0, 0, 0]"
310.322700262,,22686,,1583006615,179584026,"""Soft-Hard Puff Deadband""",[-0.3380374610424042],"[0, 0, 0, 0]"
310.328854561,,22687,,1583006615,185683012,"""Soft-Hard Puff Deadband""",[-0.32717931270599365],"[0, 0, 0, 0]"
310.336365223,,22688,,1583006615,193505048,"""Soft-Hard Puff Deadband""",[-0.31632113456726074],"[0, 0, 0, 0]"
310.344517231,,22689,,1583006615,201524019,"""Soft-Hard Puff Deadband""",[-0.3054629862308502],"[0, 0, 0, 0]"
310.355793238,,22690,,1583006615,207498073,"""Soft Puff""",[-0.29463693499565125],"[0, 1, 0, 0]"
310.364958048,,22691,,1583006615,215503931,"""Soft Puff""",[-0.28377875685691833],"[0, 1, 0, 0]"
310.370645285,,22692,,1583006615,223043918,"""Soft Puff""",[-0.2729206085205078],"[0, 1, 0, 0]"
310.376069784,,22693,,1583006615,228691101,"""Soft Puff""",[-0.2620624303817749],"[0, 1, 0, 0]"
310.382078648,,22694,,1583006615,234119892,"""Soft Puff""",[-0.2512042820453644],"[0, 1, 0, 0]"
310.387471199,,22695,,1583006615,240147113,"""Soft Puff""",[-0.24034611880779266],"[0, 1, 0, 0]"
310.393160343,,22696,,1583006615,245505094,"""Soft Puff""",[-0.2295200675725937],"[0, 1, 0, 0]"
310.400078535,,22697,,1583006615,251238107,"""Soft Puff""",[-0.21866190433502197],"[0, 1, 0, 0]"
310.404807091,,22698,,1583006615,258156061,"""Soft Puff""",[-0.20780374109745026],"[0, 1, 0, 0]"
310.409966946,,22699,,1583006615,262850999,"""Soft Puff""",[-0.19694557785987854],"[0, 1, 0, 0]"
310.415878296,,22700,,1583006615,268018960,"""Soft Puff""",[-0.18608741462230682],"[0, 1, 0, 0]"
310.422069311,,22701,,1583006615,273973941,"""Soft Puff""",[-0.17526137828826904],"[0, 1, 0, 0]"
310.428139925,,22702,,1583006615,280152082,"""Soft Puff""",[-0.16440321505069733],"[0, 1, 0, 0]"
310.432896376,,22703,,1583006615,286295890,"""Soft Puff""",[-0.1535450518131256],"[0, 1, 0, 0]"
310.438855171,,22704,,1583006615,290966033,"""Soft Puff""",[-0.1426868885755539],"[0, 1, 0, 0]"
310.450064182,,22705,,1583006615,296833992,"""Soft Puff""",[-0.13182871043682098],"[0, 1, 0, 0]"
310.455887079,,22706,,1583006615,308159112,"""Soft Puff""",[-0.1210026741027832],"[0, 1, 0, 0]"
310.460889578,,22707,,1583006615,313982963,"""Soft Puff""",[-0.11014451086521149],"[0, 1, 0, 0]"
310.467065573,,22708,,1583006615,318634986,"""Soft Puff""",[-0.09928634762763977],"[0, 1, 0, 0]"
310.472415686,,22709,,1583006615,325059890,"""Soft Puff""",[-0.08842818439006805],"[0, 1, 0, 0]"
310.478814602,,22710,,1583006615,330410003,"""Soft Puff""",[-0.07757002115249634],"[0, 1, 0, 0]"
310.484683037,,22711,,1583006615,336842060,"""Soft Puff""",[-0.06671185791492462],"[0, 1, 0, 0]"
310.489622116,,22712,,1583006615,342643976,"""Soft Puff""",[-0.055885814130306244],"[0, 1, 0, 0]"
310.495983124,,22713,,1583006615,347609043,"""Soft Puff""",[-0.04502765089273453],"[0, 1, 0, 0]"
310.502019882,,22714,,1583006615,354109048,"""Soft Puff""",[-0.03416948765516281],"[0, 1, 0, 0]"
310.506863832,,22715,,1583006615,359997034,"""Soft Puff""",[-0.023311322554945946],"[0, 1, 0, 0]"
310.512825489,,22716,,1583006615,364847898,"""Soft Puff""",[-0.012453158386051655],"[0, 1, 0, 0]"
310.513671637,,22717,,1583006615,370767116,"""Zero Band""",[-0.0016271184431388974],"[0, 0, 0, 0]"
310.514355898,,22718,,1583006615,371642112,"""Zero Band""",[-0.0],"[0, 0, 0, 0]"
310.515072823,,22719,,1583006615,372335910,"""Zero Band""",[-0.0],"[0, 0, 0, 0]"
310.515918255,,22720,,1583006615,373138904,"""Zero Band""",[-0.0],"[0, 0, 0, 0]"
310.516640425,,22721,,1583006615,373899936,"""Zero Band""",[-0.0],"[0, 0, 0, 0]"
310.517335176,,22722,,1583006615,374617099,"""Zero Band""",[-0.0],"[0, 0, 0, 0]"
310.518063307,,22723,,1583006615,375394105,"""Zero Band""",[-0.0],"[0, 0, 0, 0]"
310.518142939,,22724,,1583006615,375394105,"""input stopped""",[-0.0],"[0, 0, 0, 0]"
310.646024466,,22725,,1583006615,502630949,"""Zero Band""",[-0.0],"[0, 0, 0, 0]"
310.650557995,,22726,,1583006615,507472038,"""Zero Band""",[-0.0],"[0, 0, 0, 0]"
310.652317047,,22727,,1583006615,509459972,"""Zero Band""",[-0.0],"[0, 0, 0, 0]"
310.654647827,,22728,,1583006615,511507987,"""Zero Band""",[0.0016592431347817183],"[0, 0, 0, 0]"
310.660846949,,22729,,1583006615,513434886,"""Soft Sip""",[0.023343447595834732],"[0, 0, 1, 0]"
310.666962147,,22730,,1583006615,518795967,"""Soft Sip""",[0.04505977779626846],"[0, 0, 1, 0]"
310.67335248,,22731,,1583006615,525063991,"""Soft Sip""",[0.06674397736787796],"[0, 0, 1, 0]"
310.679620266,,22732,,1583006615,531434059,"""Soft Sip""",[0.08846031129360199],"[0, 0, 1, 0]"
310.685344696,,22733,,1583006615,537756919,"""Soft Sip""",[0.12103480100631714],"[0, 0, 1, 0]"
310.690995455,,22734,,1583006615,543193101,"""Soft Sip""",[0.14271900057792664],"[0, 0, 1, 0]"
310.697504997,,22735,,1583006615,549010038,"""Soft Sip""",[0.16443534195423126],"[0, 0, 1, 0]"
310.703117371,,22736,,1583006615,555588960,"""Soft Sip""",[0.18611954152584076],"[0, 0, 1, 0]"
310.708158493,,22737,,1583006615,561098098,"""Soft Sip""",[0.2186940312385559],"[0, 0, 1, 0]"
310.71357131,,22738,,1583006615,566128015,"""Soft Sip""",[0.22955219447612762],"[0, 0, 1, 0]"
310.721268892,,22739,,1583006615,571716070,"""Soft Sip""",[0.26209455728530884],"[0, 0, 1, 0]"
310.726752281,,22740,,1583006615,579107999,"""Soft Sip""",[0.28381088376045227],"[0, 0, 1, 0]"
310.727695227,,22741,,1583006615,584731101,"""Soft-Hard Sip Deadband""",[0.30549511313438416],"[0, 0, 0, 0]"
310.728657246,,22742,,1583006615,585671901,"""Soft-Hard Sip Deadband""",[0.3272114396095276],"[0, 0, 0, 0]"
310.729640961,,22743,,1583006615,586663007,"""Soft-Hard Sip Deadband""",[0.348927766084671],"[0, 0, 0, 0]"
310.730510473,,22744,,1583006615,587622880,"""Soft-Hard Sip Deadband""",[0.3706119656562805],"[0, 0, 0, 0]"
310.731325626,,22745,,1583006615,588507890,"""Soft-Hard Sip Deadband""",[0.39232829213142395],"[0, 0, 0, 0]"
310.732336283,,22746,,1583006615,589428901,"""Soft-Hard Sip Deadband""",[0.4140446186065674],"[0, 0, 0, 0]"
310.73305583,,22747,,1583006615,590230941,"""Soft-Hard Sip Deadband""",[0.4357288181781769],"[0, 0, 0, 0]"
310.733881235,,22748,,1583006615,591043949,"""Soft-Hard Sip Deadband""",[0.4465869963169098],"[0, 0, 0, 0]"
310.734694004,,22749,,1583006615,591888904,"""Soft-Hard Sip Deadband""",[0.4683033227920532],"[0, 0, 0, 0]"
310.735550404,,22750,,1583006615,592672109,"""Soft-Hard Sip Deadband""",[0.4791293442249298],"[0, 0, 0, 0]"
310.736356258,,22751,,1583006615,593552112,"""Soft-Hard Sip Deadband""",[0.4899875223636627],"[0, 0, 0, 0]"
310.741297007,,22752,,1583006615,594433069,"""Zero Band""",[0.5117038488388062],"[0, 0, 0, 0]"
310.747434855,,22753,,1583006615,599267959,"""Zero Band""",[0.5225620269775391],"[0, 0, 0, 0]"
310.7536273,,22754,,1583006615,605469942,"""Zero Band""",[0.533388078212738],"[0, 0, 0, 0]"
310.758630753,,22755,,1583006615,611610889,"""Zero Band""",[0.5442461967468262],"[0, 0, 0, 0]"
310.7651577,,22756,,1583006615,616607904,"""Zero Band""",[0.5551043748855591],"[0, 0, 0, 0]"
310.770305157,,22757,,1583006615,623234033,"""Zero Band""",[0.565962553024292],"[0, 0, 0, 0]"
310.776294708,,22758,,1583006615,628381013,"""Zero Band""",[0.5768207311630249],"[0, 0, 0, 0]"
310.78410387,,22759,,1583006615,634280920,"""Zero Band""",[0.587678849697113],"[0, 0, 0, 0]"
310.790110111,,22760,,1583006615,642070055,"""Zero Band""",[0.5768207311630249],"[0, 0, 0, 0]"
310.796995401,,22761,,1583006615,648080110,"""Zero Band""",[0.587678849697113],"[0, 0, 0, 0]"
310.802030563,,22762,,1583006615,655003070,"""Zero Band""",[0.5768207311630249],"[0, 0, 0, 0]"
310.80776,,22763,,1583006615,660149097,"""Zero Band""",[0.587678849697113],"[0, 0, 0, 0]"
310.815747976,,22764,,1583006615,665730953,"""Zero Band""",[0.5768207311630249],"[0, 0, 0, 0]"
310.821314573,,22765,,1583006615,673734903,"""Zero Band""",[0.565962553024292],"[0, 0, 0, 0]"
310.826976299,,22766,,1583006615,679394960,"""Zero Band""",[0.5551043748855591],"[0, 0, 0, 0]"
310.83415699,,22767,,1583006615,684936046,"""Zero Band""",[0.565962553024292],"[0, 0, 0, 0]"
310.838905573,,22768,,1583006615,692215919,"""Zero Band""",[0.5551043748855591],"[0, 0, 0, 0]"
310.845335484,,22769,,1583006615,696806907,"""Zero Band""",[0.565962553024292],"[0, 0, 0, 0]"
310.851894379,,22770,,1583006615,703438043,"""Zero Band""",[0.5768207311630249],"[0, 0, 0, 0]"
310.857606411,,22771,,1583006615,709897994,"""Zero Band""",[0.587678849697113],"[0, 0, 0, 0]"
310.863442898,,22772,,1583006615,715696096,"""Zero Band""",[0.6093630790710449],"[0, 0, 0, 0]"
310.868549585,,22773,,1583006615,721445083,"""Zero Band""",[0.6202212572097778],"[0, 0, 0, 0]"
310.873706102,,22774,,1583006615,726542949,"""Zero Band""",[0.6310794353485107],"[0, 0, 0, 0]"
310.878515959,,22775,,1583006615,731729984,"""Zero Band""",[0.6419375538825989],"[0, 0, 0, 0]"
310.88492918,,22776,,1583006615,736534118,"""Zero Band""",[0.6527636051177979],"[0, 0, 0, 0]"
310.890241385,,22777,,1583006615,742901086,"""Zero Band""",[0.6636217832565308],"[0, 0, 0, 0]"
310.895150185,,22778,,1583006615,748214006,"""Zero Band""",[0.6853380799293518],"[0, 0, 0, 0]"
310.900820255,,22779,,1583006615,753143072,"""Zero Band""",[0.6961962580680847],"[0, 0, 0, 0]"
310.906273365,,22780,,1583006615,758886098,"""Zero Band""",[0.7070544362068176],"[0, 0, 0, 0]"
310.910799265,,22781,,1583006615,764154911,"""Zero Band""",[0.7287386655807495],"[0, 0, 0, 0]"
310.917110682,,22782,,1583006615,768779039,"""Zero Band""",[0.7395967841148376],"[0, 0, 0, 0]"
310.922127485,,22783,,1583006615,775083065,"""Zero Band""",[0.7613131403923035],"[0, 0, 0, 0]"
310.927172661,,22784,,1583006615,780097961,"""Zero Band""",[0.7829973101615906],"[0, 0, 0, 0]"
310.932816029,,22785,,1583006615,785145998,"""Zero Band""",[0.7938554883003235],"[0, 0, 0, 0]"
310.938240051,,22786,,1583006615,790956974,"""Zero Band""",[0.8155718445777893],"[0, 0, 0, 0]"
310.94320488,,22787,,1583006615,796216964,"""Zero Band""",[0.8263978958129883],"[0, 0, 0, 0]"
310.948821306,,22788,,1583006615,801179885,"""Zero Band""",[0.8589723706245422],"[0, 0, 0, 0]"
310.953674316,,22789,,1583006615,806798934,"""Zero Band""",[0.8698305487632751],"[0, 0, 0, 0]"
310.959067345,,22790,,1583006615,811650991,"""Zero Band""",[0.8915147185325623],"[0, 0, 0, 0]"
310.963995457,,22791,,1583006615,817049980,"""Zero Band""",[0.9132310748100281],"[0, 0, 0, 0]"
310.96937561,,22792,,1583006615,821979045,"""Zero Band""",[0.924089252948761],"[0, 0, 0, 0]"
310.976264715,,22793,,1583006615,827351093,"""Zero Band""",[0.9457734227180481],"[0, 0, 0, 0]"
310.981920481,,22794,,1583006615,834234952,"""Zero Band""",[0.9674897789955139],"[0, 0, 0, 0]"
310.988245726,,22795,,1583006615,839905023,"""Zero Band""",[0.989206075668335],"[0, 0, 0, 0]"
310.994471788,,22796,,1583006615,846319913,"""Zero Band""",[1.0],"[0, 0, 0, 0]"
311.04511714,,22797,,1583006615,897556066,"""Zero Band""",[0.978347897529602],"[0, 0, 0, 0]"
311.051306725,,22798,,1583006615,903155088,"""Zero Band""",[0.9674897789955139],"[0, 0, 0, 0]"
311.056026459,,22799,,1583006615,909298896,"""Zero Band""",[0.956631600856781],"[0, 0, 0, 0]"
311.061226606,,22800,,1583006615,914079904,"""Zero Band""",[0.9132310748100281],"[0, 0, 0, 0]"
311.066627026,,22801,,1583006615,919326066,"""Zero Band""",[0.8915147185325623],"[0, 0, 0, 0]"
311.071527004,,22802,,1583006615,924613952,"""Zero Band""",[0.8698305487632751],"[0, 0, 0, 0]"
311.077667475,,22803,,1583006615,929613113,"""Zero Band""",[0.8481141924858093],"[0, 0, 0, 0]"
311.084036112,,22804,,1583006615,935760021,"""Zero Band""",[0.8047136664390564],"[0, 0, 0, 0]"
311.089155912,,22805,,1583006615,942012071,"""Zero Band""",[0.7829973101615906],"[0, 0, 0, 0]"
311.094807386,,22806,,1583006615,947149038,"""Zero Band""",[0.7613131403923035],"[0, 0, 0, 0]"
311.100539923,,22807,,1583006615,952783107,"""Zero Band""",[0.7287386655807495],"[0, 0, 0, 0]"
311.105654716,,22808,,1583006615,958514928,"""Zero Band""",[0.7070544362068176],"[0, 0, 0, 0]"
311.112091064,,22809,,1583006615,963747024,"""Zero Band""",[0.6744799613952637],"[0, 0, 0, 0]"
311.118611336,,22810,,1583006615,970088958,"""Zero Band""",[0.6419375538825989],"[0, 0, 0, 0]"
311.124911547,,22811,,1583006615,976753950,"""Zero Band""",[0.6202212572097778],"[0, 0, 0, 0]"
311.130464315,,22812,,1583006615,982928991,"""Zero Band""",[0.598504900932312],"[0, 0, 0, 0]"
311.136492014,,22813,,1583006615,988439083,"""Zero Band""",[0.565962553024292],"[0, 0, 0, 0]"
311.142817259,,22814,,1583006615,994457960,"""Zero Band""",[0.533388078212738],"[0, 0, 0, 0]"
311.148239613,,22815,,1583006616,793933,"""Zero Band""",[0.5117038488388062],"[0, 0, 0, 0]"
311.149255991,,22816,,1583006616,6213903,"""Soft-Hard Sip Deadband""",[0.4899875223636627],"[0, 0, 0, 0]"
311.150245667,,22817,,1583006616,7121086,"""Soft-Hard Sip Deadband""",[0.4683033227920532],"[0, 0, 0, 0]"
311.150867701,,22818,,1583006616,7946968,"""Soft-Hard Sip Deadband""",[0.4465869963169098],"[0, 0, 0, 0]"
311.15174365,,22819,,1583006616,8887052,"""Soft-Hard Sip Deadband""",[0.4140446186065674],"[0, 0, 0, 0]"
311.152723551,,22820,,1583006616,9723901,"""Soft-Hard Sip Deadband""",[0.4031864404678345],"[0, 0, 0, 0]"
311.153590202,,22821,,1583006616,10699987,"""Soft-Hard Sip Deadband""",[0.38147011399269104],"[0, 0, 0, 0]"
311.154551983,,22822,,1583006616,11725902,"""Soft-Hard Sip Deadband""",[0.3597537875175476],"[0, 0, 0, 0]"
311.155749321,,22823,,1583006616,12953996,"""Soft-Hard Sip Deadband""",[0.348927766084671],"[0, 0, 0, 0]"
311.156518459,,22824,,1583006616,13721942,"""Soft-Hard Sip Deadband""",[0.3272114396095276],"[0, 0, 0, 0]"
311.157273054,,22825,,1583006616,14496088,"""Soft-Hard Sip Deadband""",[0.3163532614707947],"[0, 0, 0, 0]"
311.158143282,,22826,,1583006616,15423059,"""Soft-Hard Sip Deadband""",[0.30549511313438416],"[0, 0, 0, 0]"
311.165273428,,22827,,1583006616,16129970,"""Soft Sip""",[0.2946690618991852],"[0, 0, 1, 0]"
311.170802832,,22828,,1583006616,23310899,"""Soft Sip""",[0.27295273542404175],"[0, 0, 1, 0]"
311.175440073,,22829,,1583006616,28785943,"""Soft Sip""",[0.2512364089488983],"[0, 0, 1, 0]"
311.182376862,,22830,,1583006616,33413887,"""Soft Sip""",[0.2403782308101654],"[0, 0, 1, 0]"
311.18739152,,22831,,1583006616,40364027,"""Soft Sip""",[0.22955219447612762],"[0, 0, 1, 0]"
311.192276239,,22832,,1583006616,45366048,"""Soft Sip""",[0.2186940312385559],"[0, 0, 1, 0]"
311.1979568,,22833,,1583006616,50271034,"""Soft Sip""",[0.19697770476341248],"[0, 0, 1, 0]"
311.204969883,,22834,,1583006616,55954933,"""Soft Sip""",[0.18611954152584076],"[0, 0, 1, 0]"
311.212084532,,22835,,1583006616,62956094,"""Soft Sip""",[0.17529350519180298],"[0, 0, 1, 0]"
311.217172623,,22836,,1583006616,70056915,"""Soft Sip""",[0.16443534195423126],"[0, 0, 1, 0]"
311.222836256,,22837,,1583006616,75282096,"""Soft Sip""",[0.15357716381549835],"[0, 0, 1, 0]"
311.228880405,,22838,,1583006616,80811023,"""Soft Sip""",[0.14271900057792664],"[0, 0, 1, 0]"
311.234280825,,22839,,1583006616,86855888,"""Soft Sip""",[0.13186083734035492],"[0, 0, 1, 0]"
311.240146875,,22840,,1583006616,92299938,"""Soft Sip""",[0.12103480100631714],"[0, 0, 1, 0]"
311.247131824,,22841,,1583006616,98117113,"""Soft Sip""",[0.11017663776874542],"[0, 0, 1, 0]"
311.251790524,,22842,,1583006616,105109930,"""Soft Sip""",[0.12103480100631714],"[0, 0, 1, 0]"
311.257133722,,22843,,1583006616,109770059,"""Soft Sip""",[0.13186083734035492],"[0, 0, 1, 0]"
311.263857841,,22844,,1583006616,115132093,"""Soft Sip""",[0.14271900057792664],"[0, 0, 1, 0]"
311.269176483,,22845,,1583006616,122021913,"""Soft Sip""",[0.15357716381549835],"[0, 0, 1, 0]"
311.274961233,,22846,,1583006616,127198934,"""Soft Sip""",[0.16443534195423126],"[0, 0, 1, 0]"
311.281084538,,22847,,1583006616,132962942,"""Soft Sip""",[0.17529350519180298],"[0, 0, 1, 0]"
311.285714865,,22848,,1583006616,139065980,"""Soft Sip""",[0.18611954152584076],"[0, 0, 1, 0]"
311.291124344,,22849,,1583006616,143703937,"""Soft Sip""",[0.19697770476341248],"[0, 0, 1, 0]"
311.297270775,,22850,,1583006616,149100065,"""Soft Sip""",[0.18611954152584076],"[0, 0, 1, 0]"
311.302893877,,22851,,1583006616,155250072,"""Soft Sip""",[0.17529350519180298],"[0, 0, 1, 0]"
311.307923079,,22852,,1583006616,160861968,"""Soft Sip""",[0.16443534195423126],"[0, 0, 1, 0]"
311.314988136,,22853,,1583006616,165895938,"""Soft Sip""",[0.15357716381549835],"[0, 0, 1, 0]"
311.321098804,,22854,,1583006616,173002958,"""Soft Sip""",[0.14271900057792664],"[0, 0, 1, 0]"
311.326279879,,22855,,1583006616,179065942,"""Soft Sip""",[0.13186083734035492],"[0, 0, 1, 0]"
311.332692146,,22856,,1583006616,184463977,"""Soft Sip""",[0.12103480100631714],"[0, 0, 1, 0]"
311.337300062,,22857,,1583006616,190639972,"""Soft Sip""",[0.11017663776874542],"[0, 0, 1, 0]"
311.341950178,,22858,,1583006616,195266962,"""Soft Sip""",[0.0993184745311737],"[0, 0, 1, 0]"
311.347681999,,22859,,1583006616,199934959,"""Soft Sip""",[0.08846031129360199],"[0, 0, 1, 0]"
311.353164434,,22860,,1583006616,205662012,"""Soft Sip""",[0.07760214805603027],"[0, 0, 1, 0]"
311.359861612,,22861,,1583006616,211150884,"""Soft Sip""",[0.06674397736787796],"[0, 0, 1, 0]"
311.367859602,,22862,,1583006616,217883110,"""Soft Sip""",[0.05591794103384018],"[0, 0, 1, 0]"
311.374062061,,22863,,1583006616,225898027,"""Soft Sip""",[0.04505977779626846],"[0, 0, 1, 0]"
311.379524946,,22864,,1583006616,231810092,"""Soft Sip""",[0.03420161083340645],"[0, 0, 1, 0]"
311.38478446,,22865,,1583006616,237562894,"""Soft Sip""",[0.023343447595834732],"[0, 0, 1, 0]"
311.390488863,,22866,,1583006616,242758989,"""Soft Sip""",[0.012485282495617867],"[0, 0, 1, 0]"
311.391475677,,22867,,1583006616,248469114,"""Zero Band""",[0.0016592431347817183],"[0, 0, 0, 0]"
311.392307043,,22868,,1583006616,249558925,"""Zero Band""",[-0.0],"[0, 0, 0, 0]"
311.393048048,,22869,,1583006616,250283956,"""Zero Band""",[-0.0],"[0, 0, 0, 0]"
311.393791676,,22870,,1583006616,251058101,"""Zero Band""",[-0.0],"[0, 0, 0, 0]"
311.394581318,,22871,,1583006616,251867055,"""Zero Band""",[0.0016592431347817183],"[0, 0, 0, 0]"
311.401809931,,22872,,1583006616,252584934,"""Soft Sip""",[0.012485282495617867],"[0, 0, 1, 0]"
311.407646894,,22873,,1583006616,259788036,"""Soft Sip""",[0.023343447595834732],"[0, 0, 1, 0]"
311.413897038,,22874,,1583006616,265625000,"""Soft Sip""",[0.03420161083340645],"[0, 0, 1, 0]"
311.419783592,,22875,,1583006616,271970033,"""Soft Sip""",[0.04505977779626846],"[0, 0, 1, 0]"
311.425838709,,22876,,1583006616,277646064,"""Soft Sip""",[0.05591794103384018],"[0, 0, 1, 0]"
311.431088448,,22877,,1583006616,283812046,"""Soft Sip""",[0.06674397736787796],"[0, 0, 1, 0]"
311.436656475,,22878,,1583006616,289104938,"""Soft Sip""",[0.07760214805603027],"[0, 0, 1, 0]"
311.442945957,,22879,,1583006616,294537067,"""Soft Sip""",[0.08846031129360199],"[0, 0, 1, 0]"
311.449516773,,22880,,1583006616,300911903,"""Soft Sip""",[0.0993184745311737],"[0, 0, 1, 0]"
311.454518318,,22881,,1583006616,307576894,"""Soft Sip""",[0.11017663776874542],"[0, 0, 1, 0]"
311.460803509,,22882,,1583006616,312660932,"""Soft Sip""",[0.12103480100631714],"[0, 0, 1, 0]"
311.466094732,,22883,,1583006616,318772077,"""Soft Sip""",[0.13186083734035492],"[0, 0, 1, 0]"
311.471553326,,22884,,1583006616,324090003,"""Soft Sip""",[0.14271900057792664],"[0, 0, 1, 0]"
311.477467299,,22885,,1583006616,329535007,"""Soft Sip""",[0.15357716381549835],"[0, 0, 1, 0]"
311.483533621,,22886,,1583006616,335439920,"""Soft Sip""",[0.16443534195423126],"[0, 0, 1, 0]"
311.489630938,,22887,,1583006616,341541051,"""Soft Sip""",[0.17529350519180298],"[0, 0, 1, 0]"
311.495646238,,22888,,1583006616,347615957,"""Soft Sip""",[0.18611954152584076],"[0, 0, 1, 0]"
311.501339436,,22889,,1583006616,353738069,"""Soft Sip""",[0.19697770476341248],"[0, 0, 1, 0]"
311.50690484,,22890,,1583006616,359440088,"""Soft Sip""",[0.18611954152584076],"[0, 0, 1, 0]"
311.513062,,22891,,1583006616,364890098,"""Soft Sip""",[0.17529350519180298],"[0, 0, 1, 0]"
311.518266201,,22892,,1583006616,371040105,"""Soft Sip""",[0.16443534195423126],"[0, 0, 1, 0]"
311.523780346,,22893,,1583006616,376250982,"""Soft Sip""",[0.15357716381549835],"[0, 0, 1, 0]"
311.528942347,,22894,,1583006616,381889104,"""Soft Sip""",[0.14271900057792664],"[0, 0, 1, 0]"
311.534507275,,22895,,1583006616,386939048,"""Soft Sip""",[0.13186083734035492],"[0, 0, 1, 0]"
311.540899992,,22896,,1583006616,392667055,"""Soft Sip""",[0.12103480100631714],"[0, 0, 1, 0]"
311.546701908,,22897,,1583006616,398864984,"""Soft Sip""",[0.11017663776874542],"[0, 0, 1, 0]"
311.552253723,,22898,,1583006616,404680013,"""Soft Sip""",[0.0993184745311737],"[0, 0, 1, 0]"
311.558426619,,22899,,1583006616,410120964,"""Soft Sip""",[0.08846031129360199],"[0, 0, 1, 0]"
311.564316988,,22900,,1583006616,416488885,"""Soft Sip""",[0.07760214805603027],"[0, 0, 1, 0]"
311.57024312,,22901,,1583006616,422287940,"""Soft Sip""",[0.06674397736787796],"[0, 0, 1, 0]"
311.575476885,,22902,,1583006616,428370952,"""Soft Sip""",[0.05591794103384018],"[0, 0, 1, 0]"
311.581061125,,22903,,1583006616,433489084,"""Soft Sip""",[0.04505977779626846],"[0, 0, 1, 0]"
311.587505579,,22904,,1583006616,439114093,"""Soft Sip""",[0.03420161083340645],"[0, 0, 1, 0]"
311.592592478,,22905,,1583006616,445513010,"""Soft Sip""",[0.023343447595834732],"[0, 0, 1, 0]"
311.59787488,,22906,,1583006616,450716972,"""Soft Sip""",[0.012485282495617867],"[0, 0, 1, 0]"
311.598817587,,22907,,1583006616,455872058,"""Zero Band""",[0.0016592431347817183],"[0, 0, 0, 0]"
311.599556923,,22908,,1583006616,456787109,"""Zero Band""",[-0.0],"[0, 0, 0, 0]"
311.600307465,,22909,,1583006616,457592010,"""Zero Band""",[0.0016592431347817183],"[0, 0, 0, 0]"
311.600996733,,22910,,1583006616,458283901,"""Zero Band""",[-0.0],"[0, 0, 0, 0]"
311.601843119,,22911,,1583006616,459013938,"""Zero Band""",[-0.0],"[0, 0, 0, 0]"
311.602669001,,22912,,1583006616,459866046,"""Zero Band""",[-0.0],"[0, 0, 0, 0]"
311.610666037,,22913,,1583006616,467536926,"""Zero Band""",[-0.0],"[0, 0, 0, 0]"
311.62106657,,22914,,1583006616,477663993,"""Zero Band""",[-0.0],"[0, 0, 0, 0]"
311.780843496,,22915,,1583006616,637671947,"""Zero Band""",[-0.0],"[0, 0, 0, 0]"
311.786353111,,22916,,1583006616,643508911,"""Zero Band""",[-0.0],"[0, 0, 0, 0]"
311.792584658,,22917,,1583006616,649573087,"""Zero Band""",[-0.0],"[0, 0, 0, 0]"
311.794317961,,22918,,1583006616,651472091,"""Zero Band""",[-0.0],"[0, 0, 0, 0]"
311.79659605,,22919,,1583006616,653521060,"""Zero Band""",[0.0016592431347817183],"[0, 0, 0, 0]"
311.805486679,,22920,,1583006616,657499074,"""Soft Sip""",[0.012485282495617867],"[0, 0, 1, 0]"
311.811528444,,22921,,1583006616,663547992,"""Soft Sip""",[0.023343447595834732],"[0, 0, 1, 0]"
311.81656456,,22922,,1583006616,669611930,"""Soft Sip""",[0.03420161083340645],"[0, 0, 1, 0]"
311.822745323,,22923,,1583006616,674433946,"""Soft Sip""",[0.04505977779626846],"[0, 0, 1, 0]"
311.828848124,,22924,,1583006616,680865049,"""Soft Sip""",[0.05591794103384018],"[0, 0, 1, 0]"
311.834940672,,22925,,1583006616,686857938,"""Soft Sip""",[0.06674397736787796],"[0, 0, 1, 0]"
311.841602802,,22926,,1583006616,693109989,"""Soft Sip""",[0.07760214805603027],"[0, 0, 1, 0]"
311.848381519,,22927,,1583006616,699582099,"""Soft Sip""",[0.08846031129360199],"[0, 0, 1, 0]"
311.85451436,,22928,,1583006616,706371068,"""Soft Sip""",[0.0993184745311737],"[0, 0, 1, 0]"
311.860610723,,22929,,1583006616,712491035,"""Soft Sip""",[0.11017663776874542],"[0, 0, 1, 0]"
311.868320227,,22930,,1583006616,718735933,"""Soft Sip""",[0.12103480100631714],"[0, 0, 1, 0]"
311.872982979,,22931,,1583006616,726296901,"""Soft Sip""",[0.13186083734035492],"[0, 0, 1, 0]"
311.878886461,,22932,,1583006616,730967998,"""Soft Sip""",[0.14271900057792664],"[0, 0, 1, 0]"
311.884871721,,22933,,1583006616,736967086,"""Soft Sip""",[0.15357716381549835],"[0, 0, 1, 0]"
311.889656067,,22934,,1583006616,742872953,"""Soft Sip""",[0.16443534195423126],"[0, 0, 1, 0]"
311.895610332,,22935,,1583006616,747628927,"""Soft Sip""",[0.15357716381549835],"[0, 0, 1, 0]"
311.902637482,,22936,,1583006616,753716945,"""Soft Sip""",[0.14271900057792664],"[0, 0, 1, 0]"
311.908005238,,22937,,1583006616,760652065,"""Soft Sip""",[0.13186083734035492],"[0, 0, 1, 0]"
311.914129496,,22938,,1583006616,765985965,"""Soft Sip""",[0.12103480100631714],"[0, 0, 1, 0]"
311.918891907,,22939,,1583006616,772207021,"""Soft Sip""",[0.11017663776874542],"[0, 0, 1, 0]"
311.923578978,,22940,,1583006616,776869058,"""Soft Sip""",[0.0993184745311737],"[0, 0, 1, 0]"
311.93019104,,22941,,1583006616,781658887,"""Soft Sip""",[0.08846031129360199],"[0, 0, 1, 0]"
311.935849667,,22942,,1583006616,788254976,"""Soft Sip""",[0.07760214805603027],"[0, 0, 1, 0]"
311.950073481,,22943,,1583006616,801549911,"""Soft Sip""",[0.08846031129360199],"[0, 0, 1, 0]"
311.962551117,,22944,,1583006616,813508033,"""Soft Sip""",[0.0993184745311737],"[0, 0, 1, 0]"
311.971982718,,22945,,1583006616,823633909,"""Soft Sip""",[0.11017663776874542],"[0, 0, 1, 0]"
311.981030226,,22946,,1583006616,833535909,"""Soft Sip""",[0.12103480100631714],"[0, 0, 1, 0]"
311.988362074,,22947,,1583006616,841494083,"""Soft Sip""",[0.13186083734035492],"[0, 0, 1, 0]"
311.99396944,,22948,,1583006616,846416950,"""Soft Sip""",[0.14271900057792664],"[0, 0, 1, 0]"
311.999526739,,22949,,1583006616,851933956,"""Soft Sip""",[0.15357716381549835],"[0, 0, 1, 0]"
312.005363226,,22950,,1583006616,857656955,"""Soft Sip""",[0.16443534195423126],"[0, 0, 1, 0]"
312.010588408,,22951,,1583006616,863507986,"""Soft Sip""",[0.17529350519180298],"[0, 0, 1, 0]"
312.01696372,,22952,,1583006616,868663072,"""Soft Sip""",[0.18611954152584076],"[0, 0, 1, 0]"
312.021453857,,22953,,1583006616,875011920,"""Soft Sip""",[0.19697770476341248],"[0, 0, 1, 0]"
312.027388811,,22954,,1583006616,879519939,"""Soft Sip""",[0.2078358680009842],"[0, 0, 1, 0]"
312.033123732,,22955,,1583006616,885484933,"""Soft Sip""",[0.2186940312385559],"[0, 0, 1, 0]"
312.037863016,,22956,,1583006616,891124010,"""Soft Sip""",[0.22955219447612762],"[0, 0, 1, 0]"
312.042841434,,22957,,1583006616,895936965,"""Soft Sip""",[0.2403782308101654],"[0, 0, 1, 0]"
312.04898262,,22958,,1583006616,900907993,"""Soft Sip""",[0.26209455728530884],"[0, 0, 1, 0]"
312.054004431,,22959,,1583006616,906968116,"""Soft Sip""",[0.27295273542404175],"[0, 0, 1, 0]"
312.05963254,,22960,,1583006616,911984920,"""Soft Sip""",[0.28381088376045227],"[0, 0, 1, 0]"
312.067894936,,22961,,1583006616,917756080,"""Soft Sip""",[0.2946690618991852],"[0, 0, 1, 0]"
312.068894386,,22962,,1583006616,926054000,"""Soft-Hard Sip Deadband""",[0.30549511313438416],"[0, 0, 0, 0]"
312.069739819,,22963,,1583006616,926866054,"""Soft-Hard Sip Deadband""",[0.3163532614707947],"[0, 0, 0, 0]"
312.070562363,,22964,,1583006616,927723884,"""Soft-Hard Sip Deadband""",[0.3272114396095276],"[0, 0, 0, 0]"
312.071615934,,22965,,1583006616,928576946,"""Soft-Hard Sip Deadband""",[0.3380695879459381],"[0, 0, 0, 0]"
312.072528601,,22966,,1583006616,929620027,"""Soft-Hard Sip Deadband""",[0.348927766084671],"[0, 0, 0, 0]"
312.073426008,,22967,,1583006616,930527925,"""Soft-Hard Sip Deadband""",[0.3597537875175476],"[0, 0, 0, 0]"
312.074312687,,22968,,1583006616,931446075,"""Soft-Hard Sip Deadband""",[0.3706119656562805],"[0, 0, 0, 0]"
312.075128317,,22969,,1583006616,932353973,"""Soft-Hard Sip Deadband""",[0.38147011399269104],"[0, 0, 0, 0]"
312.075940371,,22970,,1583006616,933098077,"""Soft-Hard Sip Deadband""",[0.39232829213142395],"[0, 0, 0, 0]"
312.076988697,,22971,,1583006616,934010028,"""Soft-Hard Sip Deadband""",[0.4031864404678345],"[0, 0, 0, 0]"
312.07799077,,22972,,1583006616,934963941,"""Soft-Hard Sip Deadband""",[0.4140446186065674],"[0, 0, 0, 0]"
312.08051157,,22973,,1583006616,937524080,"""Soft-Hard Sip Deadband""",[0.42487066984176636],"[0, 0, 0, 0]"
312.086439371,,22974,,1583006616,943519115,"""Soft-Hard Sip Deadband""",[0.4357288181781769],"[0, 0, 0, 0]"
312.09094286,,22975,,1583006616,947489976,"""Soft-Hard Sip Deadband""",[0.4465869963169098],"[0, 0, 0, 0]"
312.098643541,,22976,,1583006616,955537080,"""Soft-Hard Sip Deadband""",[0.4574451446533203],"[0, 0, 0, 0]"
312.106449127,,22977,,1583006616,963489055,"""Soft-Hard Sip Deadband""",[0.4683033227920532],"[0, 0, 0, 0]"
312.120471716,,22978,,1583006616,977514982,"""Soft-Hard Sip Deadband""",[0.4574451446533203],"[0, 0, 0, 0]"
312.148699045,,22979,,1583006617,5563974,"""Soft-Hard Sip Deadband""",[0.4465869963169098],"[0, 0, 0, 0]"
312.152384281,,22980,,1583006617,9453058,"""Soft-Hard Sip Deadband""",[0.4357288181781769],"[0, 0, 0, 0]"
312.158489943,,22981,,1583006617,15543937,"""Soft-Hard Sip Deadband""",[0.42487066984176636],"[0, 0, 0, 0]"
312.166434288,,22982,,1583006617,23521900,"""Soft-Hard Sip Deadband""",[0.4140446186065674],"[0, 0, 0, 0]"
312.172334194,,22983,,1583006617,29500007,"""Soft-Hard Sip Deadband""",[0.4031864404678345],"[0, 0, 0, 0]"
312.178614855,,22984,,1583006617,35502910,"""Soft-Hard Sip Deadband""",[0.39232829213142395],"[0, 0, 0, 0]"
312.212769985,,22985,,1583006617,69596052,"""Soft-Hard Sip Deadband""",[0.4031864404678345],"[0, 0, 0, 0]"
312.224594831,,22986,,1583006617,81585884,"""Soft-Hard Sip Deadband""",[0.4140446186065674],"[0, 0, 0, 0]"
312.230595112,,22987,,1583006617,87522029,"""Soft-Hard Sip Deadband""",[0.42487066984176636],"[0, 0, 0, 0]"
312.246865988,,22988,,1583006617,103640079,"""Soft-Hard Sip Deadband""",[0.4357288181781769],"[0, 0, 0, 0]"
312.250350714,,22989,,1583006617,107513904,"""Soft-Hard Sip Deadband""",[0.42487066984176636],"[0, 0, 0, 0]"
312.252326012,,22990,,1583006617,109488964,"""Soft-Hard Sip Deadband""",[0.4357288181781769],"[0, 0, 0, 0]"
312.288794756,,22991,,1583006617,145593881,"""Soft-Hard Sip Deadband""",[0.42487066984176636],"[0, 0, 0, 0]"
312.306751728,,22992,,1583006617,163554906,"""Soft-Hard Sip Deadband""",[0.4140446186065674],"[0, 0, 0, 0]"
312.308244228,,22993,,1583006617,165463924,"""Soft-Hard Sip Deadband""",[0.42487066984176636],"[0, 0, 0, 0]"
312.324634552,,22994,,1583006617,181545019,"""Soft-Hard Sip Deadband""",[0.4357288181781769],"[0, 0, 0, 0]"
312.330888271,,22995,,1583006617,187592029,"""Soft-Hard Sip Deadband""",[0.4465869963169098],"[0, 0, 0, 0]"
312.336480141,,22996,,1583006617,193502902,"""Soft-Hard Sip Deadband""",[0.4574451446533203],"[0, 0, 0, 0]"
312.340252876,,22997,,1583006617,197437047,"""Soft-Hard Sip Deadband""",[0.4683033227920532],"[0, 0, 0, 0]"
312.3424716,,22998,,1583006617,199475049,"""Soft-Hard Sip Deadband""",[0.4791293442249298],"[0, 0, 0, 0]"
312.34884882,,22999,,1583006617,205607891,"""Soft-Hard Sip Deadband""",[0.4899875223636627],"[0, 0, 0, 0]"
312.360033274,,23000,,1583006617,211487054,"""Zero Band""",[0.5008456707000732],"[0, 0, 0, 0]"
312.365946054,,23001,,1583006617,218101024,"""Zero Band""",[0.5117038488388062],"[0, 0, 0, 0]"
312.371025085,,23002,,1583006617,224035978,"""Zero Band""",[0.5225620269775391],"[0, 0, 0, 0]"
312.37680769,,23003,,1583006617,229120969,"""Zero Band""",[0.533388078212738],"[0, 0, 0, 0]"
312.382367373,,23004,,1583006617,234855890,"""Zero Band""",[0.5442461967468262],"[0, 0, 0, 0]"
312.390516758,,23005,,1583006617,241478919,"""Zero Band""",[0.5551043748855591],"[0, 0, 0, 0]"
312.412976265,,23006,,1583006617,263605117,"""Zero Band""",[0.5442461967468262],"[0, 0, 0, 0]"
312.418510914,,23007,,1583006617,270819902,"""Zero Band""",[0.533388078212738],"[0, 0, 0, 0]"
312.425510883,,23008,,1583006617,276511907,"""Zero Band""",[0.5225620269775391],"[0, 0, 0, 0]"
312.430997372,,23009,,1583006617,283581018,"""Zero Band""",[0.5117038488388062],"[0, 0, 0, 0]"
312.437197685,,23010,,1583006617,289062023,"""Zero Band""",[0.5008456707000732],"[0, 0, 0, 0]"
312.438034773,,23011,,1583006617,295161008,"""Soft-Hard Sip Deadband""",[0.4899875223636627],"[0, 0, 0, 0]"
312.438904524,,23012,,1583006617,296087980,"""Soft-Hard Sip Deadband""",[0.4791293442249298],"[0, 0, 0, 0]"
312.439805984,,23013,,1583006617,296974897,"""Soft-Hard Sip Deadband""",[0.4683033227920532],"[0, 0, 0, 0]"
312.442423582,,23014,,1583006617,299479961,"""Soft-Hard Sip Deadband""",[0.4574451446533203],"[0, 0, 0, 0]"
312.452782154,,23015,,1583006617,309617996,"""Soft-Hard Sip Deadband""",[0.4465869963169098],"[0, 0, 0, 0]"
312.466835737,,23016,,1583006617,323565959,"""Soft-Hard Sip Deadband""",[0.4357288181781769],"[0, 0, 0, 0]"
312.478718519,,23017,,1583006617,335517883,"""Soft-Hard Sip Deadband""",[0.42487066984176636],"[0, 0, 0, 0]"
312.484661341,,23018,,1583006617,341490030,"""Soft-Hard Sip Deadband""",[0.4140446186065674],"[0, 0, 0, 0]"
312.488236189,,23019,,1583006617,345468997,"""Soft-Hard Sip Deadband""",[0.4031864404678345],"[0, 0, 0, 0]"
312.496402979,,23020,,1583006617,353513956,"""Soft-Hard Sip Deadband""",[0.39232829213142395],"[0, 0, 0, 0]"
312.502513409,,23021,,1583006617,359487056,"""Soft-Hard Sip Deadband""",[0.38147011399269104],"[0, 0, 0, 0]"
312.510815859,,23022,,1583006617,367607116,"""Soft-Hard Sip Deadband""",[0.3706119656562805],"[0, 0, 0, 0]"
312.514979601,,23023,,1583006617,371613979,"""Soft-Hard Sip Deadband""",[0.3597537875175476],"[0, 0, 0, 0]"
312.522550821,,23024,,1583006617,379519939,"""Soft-Hard Sip Deadband""",[0.348927766084671],"[0, 0, 0, 0]"
312.538786888,,23025,,1583006617,395545005,"""Soft-Hard Sip Deadband""",[0.3380695879459381],"[0, 0, 0, 0]"
312.546902418,,23026,,1583006617,403599023,"""Soft-Hard Sip Deadband""",[0.3272114396095276],"[0, 0, 0, 0]"
312.572586775,,23027,,1583006617,429554939,"""Soft-Hard Sip Deadband""",[0.3163532614707947],"[0, 0, 0, 0]"
312.574367046,,23028,,1583006617,431449890,"""Soft-Hard Sip Deadband""",[0.3272114396095276],"[0, 0, 0, 0]"
312.576491594,,23029,,1583006617,433449983,"""Soft-Hard Sip Deadband""",[0.3163532614707947],"[0, 0, 0, 0]"
312.581001997,,23030,,1583006617,437642097,"""Soft-Hard Sip Deadband""",[0.3272114396095276],"[0, 0, 0, 0]"
312.588594437,,23031,,1583006617,445525884,"""Soft-Hard Sip Deadband""",[0.3163532614707947],"[0, 0, 0, 0]"
312.61895895,,23032,,1583006617,475611925,"""Soft-Hard Sip Deadband""",[0.30549511313438416],"[0, 0, 0, 0]"
312.62237668,,23033,,1583006617,479464054,"""Soft-Hard Sip Deadband""",[0.3163532614707947],"[0, 0, 0, 0]"
312.628584623,,23034,,1583006617,485506057,"""Soft-Hard Sip Deadband""",[0.30549511313438416],"[0, 0, 0, 0]"
312.642627478,,23035,,1583006617,499531984,"""Soft-Hard Sip Deadband""",[0.3163532614707947],"[0, 0, 0, 0]"
312.650512218,,23036,,1583006617,507519960,"""Soft-Hard Sip Deadband""",[0.3272114396095276],"[0, 0, 0, 0]"
312.662827492,,23037,,1583006617,519570112,"""Soft-Hard Sip Deadband""",[0.3380695879459381],"[0, 0, 0, 0]"
312.674548864,,23038,,1583006617,531505107,"""Soft-Hard Sip Deadband""",[0.348927766084671],"[0, 0, 0, 0]"
312.678579569,,23039,,1583006617,535505056,"""Soft-Hard Sip Deadband""",[0.3597537875175476],"[0, 0, 0, 0]"
312.692899704,,23040,,1583006617,549645900,"""Soft-Hard Sip Deadband""",[0.3706119656562805],"[0, 0, 0, 0]"
312.702813864,,23041,,1583006617,559607028,"""Soft-Hard Sip Deadband""",[0.38147011399269104],"[0, 0, 0, 0]"
312.728714705,,23042,,1583006617,585536003,"""Soft-Hard Sip Deadband""",[0.39232829213142395],"[0, 0, 0, 0]"
312.736373901,,23043,,1583006617,593465089,"""Soft-Hard Sip Deadband""",[0.38147011399269104],"[0, 0, 0, 0]"
312.748766422,,23044,,1583006617,605614900,"""Soft-Hard Sip Deadband""",[0.3706119656562805],"[0, 0, 0, 0]"
312.756407976,,23045,,1583006617,613516092,"""Soft-Hard Sip Deadband""",[0.3597537875175476],"[0, 0, 0, 0]"
312.764691353,,23046,,1583006617,621566057,"""Soft-Hard Sip Deadband""",[0.348927766084671],"[0, 0, 0, 0]"
312.766294956,,23047,,1583006617,623440027,"""Soft-Hard Sip Deadband""",[0.3597537875175476],"[0, 0, 0, 0]"
312.77025342,,23048,,1583006617,627465963,"""Soft-Hard Sip Deadband""",[0.348927766084671],"[0, 0, 0, 0]"
312.77437067,,23049,,1583006617,631484031,"""Soft-Hard Sip Deadband""",[0.3380695879459381],"[0, 0, 0, 0]"
312.788611174,,23050,,1583006617,645580053,"""Soft-Hard Sip Deadband""",[0.3272114396095276],"[0, 0, 0, 0]"
312.814754725,,23051,,1583006617,671636104,"""Soft-Hard Sip Deadband""",[0.3163532614707947],"[0, 0, 0, 0]"
312.816221952,,23052,,1583006617,673449039,"""Soft-Hard Sip Deadband""",[0.3272114396095276],"[0, 0, 0, 0]"
312.87496686,,23053,,1583006617,731638908,"""Soft-Hard Sip Deadband""",[0.3380695879459381],"[0, 0, 0, 0]"
312.87881279,,23054,,1583006617,735621929,"""Soft-Hard Sip Deadband""",[0.348927766084671],"[0, 0, 0, 0]"
312.884508371,,23055,,1583006617,741558074,"""Soft-Hard Sip Deadband""",[0.3597537875175476],"[0, 0, 0, 0]"
312.886236906,,23056,,1583006617,743463039,"""Soft-Hard Sip Deadband""",[0.3706119656562805],"[0, 0, 0, 0]"
312.892366409,,23057,,1583006617,749499082,"""Soft-Hard Sip Deadband""",[0.38147011399269104],"[0, 0, 0, 0]"
312.89427042,,23058,,1583006617,751457929,"""Soft-Hard Sip Deadband""",[0.39232829213142395],"[0, 0, 0, 0]"
312.896464586,,23059,,1583006617,753448009,"""Soft-Hard Sip Deadband""",[0.4031864404678345],"[0, 0, 0, 0]"
312.902548552,,23060,,1583006617,759547948,"""Soft-Hard Sip Deadband""",[0.4140446186065674],"[0, 0, 0, 0]"
312.904246092,,23061,,1583006617,761455059,"""Soft-Hard Sip Deadband""",[0.42487066984176636],"[0, 0, 0, 0]"
312.908428431,,23062,,1583006617,765475034,"""Soft-Hard Sip Deadband""",[0.4357288181781769],"[0, 0, 0, 0]"
312.910511732,,23063,,1583006617,767518997,"""Soft-Hard Sip Deadband""",[0.4465869963169098],"[0, 0, 0, 0]"
312.912414551,,23064,,1583006617,769495964,"""Soft-Hard Sip Deadband""",[0.4574451446533203],"[0, 0, 0, 0]"
312.916493893,,23065,,1583006617,773497104,"""Soft-Hard Sip Deadband""",[0.4683033227920532],"[0, 0, 0, 0]"
312.918194294,,23066,,1583006617,775468111,"""Soft-Hard Sip Deadband""",[0.4791293442249298],"[0, 0, 0, 0]"
312.920226574,,23067,,1583006617,777458906,"""Soft-Hard Sip Deadband""",[0.4899875223636627],"[0, 0, 0, 0]"
312.926768541,,23068,,1583006617,779443979,"""Zero Band""",[0.5008456707000732],"[0, 0, 0, 0]"
312.931358576,,23069,,1583006617,784848928,"""Zero Band""",[0.5117038488388062],"[0, 0, 0, 0]"
312.937601328,,23070,,1583006617,789417982,"""Zero Band""",[0.5225620269775391],"[0, 0, 0, 0]"
312.943349838,,23071,,1583006617,795635938,"""Zero Band""",[0.533388078212738],"[0, 0, 0, 0]"
312.948828936,,23072,,1583006617,801390886,"""Zero Band""",[0.5442461967468262],"[0, 0, 0, 0]"
312.954012871,,23073,,1583006617,806885957,"""Zero Band""",[0.5551043748855591],"[0, 0, 0, 0]"
312.961654663,,23074,,1583006617,811964988,"""Zero Band""",[0.565962553024292],"[0, 0, 0, 0]"
312.966890812,,23075,,1583006617,819735050,"""Zero Band""",[0.5768207311630249],"[0, 0, 0, 0]"
312.972420216,,23076,,1583006617,824872016,"""Zero Band""",[0.587678849697113],"[0, 0, 0, 0]"
312.978052855,,23077,,1583006617,830398082,"""Zero Band""",[0.598504900932312],"[0, 0, 0, 0]"
312.985045195,,23078,,1583006617,836097955,"""Zero Band""",[0.6093630790710449],"[0, 0, 0, 0]"
312.991972923,,23079,,1583006617,843023061,"""Zero Band""",[0.6202212572097778],"[0, 0, 0, 0]"
312.999270916,,23080,,1583006617,849950075,"""Zero Band""",[0.6310794353485107],"[0, 0, 0, 0]"
313.004070997,,23081,,1583006617,857407093,"""Zero Band""",[0.6419375538825989],"[0, 0, 0, 0]"
313.010140896,,23082,,1583006617,862051963,"""Zero Band""",[0.6527636051177979],"[0, 0, 0, 0]"
313.015659809,,23083,,1583006617,868124008,"""Zero Band""",[0.6636217832565308],"[0, 0, 0, 0]"
313.021037817,,23084,,1583006617,873651027,"""Zero Band""",[0.6744799613952637],"[0, 0, 0, 0]"
313.027110815,,23085,,1583006617,879014968,"""Zero Band""",[0.6853380799293518],"[0, 0, 0, 0]"
313.032866001,,23086,,1583006617,884987115,"""Zero Band""",[0.6961962580680847],"[0, 0, 0, 0]"
313.038005114,,23087,,1583006617,890954017,"""Zero Band""",[0.7070544362068176],"[0, 0, 0, 0]"
313.044126034,,23088,,1583006617,895987987,"""Zero Band""",[0.7178804874420166],"[0, 0, 0, 0]"
313.051234484,,23089,,1583006617,902230978,"""Zero Band""",[0.7287386655807495],"[0, 0, 0, 0]"
313.057086468,,23090,,1583006617,909218072,"""Zero Band""",[0.7178804874420166],"[0, 0, 0, 0]"
313.063896894,,23091,,1583006617,914963006,"""Zero Band""",[0.7070544362068176],"[0, 0, 0, 0]"
313.069259167,,23092,,1583006617,921706914,"""Zero Band""",[0.6961962580680847],"[0, 0, 0, 0]"
313.073899508,,23093,,1583006617,927227973,"""Zero Band""",[0.6853380799293518],"[0, 0, 0, 0]"
313.078456879,,23094,,1583006617,931977987,"""Zero Band""",[0.6744799613952637],"[0, 0, 0, 0]"
313.085165501,,23095,,1583006617,936434030,"""Zero Band""",[0.6636217832565308],"[0, 0, 0, 0]"
313.091008663,,23096,,1583006617,943126916,"""Zero Band""",[0.6527636051177979],"[0, 0, 0, 0]"
313.09642005,,23097,,1583006617,948988914,"""Zero Band""",[0.6419375538825989],"[0, 0, 0, 0]"
313.102189779,,23098,,1583006617,954560041,"""Zero Band""",[0.6310794353485107],"[0, 0, 0, 0]"
313.108305931,,23099,,1583006617,960201978,"""Zero Band""",[0.6202212572097778],"[0, 0, 0, 0]"
313.113713264,,23100,,1583006617,966284990,"""Zero Band""",[0.598504900932312],"[0, 0, 0, 0]"
313.121500969,,23101,,1583006617,971724987,"""Zero Band""",[0.587678849697113],"[0, 0, 0, 0]"
313.127087116,,23102,,1583006617,979485988,"""Zero Band""",[0.565962553024292],"[0, 0, 0, 0]"
313.131704092,,23103,,1583006617,984962940,"""Zero Band""",[0.5551043748855591],"[0, 0, 0, 0]"
313.137349606,,23104,,1583006617,989602088,"""Zero Band""",[0.5117038488388062],"[0, 0, 0, 0]"
313.138449907,,23105,,1583006617,995313882,"""Soft-Hard Sip Deadband""",[0.4683033227920532],"[0, 0, 0, 0]"
313.139464855,,23106,,1583006617,996414899,"""Soft-Hard Sip Deadband""",[0.4357288181781769],"[0, 0, 0, 0]"
313.140416861,,23107,,1583006617,997461080,"""Soft-Hard Sip Deadband""",[0.4140446186065674],"[0, 0, 0, 0]"
313.141607761,,23108,,1583006617,998641014,"""Soft-Hard Sip Deadband""",[0.38147011399269104],"[0, 0, 0, 0]"
313.142521381,,23109,,1583006617,999573945,"""Soft-Hard Sip Deadband""",[0.348927766084671],"[0, 0, 0, 0]"
313.14343214,,23110,,1583006618,511884,"""Soft-Hard Sip Deadband""",[0.3163532614707947],"[0, 0, 0, 0]"
313.148884296,,23111,,1583006618,1419067,"""Soft Sip""",[0.28381088376045227],"[0, 0, 1, 0]"
313.154530764,,23112,,1583006618,6900072,"""Soft Sip""",[0.2512364089488983],"[0, 0, 1, 0]"
313.160604715,,23113,,1583006618,12511968,"""Soft Sip""",[0.2186940312385559],"[0, 0, 1, 0]"
313.166658401,,23114,,1583006618,18573045,"""Soft Sip""",[0.17529350519180298],"[0, 0, 1, 0]"
313.171315432,,23115,,1583006618,24522066,"""Soft Sip""",[0.15357716381549835],"[0, 0, 1, 0]"
313.176071167,,23116,,1583006618,29305934,"""Soft Sip""",[0.12103480100631714],"[0, 0, 1, 0]"
313.181432486,,23117,,1583006618,34095048,"""Soft Sip""",[0.08846031129360199],"[0, 0, 1, 0]"
313.186725855,,23118,,1583006618,39448022,"""Soft Sip""",[0.05591794103384018],"[0, 0, 1, 0]"
313.192390919,,23119,,1583006618,44707059,"""Soft Sip""",[0.023343447595834732],"[0, 0, 1, 0]"
313.193221092,,23120,,1583006618,50362110,"""Zero Band""",[0.0016592431347817183],"[0, 0, 0, 0]"
313.193948269,,23121,,1583006618,51222085,"""Zero Band""",[-0.0],"[0, 0, 0, 0]"
313.194633245,,23122,,1583006618,51923036,"""Zero Band""",[-0.0],"[0, 0, 0, 0]"
313.195376873,,23123,,1583006618,52614927,"""Zero Band""",[-0.0],"[0, 0, 0, 0]"
313.195457697,,23124,,1583006618,52614927,"""input stopped""",[-0.0],"[0, 0, 0, 0]"
313.743760109,,23125,,1583006618,600570917,"""Zero Band""",[-0.0],"[0, 0, 0, 0]"
313.750863791,,23126,,1583006618,607583045,"""Zero Band""",[-0.0],"[0, 0, 0, 0]"
313.752352715,,23127,,1583006618,609484910,"""Zero Band""",[-0.0],"[0, 0, 0, 0]"
313.754199743,,23128,,1583006618,611469030,"""Zero Band""",[0.0016592431347817183],"[0, 0, 0, 0]"
313.762506485,,23129,,1583006618,615506887,"""Soft Sip""",[0.012485282495617867],"[0, 0, 1, 0]"
313.768239737,,23130,,1583006618,620507955,"""Soft Sip""",[0.023343447595834732],"[0, 0, 1, 0]"
313.772792816,,23131,,1583006618,626238107,"""Soft Sip""",[0.03420161083340645],"[0, 0, 1, 0]"
313.777619362,,23132,,1583006618,630903959,"""Soft Sip""",[0.05591794103384018],"[0, 0, 1, 0]"
313.783153534,,23133,,1583006618,635597944,"""Soft Sip""",[0.06674397736787796],"[0, 0, 1, 0]"
313.788263321,,23134,,1583006618,641144037,"""Soft Sip""",[0.07760214805603027],"[0, 0, 1, 0]"
313.794346333,,23135,,1583006618,646270036,"""Soft Sip""",[0.08846031129360199],"[0, 0, 1, 0]"
313.800203562,,23136,,1583006618,652455091,"""Soft Sip""",[0.0993184745311737],"[0, 0, 1, 0]"
313.805121422,,23137,,1583006618,658082008,"""Soft Sip""",[0.11017663776874542],"[0, 0, 1, 0]"
313.81045866,,23138,,1583006618,663001060,"""Soft Sip""",[0.12103480100631714],"[0, 0, 1, 0]"
313.816762447,,23139,,1583006618,668436050,"""Soft Sip""",[0.13186083734035492],"[0, 0, 1, 0]"
313.821542501,,23140,,1583006618,674758911,"""Soft Sip""",[0.14271900057792664],"[0, 0, 1, 0]"
313.829011917,,23141,,1583006618,679420948,"""Soft Sip""",[0.15357716381549835],"[0, 0, 1, 0]"
313.83399415,,23142,,1583006618,687072992,"""Soft Sip""",[0.16443534195423126],"[0, 0, 1, 0]"
313.838657141,,23143,,1583006618,692156076,"""Soft Sip""",[0.17529350519180298],"[0, 0, 1, 0]"
313.844390154,,23144,,1583006618,696633100,"""Soft Sip""",[0.18611954152584076],"[0, 0, 1, 0]"
313.849679947,,23145,,1583006618,702411890,"""Soft Sip""",[0.19697770476341248],"[0, 0, 1, 0]"
313.855574369,,23146,,1583006618,707743883,"""Soft Sip""",[0.2078358680009842],"[0, 0, 1, 0]"
313.866735697,,23147,,1583006618,719535112,"""Soft Sip""",[0.2186940312385559],"[0, 0, 1, 0]"
313.87147069,,23148,,1583006618,724793910,"""Soft Sip""",[0.22955219447612762],"[0, 0, 1, 0]"
313.877755165,,23149,,1583006618,729516983,"""Soft Sip""",[0.2403782308101654],"[0, 0, 1, 0]"
313.882245779,,23150,,1583006618,735826015,"""Soft Sip""",[0.2512364089488983],"[0, 0, 1, 0]"
313.887623072,,23151,,1583006618,740318059,"""Soft Sip""",[0.26209455728530884],"[0, 0, 1, 0]"
313.893619776,,23152,,1583006618,745728015,"""Soft Sip""",[0.27295273542404175],"[0, 0, 1, 0]"
313.89997077,,23153,,1583006618,751477003,"""Soft Sip""",[0.28381088376045227],"[0, 0, 1, 0]"
313.905939579,,23154,,1583006618,757983922,"""Soft Sip""",[0.2946690618991852],"[0, 0, 1, 0]"
313.90869379,,23155,,1583006618,765502929,"""Soft-Hard Sip Deadband""",[0.30549511313438416],"[0, 0, 0, 0]"
313.936803818,,23156,,1583006618,793562889,"""Soft-Hard Sip Deadband""",[0.3163532614707947],"[0, 0, 0, 0]"
313.953079462,,23157,,1583006618,809581995,"""Soft-Hard Sip Deadband""",[0.3272114396095276],"[0, 0, 0, 0]"
313.968753338,,23158,,1583006618,825581073,"""Soft-Hard Sip Deadband""",[0.3380695879459381],"[0, 0, 0, 0]"
313.978881836,,23159,,1583006618,835516929,"""Soft-Hard Sip Deadband""",[0.348927766084671],"[0, 0, 0, 0]"
313.984713078,,23160,,1583006618,841569900,"""Soft-Hard Sip Deadband""",[0.3597537875175476],"[0, 0, 0, 0]"
313.992530584,,23161,,1583006618,849514961,"""Soft-Hard Sip Deadband""",[0.3706119656562805],"[0, 0, 0, 0]"
314.000469208,,23162,,1583006618,857496976,"""Soft-Hard Sip Deadband""",[0.38147011399269104],"[0, 0, 0, 0]"
314.020787477,,23163,,1583006618,877572059,"""Soft-Hard Sip Deadband""",[0.39232829213142395],"[0, 0, 0, 0]"
314.058452129,,23164,,1583006618,915535926,"""Soft-Hard Sip Deadband""",[0.38147011399269104],"[0, 0, 0, 0]"
314.066678047,,23165,,1583006618,923605918,"""Soft-Hard Sip Deadband""",[0.3706119656562805],"[0, 0, 0, 0]"
314.070282936,,23166,,1583006618,927470922,"""Soft-Hard Sip Deadband""",[0.3597537875175476],"[0, 0, 0, 0]"
314.074321032,,23167,,1583006618,931451082,"""Soft-Hard Sip Deadband""",[0.348927766084671],"[0, 0, 0, 0]"
314.080404043,,23168,,1583006618,937500000,"""Soft-Hard Sip Deadband""",[0.3380695879459381],"[0, 0, 0, 0]"
314.084286451,,23169,,1583006618,941493034,"""Soft-Hard Sip Deadband""",[0.3272114396095276],"[0, 0, 0, 0]"
314.088454723,,23170,,1583006618,945519924,"""Soft-Hard Sip Deadband""",[0.3163532614707947],"[0, 0, 0, 0]"
314.092227697,,23171,,1583006618,949454069,"""Soft-Hard Sip Deadband""",[0.30549511313438416],"[0, 0, 0, 0]"
314.100499868,,23172,,1583006618,953480958,"""Soft Sip""",[0.2946690618991852],"[0, 0, 1, 0]"
314.105166674,,23173,,1583006618,958551883,"""Soft Sip""",[0.28381088376045227],"[0, 0, 1, 0]"
314.110896826,,23174,,1583006618,963228940,"""Soft Sip""",[0.27295273542404175],"[0, 0, 1, 0]"
314.117575884,,23175,,1583006618,968956947,"""Soft Sip""",[0.26209455728530884],"[0, 0, 1, 0]"
314.12224865,,23176,,1583006618,975680112,"""Soft Sip""",[0.2512364089488983],"[0, 0, 1, 0]"
314.128151655,,23177,,1583006618,980298042,"""Soft Sip""",[0.2403782308101654],"[0, 0, 1, 0]"
314.135504484,,23178,,1583006618,986282110,"""Soft Sip""",[0.22955219447612762],"[0, 0, 1, 0]"
314.140446663,,23179,,1583006618,993603944,"""Soft Sip""",[0.2186940312385559],"[0, 0, 1, 0]"
314.145893335,,23180,,1583006618,998553991,"""Soft Sip""",[0.2078358680009842],"[0, 0, 1, 0]"
314.156174421,,23181,,1583006619,7622957,"""Soft Sip""",[0.19697770476341248],"[0, 0, 1, 0]"
314.166416883,,23182,,1583006619,17549991,"""Soft Sip""",[0.18611954152584076],"[0, 0, 1, 0]"
314.199244976,,23183,,1583006619,49572944,"""Soft Sip""",[0.17529350519180298],"[0, 0, 1, 0]"
314.204010725,,23184,,1583006619,57318925,"""Soft Sip""",[0.18611954152584076],"[0, 0, 1, 0]"
314.224246979,,23185,,1583006619,75599908,"""Soft Sip""",[0.19697770476341248],"[0, 0, 1, 0]"
314.236809492,,23186,,1583006619,87564945,"""Soft Sip""",[0.2078358680009842],"[0, 0, 1, 0]"
314.248288631,,23187,,1583006619,99520921,"""Soft Sip""",[0.2186940312385559],"[0, 0, 1, 0]"
314.258325338,,23188,,1583006619,109538078,"""Soft Sip""",[0.22955219447612762],"[0, 0, 1, 0]"
314.263554096,,23189,,1583006619,116374969,"""Soft Sip""",[0.2186940312385559],"[0, 0, 1, 0]"
314.269509077,,23190,,1583006619,121625900,"""Soft Sip""",[0.22955219447612762],"[0, 0, 1, 0]"
314.292871237,,23191,,1583006619,145596027,"""Soft Sip""",[0.2403782308101654],"[0, 0, 1, 0]"
314.333122492,,23192,,1583006619,185616016,"""Soft Sip""",[0.2512364089488983],"[0, 0, 1, 0]"
314.353645325,,23193,,1583006619,205548048,"""Soft Sip""",[0.26209455728530884],"[0, 0, 1, 0]"
314.365342379,,23194,,1583006619,217534065,"""Soft Sip""",[0.27295273542404175],"[0, 0, 1, 0]"
314.380587101,,23195,,1583006619,231584072,"""Soft Sip""",[0.28381088376045227],"[0, 0, 1, 0]"
314.423572779,,23196,,1583006619,275623083,"""Soft Sip""",[0.2946690618991852],"[0, 0, 1, 0]"
314.434846878,,23197,,1583006619,291625022,"""Soft-Hard Sip Deadband""",[0.30549511313438416],"[0, 0, 0, 0]"
314.447081566,,23198,,1583006619,303600072,"""Soft-Hard Sip Deadband""",[0.3163532614707947],"[0, 0, 0, 0]"
314.476761818,,23199,,1583006619,333616971,"""Soft-Hard Sip Deadband""",[0.3272114396095276],"[0, 0, 0, 0]"
314.478273869,,23200,,1583006619,335473060,"""Soft-Hard Sip Deadband""",[0.3163532614707947],"[0, 0, 0, 0]"
314.486612082,,23201,,1583006619,343559026,"""Soft-Hard Sip Deadband""",[0.3272114396095276],"[0, 0, 0, 0]"
314.488264799,,23202,,1583006619,345488071,"""Soft-Hard Sip Deadband""",[0.3163532614707947],"[0, 0, 0, 0]"
314.510902882,,23203,,1583006619,367640972,"""Soft-Hard Sip Deadband""",[0.3272114396095276],"[0, 0, 0, 0]"
314.540593624,,23204,,1583006619,397555112,"""Soft-Hard Sip Deadband""",[0.3380695879459381],"[0, 0, 0, 0]"
314.554819584,,23205,,1583006619,411593914,"""Soft-Hard Sip Deadband""",[0.3272114396095276],"[0, 0, 0, 0]"
314.558345318,,23206,,1583006619,415477037,"""Soft-Hard Sip Deadband""",[0.3380695879459381],"[0, 0, 0, 0]"
314.564722776,,23207,,1583006619,421547889,"""Soft-Hard Sip Deadband""",[0.3272114396095276],"[0, 0, 0, 0]"
314.566398382,,23208,,1583006619,423499107,"""Soft-Hard Sip Deadband""",[0.3380695879459381],"[0, 0, 0, 0]"
314.568339825,,23209,,1583006619,425471067,"""Soft-Hard Sip Deadband""",[0.3272114396095276],"[0, 0, 0, 0]"
314.572397232,,23210,,1583006619,429482936,"""Soft-Hard Sip Deadband""",[0.3380695879459381],"[0, 0, 0, 0]"
314.580415964,,23211,,1583006619,437524080,"""Soft-Hard Sip Deadband""",[0.3272114396095276],"[0, 0, 0, 0]"
314.602758884,,23212,,1583006619,459606885,"""Soft-Hard Sip Deadband""",[0.3163532614707947],"[0, 0, 0, 0]"
314.632863283,,23213,,1583006619,489628076,"""Soft-Hard Sip Deadband""",[0.30549511313438416],"[0, 0, 0, 0]"
314.650132418,,23214,,1583006619,501533031,"""Soft Sip""",[0.2946690618991852],"[0, 0, 1, 0]"
314.651045561,,23215,,1583006619,508217096,"""Soft-Hard Sip Deadband""",[0.30549511313438416],"[0, 0, 0, 0]"
314.656807184,,23216,,1583006619,509027004,"""Soft Sip""",[0.2946690618991852],"[0, 0, 1, 0]"
314.718886614,,23217,,1583006619,575593948,"""Soft-Hard Sip Deadband""",[0.30549511313438416],"[0, 0, 0, 0]"
314.733113289,,23218,,1583006619,589664936,"""Soft-Hard Sip Deadband""",[0.3163532614707947],"[0, 0, 0, 0]"
314.74881959,,23219,,1583006619,605607032,"""Soft-Hard Sip Deadband""",[0.3272114396095276],"[0, 0, 0, 0]"
314.762571573,,23220,,1583006619,619560956,"""Soft-Hard Sip Deadband""",[0.3380695879459381],"[0, 0, 0, 0]"
314.780754805,,23221,,1583006619,637566089,"""Soft-Hard Sip Deadband""",[0.348927766084671],"[0, 0, 0, 0]"
314.806824684,,23222,,1583006619,663628101,"""Soft-Hard Sip Deadband""",[0.3380695879459381],"[0, 0, 0, 0]"
314.82445693,,23223,,1583006619,681535959,"""Soft-Hard Sip Deadband""",[0.3272114396095276],"[0, 0, 0, 0]"
314.832876205,,23224,,1583006619,689582109,"""Soft-Hard Sip Deadband""",[0.3163532614707947],"[0, 0, 0, 0]"
314.83423686,,23225,,1583006619,691468954,"""Soft-Hard Sip Deadband""",[0.30549511313438416],"[0, 0, 0, 0]"
314.847198248,,23226,,1583006619,699491977,"""Soft Sip""",[0.2946690618991852],"[0, 0, 1, 0]"
314.857818127,,23227,,1583006619,707500934,"""Soft Sip""",[0.28381088376045227],"[0, 0, 1, 0]"
314.86533761,,23228,,1583006619,715728998,"""Soft Sip""",[0.27295273542404175],"[0, 0, 1, 0]"
314.873274565,,23229,,1583006619,723396062,"""Soft Sip""",[0.26209455728530884],"[0, 0, 1, 0]"
314.880012512,,23230,,1583006619,731295108,"""Soft Sip""",[0.2512364089488983],"[0, 0, 1, 0]"
314.886838198,,23231,,1583006619,738128900,"""Soft Sip""",[0.2403782308101654],"[0, 0, 1, 0]"
314.892254829,,23232,,1583006619,744930982,"""Soft Sip""",[0.22955219447612762],"[0, 0, 1, 0]"
314.900010824,,23233,,1583006619,750228881,"""Soft Sip""",[0.2186940312385559],"[0, 0, 1, 0]"
314.906659365,,23234,,1583006619,758085966,"""Soft Sip""",[0.2078358680009842],"[0, 0, 1, 0]"
314.91229701,,23235,,1583006619,764626979,"""Soft Sip""",[0.19697770476341248],"[0, 0, 1, 0]"
314.919254065,,23236,,1583006619,770360946,"""Soft Sip""",[0.18611954152584076],"[0, 0, 1, 0]"
314.92492342,,23237,,1583006619,777256965,"""Soft Sip""",[0.17529350519180298],"[0, 0, 1, 0]"
314.930253267,,23238,,1583006619,782987117,"""Soft Sip""",[0.16443534195423126],"[0, 0, 1, 0]"
314.936079264,,23239,,1583006619,788237094,"""Soft Sip""",[0.15357716381549835],"[0, 0, 1, 0]"
314.941970348,,23240,,1583006619,794159889,"""Soft Sip""",[0.14271900057792664],"[0, 0, 1, 0]"
314.947311401,,23241,,1583006619,800030946,"""Soft Sip""",[0.13186083734035492],"[0, 0, 1, 0]"
314.953455448,,23242,,1583006619,805474042,"""Soft Sip""",[0.14271900057792664],"[0, 0, 1, 0]"
314.964775801,,23243,,1583006619,817593097,"""Soft Sip""",[0.15357716381549835],"[0, 0, 1, 0]"
314.97536087,,23244,,1583006619,827610969,"""Soft Sip""",[0.16443534195423126],"[0, 0, 1, 0]"
314.982511282,,23245,,1583006619,835477113,"""Soft Sip""",[0.17529350519180298],"[0, 0, 1, 0]"
314.991482496,,23246,,1583006619,843521118,"""Soft Sip""",[0.18611954152584076],"[0, 0, 1, 0]"
314.99906373,,23247,,1583006619,851516962,"""Soft Sip""",[0.19697770476341248],"[0, 0, 1, 0]"
315.005604982,,23248,,1583006619,857495069,"""Soft Sip""",[0.2078358680009842],"[0, 0, 1, 0]"
315.011341572,,23249,,1583006619,863713026,"""Soft Sip""",[0.2186940312385559],"[0, 0, 1, 0]"
315.022988558,,23250,,1583006619,875482082,"""Soft Sip""",[0.22955219447612762],"[0, 0, 1, 0]"
315.03949666,,23251,,1583006619,891613960,"""Soft Sip""",[0.2403782308101654],"[0, 0, 1, 0]"
315.083303452,,23252,,1583006619,935583114,"""Soft Sip""",[0.22955219447612762],"[0, 0, 1, 0]"
315.091193914,,23253,,1583006619,943495035,"""Soft Sip""",[0.2186940312385559],"[0, 0, 1, 0]"
315.097626686,,23254,,1583006619,949477910,"""Soft Sip""",[0.2078358680009842],"[0, 0, 1, 0]"
315.104168653,,23255,,1583006619,955653905,"""Soft Sip""",[0.19697770476341248],"[0, 0, 1, 0]"
315.109045506,,23256,,1583006619,962276935,"""Soft Sip""",[0.18611954152584076],"[0, 0, 1, 0]"
315.115503311,,23257,,1583006619,967089891,"""Soft Sip""",[0.17529350519180298],"[0, 0, 1, 0]"
315.120322704,,23258,,1583006619,973546028,"""Soft Sip""",[0.16443534195423126],"[0, 0, 1, 0]"
315.125783443,,23259,,1583006619,978373050,"""Soft Sip""",[0.15357716381549835],"[0, 0, 1, 0]"
315.132113218,,23260,,1583006619,983853101,"""Soft Sip""",[0.14271900057792664],"[0, 0, 1, 0]"
315.137916803,,23261,,1583006619,990217924,"""Soft Sip""",[0.13186083734035492],"[0, 0, 1, 0]"
315.143322706,,23262,,1583006619,995929956,"""Soft Sip""",[0.12103480100631714],"[0, 0, 1, 0]"
315.150377512,,23263,,1583006620,1416921,"""Soft Sip""",[0.11017663776874542],"[0, 0, 1, 0]"
315.155158758,,23264,,1583006620,8397102,"""Soft Sip""",[0.0993184745311737],"[0, 0, 1, 0]"
315.161866188,,23265,,1583006620,13221025,"""Soft Sip""",[0.08846031129360199],"[0, 0, 1, 0]"
315.168298483,,23266,,1583006620,19944906,"""Soft Sip""",[0.07760214805603027],"[0, 0, 1, 0]"
315.173897505,,23267,,1583006620,26316881,"""Soft Sip""",[0.06674397736787796],"[0, 0, 1, 0]"
315.18054986,,23268,,1583006620,31899929,"""Soft Sip""",[0.05591794103384018],"[0, 0, 1, 0]"
315.186358452,,23269,,1583006620,38650989,"""Soft Sip""",[0.04505977779626846],"[0, 0, 1, 0]"
315.191637278,,23270,,1583006620,44420003,"""Soft Sip""",[0.03420161083340645],"[0, 0, 1, 0]"
315.198220968,,23271,,1583006620,49612998,"""Soft Sip""",[0.023343447595834732],"[0, 0, 1, 0]"
315.204697609,,23272,,1583006620,56195974,"""Soft Sip""",[0.012485282495617867],"[0, 0, 1, 0]"
315.205608606,,23273,,1583006620,62772035,"""Zero Band""",[0.0016592431347817183],"[0, 0, 0, 0]"
315.206382036,,23274,,1583006620,63637018,"""Zero Band""",[-0.0],"[0, 0, 0, 0]"
315.240791082,,23275,,1583006620,97596883,"""Zero Band""",[-0.0],"[0, 0, 0, 0]"
315.260703802,,23276,,1583006620,117602109,"""Zero Band""",[-0.0],"[0, 0, 0, 0]"
315.264763355,,23277,,1583006620,121573925,"""Zero Band""",[-0.0],"[0, 0, 0, 0]"
315.266596794,,23278,,1583006620,123532056,"""Zero Band""",[-0.0],"[0, 0, 0, 0]"
315.274493456,,23279,,1583006620,131489038,"""Zero Band""",[-0.0],"[0, 0, 0, 0]"
315.276319981,,23280,,1583006620,133456945,"""Zero Band""",[-0.0],"[0, 0, 0, 0]"
315.316835165,,23281,,1583006620,173650979,"""Zero Band""",[-0.0],"[0, 0, 0, 0]"
315.318207026,,23282,,1583006620,175473928,"""Zero Band""",[-0.0],"[0, 0, 0, 0]"
315.320341825,,23283,,1583006620,177480936,"""Zero Band""",[-0.0],"[0, 0, 0, 0]"
315.332841396,,23284,,1583006620,189595937,"""Zero Band""",[-0.0],"[0, 0, 0, 0]"
315.375504732,,23285,,1583006620,232501983,"""Zero Band""",[-0.0],"[0, 0, 0, 0]"
315.375609398,,23286,,1583006620,232501983,"""input stopped""",[-0.0],"[0, 0, 0, 0]"
315.613747358,,23287,,1583006620,470499992,"""Zero Band""",[-0.0],"[0, 0, 0, 0]"
315.628592491,,23288,,1583006620,485567092,"""Zero Band""",[-0.0],"[0, 0, 0, 0]"
315.636747599,,23289,,1583006620,493558883,"""Zero Band""",[-0.0],"[0, 0, 0, 0]"
315.644745111,,23290,,1583006620,501482963,"""Zero Band""",[-0.0],"[0, 0, 0, 0]"
315.650694847,,23291,,1583006620,507582902,"""Zero Band""",[-0.0],"[0, 0, 0, 0]"
315.656373501,,23292,,1583006620,513473033,"""Zero Band""",[0.0016592431347817183],"[0, 0, 0, 0]"
315.666825771,,23293,,1583006620,519459009,"""Soft Sip""",[0.012485282495617867],"[0, 0, 1, 0]"
315.67143774,,23294,,1583006620,524880886,"""Soft Sip""",[0.023343447595834732],"[0, 0, 1, 0]"
315.678064346,,23295,,1583006620,529490947,"""Soft Sip""",[0.03420161083340645],"[0, 0, 1, 0]"
315.685044765,,23296,,1583006620,536142110,"""Soft Sip""",[0.04505977779626846],"[0, 0, 1, 0]"
315.689721107,,23297,,1583006620,543097019,"""Soft Sip""",[0.05591794103384018],"[0, 0, 1, 0]"
315.696123838,,23298,,1583006620,547736883,"""Soft Sip""",[0.06674397736787796],"[0, 0, 1, 0]"
315.703131437,,23299,,1583006620,554137945,"""Soft Sip""",[0.07760214805603027],"[0, 0, 1, 0]"
315.708697557,,23300,,1583006620,561258077,"""Soft Sip""",[0.08846031129360199],"[0, 0, 1, 0]"
315.71429944,,23301,,1583006620,566668987,"""Soft Sip""",[0.0993184745311737],"[0, 0, 1, 0]"
315.720074654,,23302,,1583006620,572279930,"""Soft Sip""",[0.11017663776874542],"[0, 0, 1, 0]"
315.724960566,,23303,,1583006620,578048944,"""Soft Sip""",[0.12103480100631714],"[0, 0, 1, 0]"
315.732188702,,23304,,1583006620,583036899,"""Soft Sip""",[0.13186083734035492],"[0, 0, 1, 0]"
315.738373756,,23305,,1583006620,590171098,"""Soft Sip""",[0.14271900057792664],"[0, 0, 1, 0]"
315.744339705,,23306,,1583006620,596476078,"""Soft Sip""",[0.15357716381549835],"[0, 0, 1, 0]"
315.750347614,,23307,,1583006620,602199077,"""Soft Sip""",[0.16443534195423126],"[0, 0, 1, 0]"
315.754949331,,23308,,1583006620,608110904,"""Soft Sip""",[0.17529350519180298],"[0, 0, 1, 0]"
315.761758327,,23309,,1583006620,612921953,"""Soft Sip""",[0.18611954152584076],"[0, 0, 1, 0]"
315.767154455,,23310,,1583006620,619507074,"""Soft Sip""",[0.19697770476341248],"[0, 0, 1, 0]"
315.77247262,,23311,,1583006620,625231027,"""Soft Sip""",[0.2078358680009842],"[0, 0, 1, 0]"
315.77858758,,23312,,1583006620,630456924,"""Soft Sip""",[0.2186940312385559],"[0, 0, 1, 0]"
315.7843225,,23313,,1583006620,636567115,"""Soft Sip""",[0.22955219447612762],"[0, 0, 1, 0]"
315.790386677,,23314,,1583006620,642395973,"""Soft Sip""",[0.2403782308101654],"[0, 0, 1, 0]"
315.798206806,,23315,,1583006620,648396968,"""Soft Sip""",[0.2512364089488983],"[0, 0, 1, 0]"
315.803514719,,23316,,1583006620,656174898,"""Soft Sip""",[0.26209455728530884],"[0, 0, 1, 0]"
315.808108091,,23317,,1583006620,661597013,"""Soft Sip""",[0.27295273542404175],"[0, 0, 1, 0]"
315.813947201,,23318,,1583006620,666085004,"""Soft Sip""",[0.26209455728530884],"[0, 0, 1, 0]"
315.81877327,,23319,,1583006620,672029972,"""Soft Sip""",[0.2512364089488983],"[0, 0, 1, 0]"
315.824486017,,23320,,1583006620,676860094,"""Soft Sip""",[0.2403782308101654],"[0, 0, 1, 0]"
315.831989765,,23321,,1583006620,682588100,"""Soft Sip""",[0.22955219447612762],"[0, 0, 1, 0]"
315.837654591,,23322,,1583006620,690053939,"""Soft Sip""",[0.2186940312385559],"[0, 0, 1, 0]"
315.844655752,,23323,,1583006620,695739030,"""Soft Sip""",[0.2078358680009842],"[0, 0, 1, 0]"
315.851575375,,23324,,1583006620,702708959,"""Soft Sip""",[0.19697770476341248],"[0, 0, 1, 0]"
315.857566595,,23325,,1583006620,709671020,"""Soft Sip""",[0.18611954152584076],"[0, 0, 1, 0]"
315.880249739,,23326,,1583006620,731606006,"""Soft Sip""",[0.19697770476341248],"[0, 0, 1, 0]"
315.886641502,,23327,,1583006620,739507913,"""Soft Sip""",[0.2078358680009842],"[0, 0, 1, 0]"
315.893634319,,23328,,1583006620,745529890,"""Soft Sip""",[0.2186940312385559],"[0, 0, 1, 0]"
315.899131298,,23329,,1583006620,751737117,"""Soft Sip""",[0.22955219447612762],"[0, 0, 1, 0]"
315.904133081,,23330,,1583006620,757194042,"""Soft Sip""",[0.2403782308101654],"[0, 0, 1, 0]"
315.909697771,,23331,,1583006620,762172937,"""Soft Sip""",[0.2512364089488983],"[0, 0, 1, 0]"
315.916735411,,23332,,1583006620,767688035,"""Soft Sip""",[0.26209455728530884],"[0, 0, 1, 0]"
315.921375751,,23333,,1583006620,774784088,"""Soft Sip""",[0.27295273542404175],"[0, 0, 1, 0]"
315.927610397,,23334,,1583006620,779479026,"""Soft Sip""",[0.28381088376045227],"[0, 0, 1, 0]"
315.933981895,,23335,,1583006620,785816907,"""Soft Sip""",[0.2946690618991852],"[0, 0, 1, 0]"
315.934667826,,23336,,1583006620,791738033,"""Soft-Hard Sip Deadband""",[0.30549511313438416],"[0, 0, 0, 0]"
315.935527802,,23337,,1583006620,792685985,"""Soft-Hard Sip Deadband""",[0.3163532614707947],"[0, 0, 0, 0]"
315.936277151,,23338,,1583006620,793592929,"""Soft-Hard Sip Deadband""",[0.3272114396095276],"[0, 0, 0, 0]"
315.937007904,,23339,,1583006620,794255971,"""Soft-Hard Sip Deadband""",[0.3380695879459381],"[0, 0, 0, 0]"
315.93767643,,23340,,1583006620,794985055,"""Soft-Hard Sip Deadband""",[0.348927766084671],"[0, 0, 0, 0]"
315.938333988,,23341,,1583006620,795691013,"""Soft-Hard Sip Deadband""",[0.3597537875175476],"[0, 0, 0, 0]"
315.939060211,,23342,,1583006620,796389102,"""Soft-Hard Sip Deadband""",[0.3706119656562805],"[0, 0, 0, 0]"
315.939775229,,23343,,1583006620,797036886,"""Soft-Hard Sip Deadband""",[0.38147011399269104],"[0, 0, 0, 0]"
315.940446854,,23344,,1583006620,797756910,"""Soft-Hard Sip Deadband""",[0.39232829213142395],"[0, 0, 0, 0]"
315.942416668,,23345,,1583006620,799468994,"""Soft-Hard Sip Deadband""",[0.4031864404678345],"[0, 0, 0, 0]"
315.946941853,,23346,,1583006620,803601026,"""Soft-Hard Sip Deadband""",[0.4140446186065674],"[0, 0, 0, 0]"
315.948354721,,23347,,1583006620,805463075,"""Soft-Hard Sip Deadband""",[0.42487066984176636],"[0, 0, 0, 0]"
315.950443745,,23348,,1583006620,807538032,"""Soft-Hard Sip Deadband""",[0.4357288181781769],"[0, 0, 0, 0]"
315.952201605,,23349,,1583006620,809508085,"""Soft-Hard Sip Deadband""",[0.4465869963169098],"[0, 0, 0, 0]"
315.956372738,,23350,,1583006620,813467025,"""Soft-Hard Sip Deadband""",[0.4683033227920532],"[0, 0, 0, 0]"
315.958279133,,23351,,1583006620,815454959,"""Soft-Hard Sip Deadband""",[0.4791293442249298],"[0, 0, 0, 0]"
315.966016531,,23352,,1583006620,817557096,"""Zero Band""",[0.5008456707000732],"[0, 0, 0, 0]"
315.97125864,,23353,,1583006620,824044942,"""Zero Band""",[0.5117038488388062],"[0, 0, 0, 0]"
315.976975918,,23354,,1583006620,829336881,"""Zero Band""",[0.533388078212738],"[0, 0, 0, 0]"
315.982708931,,23355,,1583006620,835047006,"""Zero Band""",[0.5442461967468262],"[0, 0, 0, 0]"
315.987518787,,23356,,1583006620,840795993,"""Zero Band""",[0.565962553024292],"[0, 0, 0, 0]"
315.993890047,,23357,,1583006620,845500946,"""Zero Band""",[0.587678849697113],"[0, 0, 0, 0]"
316.000258446,,23358,,1583006620,851870059,"""Zero Band""",[0.598504900932312],"[0, 0, 0, 0]"
316.004906654,,23359,,1583006620,858362913,"""Zero Band""",[0.6202212572097778],"[0, 0, 0, 0]"
316.010737896,,23360,,1583006620,862884998,"""Zero Band""",[0.6419375538825989],"[0, 0, 0, 0]"
316.017251492,,23361,,1583006620,868869066,"""Zero Band""",[0.6527636051177979],"[0, 0, 0, 0]"
316.022156239,,23362,,1583006620,875272989,"""Zero Band""",[0.6636217832565308],"[0, 0, 0, 0]"
316.027945995,,23363,,1583006620,880189895,"""Zero Band""",[0.6744799613952637],"[0, 0, 0, 0]"
316.03301096,,23364,,1583006620,885902881,"""Zero Band""",[0.6853380799293518],"[0, 0, 0, 0]"
316.039113045,,23365,,1583006620,891000032,"""Zero Band""",[0.6961962580680847],"[0, 0, 0, 0]"
316.045469046,,23366,,1583006620,896855115,"""Zero Band""",[0.7070544362068176],"[0, 0, 0, 0]"
316.050571918,,23367,,1583006620,903435945,"""Zero Band""",[0.7178804874420166],"[0, 0, 0, 0]"
316.05510664,,23368,,1583006620,908649921,"""Zero Band""",[0.7287386655807495],"[0, 0, 0, 0]"
316.061856508,,23369,,1583006620,913110971,"""Zero Band""",[0.7395967841148376],"[0, 0, 0, 0]"
316.067681313,,23370,,1583006620,919995069,"""Zero Band""",[0.7504549622535706],"[0, 0, 0, 0]"
316.072175503,,23371,,1583006620,925687074,"""Zero Band""",[0.7395967841148376],"[0, 0, 0, 0]"
316.078095675,,23372,,1583006620,930221080,"""Zero Band""",[0.7287386655807495],"[0, 0, 0, 0]"
316.08366704,,23373,,1583006620,936120986,"""Zero Band""",[0.7178804874420166],"[0, 0, 0, 0]"
316.08868289,,23374,,1583006620,941677093,"""Zero Band""",[0.7070544362068176],"[0, 0, 0, 0]"
316.094063044,,23375,,1583006620,946655988,"""Zero Band""",[0.6961962580680847],"[0, 0, 0, 0]"
316.099253893,,23376,,1583006620,952039003,"""Zero Band""",[0.6853380799293518],"[0, 0, 0, 0]"
316.104557276,,23377,,1583006620,957259893,"""Zero Band""",[0.6744799613952637],"[0, 0, 0, 0]"
316.110450506,,23378,,1583006620,962528944,"""Zero Band""",[0.6636217832565308],"[0, 0, 0, 0]"
316.11643672,,23379,,1583006620,968456029,"""Zero Band""",[0.6419375538825989],"[0, 0, 0, 0]"
316.121222019,,23380,,1583006620,974272966,"""Zero Band""",[0.6310794353485107],"[0, 0, 0, 0]"
316.126099348,,23381,,1583006620,979428052,"""Zero Band""",[0.6202212572097778],"[0, 0, 0, 0]"
316.132509232,,23382,,1583006620,984085083,"""Zero Band""",[0.598504900932312],"[0, 0, 0, 0]"
316.138150215,,23383,,1583006620,990226984,"""Zero Band""",[0.587678849697113],"[0, 0, 0, 0]"
316.144888401,,23384,,1583006620,996150970,"""Zero Band""",[0.565962553024292],"[0, 0, 0, 0]"
316.151171684,,23385,,1583006621,2856969,"""Zero Band""",[0.5551043748855591],"[0, 0, 0, 0]"
316.157951832,,23386,,1583006621,9145975,"""Zero Band""",[0.533388078212738],"[0, 0, 0, 0]"
316.163462639,,23387,,1583006621,15923976,"""Zero Band""",[0.5117038488388062],"[0, 0, 0, 0]"
316.168489456,,23388,,1583006621,21441936,"""Zero Band""",[0.5008456707000732],"[0, 0, 0, 0]"
316.169734716,,23389,,1583006621,26483058,"""Soft-Hard Sip Deadband""",[0.4791293442249298],"[0, 0, 0, 0]"
316.170948505,,23390,,1583006621,27698993,"""Soft-Hard Sip Deadband""",[0.4683033227920532],"[0, 0, 0, 0]"
316.172003508,,23391,,1583006621,28915882,"""Soft-Hard Sip Deadband""",[0.4357288181781769],"[0, 0, 0, 0]"
316.17284441,,23392,,1583006621,29973030,"""Soft-Hard Sip Deadband""",[0.42487066984176636],"[0, 0, 0, 0]"
316.173621893,,23393,,1583006621,30808925,"""Soft-Hard Sip Deadband""",[0.4031864404678345],"[0, 0, 0, 0]"
316.17438221,,23394,,1583006621,31595945,"""Soft-Hard Sip Deadband""",[0.38147011399269104],"[0, 0, 0, 0]"
316.175138712,,23395,,1583006621,32366991,"""Soft-Hard Sip Deadband""",[0.3706119656562805],"[0, 0, 0, 0]"
316.17591691,,23396,,1583006621,33116102,"""Soft-Hard Sip Deadband""",[0.348927766084671],"[0, 0, 0, 0]"
316.176643372,,23397,,1583006621,33893108,"""Soft-Hard Sip Deadband""",[0.3380695879459381],"[0, 0, 0, 0]"
316.177393913,,23398,,1583006621,34624099,"""Soft-Hard Sip Deadband""",[0.3163532614707947],"[0, 0, 0, 0]"
316.178160667,,23399,,1583006621,35372018,"""Soft-Hard Sip Deadband""",[0.30549511313438416],"[0, 0, 0, 0]"
316.182941437,,23400,,1583006621,36124944,"""Soft Sip""",[0.28381088376045227],"[0, 0, 1, 0]"
316.18954277,,23401,,1583006621,41134119,"""Soft Sip""",[0.27295273542404175],"[0, 0, 1, 0]"
316.194315672,,23402,,1583006621,47509908,"""Soft Sip""",[0.2512364089488983],"[0, 0, 1, 0]"
316.198922634,,23403,,1583006621,52218914,"""Soft Sip""",[0.2403782308101654],"[0, 0, 1, 0]"
316.205058098,,23404,,1583006621,56900024,"""Soft Sip""",[0.22955219447612762],"[0, 0, 1, 0]"
316.210519314,,23405,,1583006621,63035011,"""Soft Sip""",[0.2186940312385559],"[0, 0, 1, 0]"
316.21669507,,23406,,1583006621,68487882,"""Soft Sip""",[0.2078358680009842],"[0, 0, 1, 0]"
316.223026276,,23407,,1583006621,74681997,"""Soft Sip""",[0.19697770476341248],"[0, 0, 1, 0]"
316.228454113,,23408,,1583006621,81032991,"""Soft Sip""",[0.17529350519180298],"[0, 0, 1, 0]"
316.233432055,,23409,,1583006621,86436986,"""Soft Sip""",[0.16443534195423126],"[0, 0, 1, 0]"
316.239218712,,23410,,1583006621,91398954,"""Soft Sip""",[0.15357716381549835],"[0, 0, 1, 0]"
316.244666815,,23411,,1583006621,97186088,"""Soft Sip""",[0.14271900057792664],"[0, 0, 1, 0]"
316.249985218,,23412,,1583006621,102639913,"""Soft Sip""",[0.13186083734035492],"[0, 0, 1, 0]"
316.256106138,,23413,,1583006621,107883930,"""Soft Sip""",[0.12103480100631714],"[0, 0, 1, 0]"
316.262450457,,23414,,1583006621,113959074,"""Soft Sip""",[0.11017663776874542],"[0, 0, 1, 0]"
316.26888895,,23415,,1583006621,120443105,"""Soft Sip""",[0.0993184745311737],"[0, 0, 1, 0]"
316.273910999,,23416,,1583006621,126872062,"""Soft Sip""",[0.08846031129360199],"[0, 0, 1, 0]"
316.279639244,,23417,,1583006621,132163047,"""Soft Sip""",[0.07760214805603027],"[0, 0, 1, 0]"
316.285146236,,23418,,1583006621,137547016,"""Soft Sip""",[0.06674397736787796],"[0, 0, 1, 0]"
316.290722609,,23419,,1583006621,143132925,"""Soft Sip""",[0.07760214805603027],"[0, 0, 1, 0]"
316.295840263,,23420,,1583006621,148704051,"""Soft Sip""",[0.08846031129360199],"[0, 0, 1, 0]"
316.302776814,,23421,,1583006621,153801918,"""Soft Sip""",[0.0993184745311737],"[0, 0, 1, 0]"
316.308482409,,23422,,1583006621,160756111,"""Soft Sip""",[0.11017663776874542],"[0, 0, 1, 0]"
316.313868284,,23423,,1583006621,166464090,"""Soft Sip""",[0.12103480100631714],"[0, 0, 1, 0]"
316.318836927,,23424,,1583006621,171848058,"""Soft Sip""",[0.13186083734035492],"[0, 0, 1, 0]"
316.323836803,,23425,,1583006621,176690101,"""Soft Sip""",[0.15357716381549835],"[0, 0, 1, 0]"
316.32889986,,23426,,1583006621,181818008,"""Soft Sip""",[0.16443534195423126],"[0, 0, 1, 0]"
316.334658623,,23427,,1583006621,186875104,"""Soft Sip""",[0.17529350519180298],"[0, 0, 1, 0]"
316.340829372,,23428,,1583006621,192522048,"""Soft Sip""",[0.19697770476341248],"[0, 0, 1, 0]"
316.346593857,,23429,,1583006621,198813915,"""Soft Sip""",[0.2078358680009842],"[0, 0, 1, 0]"
316.353024483,,23430,,1583006621,204566955,"""Soft Sip""",[0.2186940312385559],"[0, 0, 1, 0]"
316.358574152,,23431,,1583006621,210992097,"""Soft Sip""",[0.2403782308101654],"[0, 0, 1, 0]"
316.364808321,,23432,,1583006621,216552972,"""Soft Sip""",[0.2512364089488983],"[0, 0, 1, 0]"
316.370099306,,23433,,1583006621,222646951,"""Soft Sip""",[0.26209455728530884],"[0, 0, 1, 0]"
316.375021458,,23434,,1583006621,228112936,"""Soft Sip""",[0.27295273542404175],"[0, 0, 1, 0]"
316.380365849,,23435,,1583006621,233011007,"""Soft Sip""",[0.28381088376045227],"[0, 0, 1, 0]"
316.386564732,,23436,,1583006621,238225936,"""Soft Sip""",[0.2946690618991852],"[0, 0, 1, 0]"
316.387599468,,23437,,1583006621,244590997,"""Soft-Hard Sip Deadband""",[0.30549511313438416],"[0, 0, 0, 0]"
316.388477325,,23438,,1583006621,245583057,"""Soft-Hard Sip Deadband""",[0.3163532614707947],"[0, 0, 0, 0]"
316.389379978,,23439,,1583006621,246599912,"""Soft-Hard Sip Deadband""",[0.3272114396095276],"[0, 0, 0, 0]"
316.390448332,,23440,,1583006621,247391939,"""Soft-Hard Sip Deadband""",[0.3380695879459381],"[0, 0, 0, 0]"
316.391234875,,23441,,1583006621,248358964,"""Soft-Hard Sip Deadband""",[0.348927766084671],"[0, 0, 0, 0]"
316.392045021,,23442,,1583006621,249253988,"""Soft-Hard Sip Deadband""",[0.3597537875175476],"[0, 0, 0, 0]"
316.392802715,,23443,,1583006621,250011920,"""Soft-Hard Sip Deadband""",[0.3706119656562805],"[0, 0, 0, 0]"
316.39355278,,23444,,1583006621,250737905,"""Soft-Hard Sip Deadband""",[0.38147011399269104],"[0, 0, 0, 0]"
316.3941679,,23445,,1583006621,251420974,"""Soft-Hard Sip Deadband""",[0.39232829213142395],"[0, 0, 0, 0]"
316.394965649,,23446,,1583006621,252135992,"""Soft-Hard Sip Deadband""",[0.4031864404678345],"[0, 0, 0, 0]"
316.395787716,,23447,,1583006621,252958059,"""Soft-Hard Sip Deadband""",[0.4140446186065674],"[0, 0, 0, 0]"
316.396654844,,23448,,1583006621,253756046,"""Soft-Hard Sip Deadband""",[0.42487066984176636],"[0, 0, 0, 0]"
316.397589922,,23449,,1583006621,254755973,"""Soft-Hard Sip Deadband""",[0.4357288181781769],"[0, 0, 0, 0]"
316.398337603,,23450,,1583006621,255563974,"""Soft-Hard Sip Deadband""",[0.4465869963169098],"[0, 0, 0, 0]"
316.399243355,,23451,,1583006621,256427049,"""Soft-Hard Sip Deadband""",[0.4574451446533203],"[0, 0, 0, 0]"
316.399999619,,23452,,1583006621,257117033,"""Soft-Hard Sip Deadband""",[0.4683033227920532],"[0, 0, 0, 0]"
316.400811434,,23453,,1583006621,257901906,"""Soft-Hard Sip Deadband""",[0.4791293442249298],"[0, 0, 0, 0]"
316.401376724,,23454,,1583006621,258616924,"""Soft-Hard Sip Deadband""",[0.4899875223636627],"[0, 0, 0, 0]"
316.406142712,,23455,,1583006621,259330987,"""Zero Band""",[0.5008456707000732],"[0, 0, 0, 0]"
316.411231518,,23456,,1583006621,264117002,"""Zero Band""",[0.5117038488388062],"[0, 0, 0, 0]"
316.417882919,,23457,,1583006621,269210100,"""Zero Band""",[0.5225620269775391],"[0, 0, 0, 0]"
316.423756838,,23458,,1583006621,276020050,"""Zero Band""",[0.533388078212738],"[0, 0, 0, 0]"
316.42983532,,23459,,1583006621,281733036,"""Zero Band""",[0.5442461967468262],"[0, 0, 0, 0]"
316.436383247,,23460,,1583006621,287817001,"""Zero Band""",[0.5551043748855591],"[0, 0, 0, 0]"
316.441035509,,23461,,1583006621,294462919,"""Zero Band""",[0.565962553024292],"[0, 0, 0, 0]"
316.446068764,,23462,,1583006621,299006938,"""Zero Band""",[0.5768207311630249],"[0, 0, 0, 0]"
316.452338934,,23463,,1583006621,304040908,"""Zero Band""",[0.587678849697113],"[0, 0, 0, 0]"
316.458496094,,23464,,1583006621,310339927,"""Zero Band""",[0.598504900932312],"[0, 0, 0, 0]"
316.46423769,,23465,,1583006621,316593885,"""Zero Band""",[0.6093630790710449],"[0, 0, 0, 0]"
316.469684839,,23466,,1583006621,322208881,"""Zero Band""",[0.6202212572097778],"[0, 0, 0, 0]"
316.475363493,,23467,,1583006621,327790975,"""Zero Band""",[0.6093630790710449],"[0, 0, 0, 0]"
316.480835676,,23468,,1583006621,333339929,"""Zero Band""",[0.6202212572097778],"[0, 0, 0, 0]"
316.487698793,,23469,,1583006621,338815927,"""Zero Band""",[0.6093630790710449],"[0, 0, 0, 0]"
316.494570732,,23470,,1583006621,345788002,"""Zero Band""",[0.598504900932312],"[0, 0, 0, 0]"
316.500174046,,23471,,1583006621,352663040,"""Zero Band""",[0.587678849697113],"[0, 0, 0, 0]"
316.505313158,,23472,,1583006621,358167886,"""Zero Band""",[0.5768207311630249],"[0, 0, 0, 0]"
316.511028051,,23473,,1583006621,363408088,"""Zero Band""",[0.565962553024292],"[0, 0, 0, 0]"
316.516336441,,23474,,1583006621,369122028,"""Zero Band""",[0.5551043748855591],"[0, 0, 0, 0]"
316.521486521,,23475,,1583006621,374314069,"""Zero Band""",[0.5442461967468262],"[0, 0, 0, 0]"
316.527498007,,23476,,1583006621,379580020,"""Zero Band""",[0.533388078212738],"[0, 0, 0, 0]"
316.533790827,,23477,,1583006621,385559082,"""Zero Band""",[0.5225620269775391],"[0, 0, 0, 0]"
316.539036036,,23478,,1583006621,391798019,"""Zero Band""",[0.5117038488388062],"[0, 0, 0, 0]"
316.544243813,,23479,,1583006621,397080898,"""Zero Band""",[0.5008456707000732],"[0, 0, 0, 0]"
316.545428753,,23480,,1583006621,402323961,"""Soft-Hard Sip Deadband""",[0.4899875223636627],"[0, 0, 0, 0]"
316.546304464,,23481,,1583006621,403280973,"""Soft-Hard Sip Deadband""",[0.4791293442249298],"[0, 0, 0, 0]"
316.547070742,,23482,,1583006621,404334068,"""Soft-Hard Sip Deadband""",[0.4683033227920532],"[0, 0, 0, 0]"
316.554972887,,23483,,1583006621,411660909,"""Soft-Hard Sip Deadband""",[0.4574451446533203],"[0, 0, 0, 0]"
316.560544968,,23484,,1583006621,417534112,"""Soft-Hard Sip Deadband""",[0.4465869963169098],"[0, 0, 0, 0]"
316.564727545,,23485,,1583006621,421554088,"""Soft-Hard Sip Deadband""",[0.4357288181781769],"[0, 0, 0, 0]"
316.570462942,,23486,,1583006621,427490949,"""Soft-Hard Sip Deadband""",[0.42487066984176636],"[0, 0, 0, 0]"
316.572362185,,23487,,1583006621,429469108,"""Soft-Hard Sip Deadband""",[0.4140446186065674],"[0, 0, 0, 0]"
316.579138994,,23488,,1583006621,435570955,"""Soft-Hard Sip Deadband""",[0.4031864404678345],"[0, 0, 0, 0]"
316.580472469,,23489,,1583006621,437531948,"""Soft-Hard Sip Deadband""",[0.39232829213142395],"[0, 0, 0, 0]"
316.582190752,,23490,,1583006621,439471006,"""Soft-Hard Sip Deadband""",[0.38147011399269104],"[0, 0, 0, 0]"
316.586297512,,23491,,1583006621,443494081,"""Soft-Hard Sip Deadband""",[0.3706119656562805],"[0, 0, 0, 0]"
316.588358164,,23492,,1583006621,445461988,"""Soft-Hard Sip Deadband""",[0.3597537875175476],"[0, 0, 0, 0]"
316.590231657,,23493,,1583006621,447467088,"""Soft-Hard Sip Deadband""",[0.348927766084671],"[0, 0, 0, 0]"
316.592409611,,23494,,1583006621,449511051,"""Soft-Hard Sip Deadband""",[0.3380695879459381],"[0, 0, 0, 0]"
316.596506596,,23495,,1583006621,453525066,"""Soft-Hard Sip Deadband""",[0.3272114396095276],"[0, 0, 0, 0]"
316.59864378,,23496,,1583006621,455497026,"""Soft-Hard Sip Deadband""",[0.3163532614707947],"[0, 0, 0, 0]"
316.608795166,,23497,,1583006621,461529970,"""Soft Sip""",[0.2946690618991852],"[0, 0, 1, 0]"
316.615028381,,23498,,1583006621,466845989,"""Soft Sip""",[0.28381088376045227],"[0, 0, 1, 0]"
316.622217894,,23499,,1583006621,473093986,"""Soft Sip""",[0.27295273542404175],"[0, 0, 1, 0]"
316.627074242,,23500,,1583006621,480284929,"""Soft Sip""",[0.26209455728530884],"[0, 0, 1, 0]"
316.638138533,,23501,,1583006621,489587068,"""Soft Sip""",[0.27295273542404175],"[0, 0, 1, 0]"
316.647249699,,23502,,1583006621,499491930,"""Soft Sip""",[0.28381088376045227],"[0, 0, 1, 0]"
316.654155731,,23503,,1583006621,505505084,"""Soft Sip""",[0.2946690618991852],"[0, 0, 1, 0]"
316.655041933,,23504,,1583006621,512207031,"""Soft-Hard Sip Deadband""",[0.30549511313438416],"[0, 0, 0, 0]"
316.655909538,,23505,,1583006621,513077974,"""Soft-Hard Sip Deadband""",[0.3163532614707947],"[0, 0, 0, 0]"
316.658154011,,23506,,1583006621,515469074,"""Soft-Hard Sip Deadband""",[0.3272114396095276],"[0, 0, 0, 0]"
316.660249949,,23507,,1583006621,517457008,"""Soft-Hard Sip Deadband""",[0.3380695879459381],"[0, 0, 0, 0]"
316.664379835,,23508,,1583006621,521459102,"""Soft-Hard Sip Deadband""",[0.348927766084671],"[0, 0, 0, 0]"
316.666278601,,23509,,1583006621,523474931,"""Soft-Hard Sip Deadband""",[0.3597537875175476],"[0, 0, 0, 0]"
316.668787718,,23510,,1583006621,525521993,"""Soft-Hard Sip Deadband""",[0.3706119656562805],"[0, 0, 0, 0]"
316.670689344,,23511,,1583006621,527492046,"""Soft-Hard Sip Deadband""",[0.38147011399269104],"[0, 0, 0, 0]"
316.676420927,,23512,,1583006621,533536911,"""Soft-Hard Sip Deadband""",[0.39232829213142395],"[0, 0, 0, 0]"
316.678267002,,23513,,1583006621,535492897,"""Soft-Hard Sip Deadband""",[0.4031864404678345],"[0, 0, 0, 0]"
316.68231988,,23514,,1583006621,539457082,"""Soft-Hard Sip Deadband""",[0.4140446186065674],"[0, 0, 0, 0]"
316.686374903,,23515,,1583006621,543507099,"""Soft-Hard Sip Deadband""",[0.42487066984176636],"[0, 0, 0, 0]"
316.692705393,,23516,,1583006621,549566984,"""Soft-Hard Sip Deadband""",[0.4357288181781769],"[0, 0, 0, 0]"
316.694297552,,23517,,1583006621,551465988,"""Soft-Hard Sip Deadband""",[0.4465869963169098],"[0, 0, 0, 0]"
316.700329304,,23518,,1583006621,557506084,"""Soft-Hard Sip Deadband""",[0.4574451446533203],"[0, 0, 0, 0]"
316.704296589,,23519,,1583006621,561458110,"""Soft-Hard Sip Deadband""",[0.4683033227920532],"[0, 0, 0, 0]"
316.710541248,,23520,,1583006621,567547082,"""Soft-Hard Sip Deadband""",[0.4791293442249298],"[0, 0, 0, 0]"
316.718842983,,23521,,1583006621,575660943,"""Soft-Hard Sip Deadband""",[0.4899875223636627],"[0, 0, 0, 0]"
316.72753334,,23522,,1583006621,579511880,"""Zero Band""",[0.5008456707000732],"[0, 0, 0, 0]"
316.734188795,,23523,,1583006621,585601091,"""Zero Band""",[0.5117038488388062],"[0, 0, 0, 0]"
316.739578724,,23524,,1583006621,592052936,"""Zero Band""",[0.5225620269775391],"[0, 0, 0, 0]"
316.744536161,,23525,,1583006621,597632884,"""Zero Band""",[0.533388078212738],"[0, 0, 0, 0]"
316.750239849,,23526,,1583006621,602596044,"""Zero Band""",[0.5442461967468262],"[0, 0, 0, 0]"
316.773315668,,23527,,1583006621,625634908,"""Zero Band""",[0.533388078212738],"[0, 0, 0, 0]"
316.780082464,,23528,,1583006621,633496046,"""Zero Band""",[0.5225620269775391],"[0, 0, 0, 0]"
316.784915447,,23529,,1583006621,638139963,"""Zero Band""",[0.5117038488388062],"[0, 0, 0, 0]"
316.790626764,,23530,,1583006621,642961978,"""Zero Band""",[0.5008456707000732],"[0, 0, 0, 0]"
316.791594267,,23531,,1583006621,648669004,"""Soft-Hard Sip Deadband""",[0.4899875223636627],"[0, 0, 0, 0]"
316.792376757,,23532,,1583006621,649620056,"""Soft-Hard Sip Deadband""",[0.4791293442249298],"[0, 0, 0, 0]"
316.794155121,,23533,,1583006621,651479959,"""Soft-Hard Sip Deadband""",[0.4683033227920532],"[0, 0, 0, 0]"
316.796426535,,23534,,1583006621,653489112,"""Soft-Hard Sip Deadband""",[0.4574451446533203],"[0, 0, 0, 0]"
316.798326969,,23535,,1583006621,655467987,"""Soft-Hard Sip Deadband""",[0.4465869963169098],"[0, 0, 0, 0]"
316.802367926,,23536,,1583006621,659495115,"""Soft-Hard Sip Deadband""",[0.4357288181781769],"[0, 0, 0, 0]"
316.80437851,,23537,,1583006621,661474943,"""Soft-Hard Sip Deadband""",[0.42487066984176636],"[0, 0, 0, 0]"
316.80670929,,23538,,1583006621,663537025,"""Soft-Hard Sip Deadband""",[0.4140446186065674],"[0, 0, 0, 0]"
316.808382511,,23539,,1583006621,665518045,"""Soft-Hard Sip Deadband""",[0.4031864404678345],"[0, 0, 0, 0]"
316.812508583,,23540,,1583006621,669567108,"""Soft-Hard Sip Deadband""",[0.39232829213142395],"[0, 0, 0, 0]"
316.814215183,,23541,,1583006621,671463012,"""Soft-Hard Sip Deadband""",[0.38147011399269104],"[0, 0, 0, 0]"
316.816401482,,23542,,1583006621,673480987,"""Soft-Hard Sip Deadband""",[0.3597537875175476],"[0, 0, 0, 0]"
316.820730448,,23543,,1583006621,677525997,"""Soft-Hard Sip Deadband""",[0.348927766084671],"[0, 0, 0, 0]"
316.822844982,,23544,,1583006621,679513931,"""Soft-Hard Sip Deadband""",[0.3380695879459381],"[0, 0, 0, 0]"
316.824743509,,23545,,1583006621,681550025,"""Soft-Hard Sip Deadband""",[0.3272114396095276],"[0, 0, 0, 0]"
316.828603268,,23546,,1583006621,685516119,"""Soft-Hard Sip Deadband""",[0.3163532614707947],"[0, 0, 0, 0]"
316.830741167,,23547,,1583006621,687499046,"""Soft-Hard Sip Deadband""",[0.30549511313438416],"[0, 0, 0, 0]"
316.839117765,,23548,,1583006621,689512968,"""Soft Sip""",[0.2946690618991852],"[0, 0, 1, 0]"
316.844307184,,23549,,1583006621,697206974,"""Soft Sip""",[0.27295273542404175],"[0, 0, 1, 0]"
316.850199699,,23550,,1583006621,702368021,"""Soft Sip""",[0.26209455728530884],"[0, 0, 1, 0]"
316.857349396,,23551,,1583006621,708329916,"""Soft Sip""",[0.2512364089488983],"[0, 0, 1, 0]"
316.862670183,,23552,,1583006621,715327978,"""Soft Sip""",[0.2403782308101654],"[0, 0, 1, 0]"
316.867499352,,23553,,1583006621,720772027,"""Soft Sip""",[0.2186940312385559],"[0, 0, 1, 0]"
316.873850346,,23554,,1583006621,725480079,"""Soft Sip""",[0.2078358680009842],"[0, 0, 1, 0]"
316.879544258,,23555,,1583006621,731831073,"""Soft Sip""",[0.19697770476341248],"[0, 0, 1, 0]"
316.88509798,,23556,,1583006621,737660884,"""Soft Sip""",[0.18611954152584076],"[0, 0, 1, 0]"
316.891101122,,23557,,1583006621,743071079,"""Soft Sip""",[0.17529350519180298],"[0, 0, 1, 0]"
316.896533489,,23558,,1583006621,749084949,"""Soft Sip""",[0.16443534195423126],"[0, 0, 1, 0]"
316.902162075,,23559,,1583006621,754539966,"""Soft Sip""",[0.15357716381549835],"[0, 0, 1, 0]"
316.908054829,,23560,,1583006621,760202884,"""Soft Sip""",[0.14271900057792664],"[0, 0, 1, 0]"
316.91467452,,23561,,1583006621,766028881,"""Soft Sip""",[0.13186083734035492],"[0, 0, 1, 0]"
316.919937134,,23562,,1583006621,772618055,"""Soft Sip""",[0.12103480100631714],"[0, 0, 1, 0]"
316.925781965,,23563,,1583006621,777915000,"""Soft Sip""",[0.11017663776874542],"[0, 0, 1, 0]"
316.932072401,,23564,,1583006621,783781051,"""Soft Sip""",[0.0993184745311737],"[0, 0, 1, 0]"
316.937587023,,23565,,1583006621,790158033,"""Soft Sip""",[0.08846031129360199],"[0, 0, 1, 0]"
316.943820953,,23566,,1583006621,795555114,"""Soft Sip""",[0.07760214805603027],"[0, 0, 1, 0]"
316.951012373,,23567,,1583006621,801811933,"""Soft Sip""",[0.06674397736787796],"[0, 0, 1, 0]"
316.956448793,,23568,,1583006621,808995962,"""Soft Sip""",[0.05591794103384018],"[0, 0, 1, 0]"
316.962093115,,23569,,1583006621,814560890,"""Soft Sip""",[0.04505977779626846],"[0, 0, 1, 0]"
316.967713356,,23570,,1583006621,820070981,"""Soft Sip""",[0.03420161083340645],"[0, 0, 1, 0]"
316.973325014,,23571,,1583006621,825717926,"""Soft Sip""",[0.023343447595834732],"[0, 0, 1, 0]"
316.978669405,,23572,,1583006621,831407070,"""Soft Sip""",[0.03420161083340645],"[0, 0, 1, 0]"
316.984839201,,23573,,1583006621,836632013,"""Soft Sip""",[0.023343447595834732],"[0, 0, 1, 0]"
316.990108728,,23574,,1583006621,842819929,"""Soft Sip""",[0.03420161083340645],"[0, 0, 1, 0]"
316.996246576,,23575,,1583006621,848181009,"""Soft Sip""",[0.04505977779626846],"[0, 0, 1, 0]"
317.002072334,,23576,,1583006621,854084968,"""Soft Sip""",[0.05591794103384018],"[0, 0, 1, 0]"
317.007911205,,23577,,1583006621,860042095,"""Soft Sip""",[0.06674397736787796],"[0, 0, 1, 0]"
317.014497757,,23578,,1583006621,866003036,"""Soft Sip""",[0.07760214805603027],"[0, 0, 1, 0]"
317.020041943,,23579,,1583006621,872478961,"""Soft Sip""",[0.08846031129360199],"[0, 0, 1, 0]"
317.025740385,,23580,,1583006621,878165960,"""Soft Sip""",[0.0993184745311737],"[0, 0, 1, 0]"
317.03139472,,23581,,1583006621,883761882,"""Soft Sip""",[0.11017663776874542],"[0, 0, 1, 0]"
317.036782503,,23582,,1583006621,889367103,"""Soft Sip""",[0.12103480100631714],"[0, 0, 1, 0]"
317.043197393,,23583,,1583006621,894874095,"""Soft Sip""",[0.13186083734035492],"[0, 0, 1, 0]"
317.049041271,,23584,,1583006621,901199102,"""Soft Sip""",[0.14271900057792664],"[0, 0, 1, 0]"
317.054714441,,23585,,1583006621,906893014,"""Soft Sip""",[0.15357716381549835],"[0, 0, 1, 0]"
317.060603619,,23586,,1583006621,912688970,"""Soft Sip""",[0.16443534195423126],"[0, 0, 1, 0]"
317.065085888,,23587,,1583006621,918656110,"""Soft Sip""",[0.17529350519180298],"[0, 0, 1, 0]"
317.070337296,,23588,,1583006621,923072099,"""Soft Sip""",[0.18611954152584076],"[0, 0, 1, 0]"
317.077323198,,23589,,1583006621,928222894,"""Soft Sip""",[0.19697770476341248],"[0, 0, 1, 0]"
317.08384347,,23590,,1583006621,935420989,"""Soft Sip""",[0.2078358680009842],"[0, 0, 1, 0]"
317.089929581,,23591,,1583006621,941696882,"""Soft Sip""",[0.2186940312385559],"[0, 0, 1, 0]"
317.096056223,,23592,,1583006621,947941064,"""Soft Sip""",[0.22955219447612762],"[0, 0, 1, 0]"
317.101535559,,23593,,1583006621,954104900,"""Soft Sip""",[0.2403782308101654],"[0, 0, 1, 0]"
317.107252359,,23594,,1583006621,959613084,"""Soft Sip""",[0.2512364089488983],"[0, 0, 1, 0]"
317.123241425,,23595,,1583006621,975564956,"""Soft Sip""",[0.26209455728530884],"[0, 0, 1, 0]"
317.138906956,,23596,,1583006621,991547107,"""Soft Sip""",[0.27295273542404175],"[0, 0, 1, 0]"
317.151158571,,23597,,1583006622,1759052,"""Soft Sip""",[0.28381088376045227],"[0, 0, 1, 0]"
317.16408968,,23598,,1583006622,15516996,"""Soft Sip""",[0.2946690618991852],"[0, 0, 1, 0]"
317.166404963,,23599,,1583006622,23504018,"""Soft-Hard Sip Deadband""",[0.30549511313438416],"[0, 0, 0, 0]"
317.178957939,,23600,,1583006622,35578012,"""Soft-Hard Sip Deadband""",[0.3163532614707947],"[0, 0, 0, 0]"
317.194631338,,23601,,1583006622,51575899,"""Soft-Hard Sip Deadband""",[0.3272114396095276],"[0, 0, 0, 0]"
317.200917721,,23602,,1583006622,57641983,"""Soft-Hard Sip Deadband""",[0.3380695879459381],"[0, 0, 0, 0]"
317.206449032,,23603,,1583006622,63533067,"""Soft-Hard Sip Deadband""",[0.348927766084671],"[0, 0, 0, 0]"
317.212488413,,23604,,1583006622,69545030,"""Soft-Hard Sip Deadband""",[0.3597537875175476],"[0, 0, 0, 0]"
317.21828413,,23605,,1583006622,75476884,"""Soft-Hard Sip Deadband""",[0.3706119656562805],"[0, 0, 0, 0]"
317.222414494,,23606,,1583006622,79543113,"""Soft-Hard Sip Deadband""",[0.38147011399269104],"[0, 0, 0, 0]"
317.230759621,,23607,,1583006622,87537050,"""Soft-Hard Sip Deadband""",[0.39232829213142395],"[0, 0, 0, 0]"
317.234933376,,23608,,1583006622,91624975,"""Soft-Hard Sip Deadband""",[0.4031864404678345],"[0, 0, 0, 0]"
317.236454725,,23609,,1583006622,93472957,"""Soft-Hard Sip Deadband""",[0.4140446186065674],"[0, 0, 0, 0]"
317.23845315,,23610,,1583006622,95489978,"""Soft-Hard Sip Deadband""",[0.42487066984176636],"[0, 0, 0, 0]"
317.244527817,,23611,,1583006622,101505041,"""Soft-Hard Sip Deadband""",[0.4357288181781769],"[0, 0, 0, 0]"
317.246367216,,23612,,1583006622,103467941,"""Soft-Hard Sip Deadband""",[0.4574451446533203],"[0, 0, 0, 0]"
317.248403311,,23613,,1583006622,105473041,"""Soft-Hard Sip Deadband""",[0.4683033227920532],"[0, 0, 0, 0]"
317.254680157,,23614,,1583006622,111608028,"""Soft-Hard Sip Deadband""",[0.4899875223636627],"[0, 0, 0, 0]"
317.260552168,,23615,,1583006622,113496065,"""Zero Band""",[0.5008456707000732],"[0, 0, 0, 0]"
317.265675068,,23616,,1583006622,118601083,"""Zero Band""",[0.5117038488388062],"[0, 0, 0, 0]"
317.270205736,,23617,,1583006622,123724937,"""Zero Band""",[0.5225620269775391],"[0, 0, 0, 0]"
317.276810408,,23618,,1583006622,128257989,"""Zero Band""",[0.533388078212738],"[0, 0, 0, 0]"
317.281966925,,23619,,1583006622,134908914,"""Zero Band""",[0.5442461967468262],"[0, 0, 0, 0]"
317.286789656,,23620,,1583006622,139991998,"""Zero Band""",[0.5551043748855591],"[0, 0, 0, 0]"
317.294039011,,23621,,1583006622,144829034,"""Zero Band""",[0.565962553024292],"[0, 0, 0, 0]"
317.300592899,,23622,,1583006622,152051925,"""Zero Band""",[0.5768207311630249],"[0, 0, 0, 0]"
317.305569887,,23623,,1583006622,158678054,"""Zero Band""",[0.565962553024292],"[0, 0, 0, 0]"
317.311786413,,23624,,1583006622,163654088,"""Zero Band""",[0.5551043748855591],"[0, 0, 0, 0]"
317.321336985,,23625,,1583006622,171492099,"""Zero Band""",[0.5442461967468262],"[0, 0, 0, 0]"
317.327314138,,23626,,1583006622,179398059,"""Zero Band""",[0.533388078212738],"[0, 0, 0, 0]"
317.332952261,,23627,,1583006622,185425996,"""Zero Band""",[0.5225620269775391],"[0, 0, 0, 0]"
317.344160795,,23628,,1583006622,195578098,"""Zero Band""",[0.5117038488388062],"[0, 0, 0, 0]"
317.366363049,,23629,,1583006622,217611074,"""Zero Band""",[0.5008456707000732],"[0, 0, 0, 0]"
317.372108698,,23630,,1583006622,224473953,"""Zero Band""",[0.5117038488388062],"[0, 0, 0, 0]"
317.379045486,,23631,,1583006622,231523036,"""Zero Band""",[0.5225620269775391],"[0, 0, 0, 0]"
317.386991024,,23632,,1583006622,237099885,"""Zero Band""",[0.5117038488388062],"[0, 0, 0, 0]"
317.392169476,,23633,,1583006622,245060920,"""Zero Band""",[0.5225620269775391],"[0, 0, 0, 0]"
317.398016453,,23634,,1583006622,250267028,"""Zero Band""",[0.533388078212738],"[0, 0, 0, 0]"
317.40360713,,23635,,1583006622,256112098,"""Zero Band""",[0.5442461967468262],"[0, 0, 0, 0]"
317.418263674,,23636,,1583006622,269535064,"""Zero Band""",[0.5551043748855591],"[0, 0, 0, 0]"
317.424505472,,23637,,1583006622,277534008,"""Zero Band""",[0.565962553024292],"[0, 0, 0, 0]"
317.433167219,,23638,,1583006622,285527944,"""Zero Band""",[0.5768207311630249],"[0, 0, 0, 0]"
317.442970753,,23639,,1583006622,295562028,"""Zero Band""",[0.587678849697113],"[0, 0, 0, 0]"
317.4861691,,23640,,1583006622,337572097,"""Zero Band""",[0.5768207311630249],"[0, 0, 0, 0]"
317.492562056,,23641,,1583006622,345496892,"""Zero Band""",[0.565962553024292],"[0, 0, 0, 0]"
317.499047279,,23642,,1583006622,351497888,"""Zero Band""",[0.5551043748855591],"[0, 0, 0, 0]"
317.505022287,,23643,,1583006622,357084035,"""Zero Band""",[0.5442461967468262],"[0, 0, 0, 0]"
317.510053396,,23644,,1583006622,363090991,"""Zero Band""",[0.533388078212738],"[0, 0, 0, 0]"
317.515881777,,23645,,1583006622,368103027,"""Zero Band""",[0.5225620269775391],"[0, 0, 0, 0]"
317.5212152,,23646,,1583006622,373944997,"""Zero Band""",[0.5117038488388062],"[0, 0, 0, 0]"
317.52577877,,23647,,1583006622,379256963,"""Zero Band""",[0.5008456707000732],"[0, 0, 0, 0]"
317.526792049,,23648,,1583006622,383829116,"""Soft-Hard Sip Deadband""",[0.4899875223636627],"[0, 0, 0, 0]"
317.527811766,,23649,,1583006622,384825944,"""Soft-Hard Sip Deadband""",[0.4791293442249298],"[0, 0, 0, 0]"
317.528846502,,23650,,1583006622,385906934,"""Soft-Hard Sip Deadband""",[0.4683033227920532],"[0, 0, 0, 0]"
317.529819727,,23651,,1583006622,386873960,"""Soft-Hard Sip Deadband""",[0.4574451446533203],"[0, 0, 0, 0]"
317.530687094,,23652,,1583006622,387898921,"""Soft-Hard Sip Deadband""",[0.4357288181781769],"[0, 0, 0, 0]"
317.532449245,,23653,,1583006622,389502048,"""Soft-Hard Sip Deadband""",[0.42487066984176636],"[0, 0, 0, 0]"
317.534456968,,23654,,1583006622,391501903,"""Soft-Hard Sip Deadband""",[0.4140446186065674],"[0, 0, 0, 0]"
317.538324833,,23655,,1583006622,395526885,"""Soft-Hard Sip Deadband""",[0.4031864404678345],"[0, 0, 0, 0]"
317.5402987,,23656,,1583006622,397449016,"""Soft-Hard Sip Deadband""",[0.39232829213142395],"[0, 0, 0, 0]"
317.542125225,,23657,,1583006622,399441957,"""Soft-Hard Sip Deadband""",[0.38147011399269104],"[0, 0, 0, 0]"
317.546726942,,23658,,1583006622,403553962,"""Soft-Hard Sip Deadband""",[0.3597537875175476],"[0, 0, 0, 0]"
317.548695803,,23659,,1583006622,405555009,"""Soft-Hard Sip Deadband""",[0.348927766084671],"[0, 0, 0, 0]"
317.550545692,,23660,,1583006622,407476902,"""Soft-Hard Sip Deadband""",[0.3380695879459381],"[0, 0, 0, 0]"
317.554381847,,23661,,1583006622,411501884,"""Soft-Hard Sip Deadband""",[0.3272114396095276],"[0, 0, 0, 0]"
317.556378365,,23662,,1583006622,413486957,"""Soft-Hard Sip Deadband""",[0.30549511313438416],"[0, 0, 0, 0]"
317.562610388,,23663,,1583006622,415488958,"""Soft Sip""",[0.2946690618991852],"[0, 0, 1, 0]"
317.568730354,,23664,,1583006622,420685052,"""Soft Sip""",[0.27295273542404175],"[0, 0, 1, 0]"
317.574303389,,23665,,1583006622,426805019,"""Soft Sip""",[0.26209455728530884],"[0, 0, 1, 0]"
317.579889059,,23666,,1583006622,432372093,"""Soft Sip""",[0.2403782308101654],"[0, 0, 1, 0]"
317.584769011,,23667,,1583006622,437557935,"""Soft Sip""",[0.22955219447612762],"[0, 0, 1, 0]"
317.589895725,,23668,,1583006622,442859888,"""Soft Sip""",[0.2186940312385559],"[0, 0, 1, 0]"
317.594744444,,23669,,1583006622,447868108,"""Soft Sip""",[0.19697770476341248],"[0, 0, 1, 0]"
317.600357056,,23670,,1583006622,452846050,"""Soft Sip""",[0.18611954152584076],"[0, 0, 1, 0]"
317.605697632,,23671,,1583006622,458302021,"""Soft Sip""",[0.17529350519180298],"[0, 0, 1, 0]"
317.611906052,,23672,,1583006622,463669061,"""Soft Sip""",[0.16443534195423126],"[0, 0, 1, 0]"
317.61958003,,23673,,1583006622,469788074,"""Soft Sip""",[0.15357716381549835],"[0, 0, 1, 0]"
317.624640465,,23674,,1583006622,477663040,"""Soft Sip""",[0.14271900057792664],"[0, 0, 1, 0]"
317.629926682,,23675,,1583006622,482618093,"""Soft Sip""",[0.13186083734035492],"[0, 0, 1, 0]"
317.636202097,,23676,,1583006622,488003969,"""Soft Sip""",[0.12103480100631714],"[0, 0, 1, 0]"
317.641376972,,23677,,1583006622,494190931,"""Soft Sip""",[0.11017663776874542],"[0, 0, 1, 0]"
317.646730423,,23678,,1583006622,499357938,"""Soft Sip""",[0.0993184745311737],"[0, 0, 1, 0]"
317.652852774,,23679,,1583006622,504806995,"""Soft Sip""",[0.08846031129360199],"[0, 0, 1, 0]"
317.65848279,,23680,,1583006622,510880947,"""Soft Sip""",[0.0993184745311737],"[0, 0, 1, 0]"
317.66783309,,23681,,1583006622,519504070,"""Soft Sip""",[0.11017663776874542],"[0, 0, 1, 0]"
317.711943626,,23682,,1583006622,563581943,"""Soft Sip""",[0.0993184745311737],"[0, 0, 1, 0]"
317.719498396,,23683,,1583006622,571511983,"""Soft Sip""",[0.08846031129360199],"[0, 0, 1, 0]"
317.726707935,,23684,,1583006622,577585935,"""Soft Sip""",[0.07760214805603027],"[0, 0, 1, 0]"
317.73288393,,23685,,1583006622,584793090,"""Soft Sip""",[0.06674397736787796],"[0, 0, 1, 0]"
317.737374783,,23686,,1583006622,590970039,"""Soft Sip""",[0.05591794103384018],"[0, 0, 1, 0]"
317.744327068,,23687,,1583006622,595427036,"""Soft Sip""",[0.04505977779626846],"[0, 0, 1, 0]"
317.748948812,,23688,,1583006622,602380990,"""Soft Sip""",[0.03420161083340645],"[0, 0, 1, 0]"
317.753774166,,23689,,1583006622,607028961,"""Soft Sip""",[0.023343447595834732],"[0, 0, 1, 0]"
317.758823395,,23690,,1583006622,611818075,"""Soft Sip""",[0.012485282495617867],"[0, 0, 1, 0]"
317.759713411,,23691,,1583006622,616874933,"""Zero Band""",[0.0016592431347817183],"[0, 0, 0, 0]"
317.76052022,,23692,,1583006622,617755889,"""Zero Band""",[-0.0],"[0, 0, 0, 0]"
317.764364958,,23693,,1583006622,621501922,"""Zero Band""",[-0.0],"[0, 0, 0, 0]"
317.773077488,,23694,,1583006622,629671096,"""Zero Band""",[-0.0],"[0, 0, 0, 0]"
317.77646637,,23695,,1583006622,633491992,"""Zero Band""",[-0.0],"[0, 0, 0, 0]"
317.783094168,,23696,,1583006622,639625072,"""Zero Band""",[-0.0],"[0, 0, 0, 0]"
317.815702915,,23697,,1583006622,672503948,"""Zero Band""",[-0.0],"[0, 0, 0, 0]"
317.815849304,,23698,,1583006622,672503948,"""input stopped""",[-0.0],"[0, 0, 0, 0]"
318.051801443,,23699,,1583006622,908555030,"""Zero Band""",[-0.0],"[0, 0, 0, 0]"
318.060554981,,23700,,1583006622,917529106,"""Zero Band""",[-0.0],"[0, 0, 0, 0]"
318.062210083,,23701,,1583006622,919466018,"""Zero Band""",[-0.0],"[0, 0, 0, 0]"
318.068736076,,23702,,1583006622,925595998,"""Zero Band""",[-0.0],"[0, 0, 0, 0]"
318.074326515,,23703,,1583006622,931504011,"""Zero Band""",[-0.0],"[0, 0, 0, 0]"
318.078277349,,23704,,1583006622,935499906,"""Zero Band""",[0.0016592431347817183],"[0, 0, 0, 0]"
318.087694883,,23705,,1583006622,939505100,"""Soft Sip""",[0.012485282495617867],"[0, 0, 1, 0]"
318.093616962,,23706,,1583006622,945735931,"""Soft Sip""",[0.023343447595834732],"[0, 0, 1, 0]"
318.100246191,,23707,,1583006622,951740980,"""Soft Sip""",[0.03420161083340645],"[0, 0, 1, 0]"
318.105667353,,23708,,1583006622,958323001,"""Soft Sip""",[0.04505977779626846],"[0, 0, 1, 0]"
318.11057663,,23709,,1583006622,963702917,"""Soft Sip""",[0.05591794103384018],"[0, 0, 1, 0]"
318.115427256,,23710,,1583006622,968636035,"""Soft Sip""",[0.06674397736787796],"[0, 0, 1, 0]"
318.121727228,,23711,,1583006622,973458051,"""Soft Sip""",[0.07760214805603027],"[0, 0, 1, 0]"
318.12735486,,23712,,1583006622,979780912,"""Soft Sip""",[0.08846031129360199],"[0, 0, 1, 0]"
318.132409573,,23713,,1583006622,985343933,"""Soft Sip""",[0.0993184745311737],"[0, 0, 1, 0]"
318.138510942,,23714,,1583006622,990487098,"""Soft Sip""",[0.11017663776874542],"[0, 0, 1, 0]"
318.144205332,,23715,,1583006622,996571063,"""Soft Sip""",[0.12103480100631714],"[0, 0, 1, 0]"
318.149501085,,23716,,1583006623,2230882,"""Soft Sip""",[0.13186083734035492],"[0, 0, 1, 0]"
318.156054258,,23717,,1583006623,7551908,"""Soft Sip""",[0.14271900057792664],"[0, 0, 1, 0]"
318.161146641,,23718,,1583006623,14096021,"""Soft Sip""",[0.15357716381549835],"[0, 0, 1, 0]"
318.187906981,,23719,,1583006623,39567947,"""Soft Sip""",[0.16443534195423126],"[0, 0, 1, 0]"
318.19302845,,23720,,1583006623,45985937,"""Soft Sip""",[0.17529350519180298],"[0, 0, 1, 0]"
318.198168516,,23721,,1583006623,51100969,"""Soft Sip""",[0.18611954152584076],"[0, 0, 1, 0]"
318.203220606,,23722,,1583006623,56240081,"""Soft Sip""",[0.19697770476341248],"[0, 0, 1, 0]"
318.207437515,,23723,,1583006623,61263084,"""Soft Sip""",[0.2078358680009842],"[0, 0, 1, 0]"
318.212402105,,23724,,1583006623,65480947,"""Soft Sip""",[0.2186940312385559],"[0, 0, 1, 0]"
318.219829559,,23725,,1583006623,70478916,"""Soft Sip""",[0.22955219447612762],"[0, 0, 1, 0]"
318.225709915,,23726,,1583006623,78018903,"""Soft Sip""",[0.2403782308101654],"[0, 0, 1, 0]"
318.231709003,,23727,,1583006623,83816051,"""Soft Sip""",[0.26209455728530884],"[0, 0, 1, 0]"
318.237451553,,23728,,1583006623,89689970,"""Soft Sip""",[0.27295273542404175],"[0, 0, 1, 0]"
318.242283821,,23729,,1583006623,95439910,"""Soft Sip""",[0.28381088376045227],"[0, 0, 1, 0]"
318.247895956,,23730,,1583006623,100349903,"""Soft Sip""",[0.2946690618991852],"[0, 0, 1, 0]"
318.249159813,,23731,,1583006623,105884075,"""Soft-Hard Sip Deadband""",[0.30549511313438416],"[0, 0, 0, 0]"
318.249917984,,23732,,1583006623,107131958,"""Soft-Hard Sip Deadband""",[0.3163532614707947],"[0, 0, 0, 0]"
318.250726461,,23733,,1583006623,108014106,"""Soft-Hard Sip Deadband""",[0.3380695879459381],"[0, 0, 0, 0]"
318.251465321,,23734,,1583006623,108700990,"""Soft-Hard Sip Deadband""",[0.348927766084671],"[0, 0, 0, 0]"
318.252383232,,23735,,1583006623,109479904,"""Soft-Hard Sip Deadband""",[0.3597537875175476],"[0, 0, 0, 0]"
318.25309968,,23736,,1583006623,110378980,"""Soft-Hard Sip Deadband""",[0.3706119656562805],"[0, 0, 0, 0]"
318.253849983,,23737,,1583006623,111057996,"""Soft-Hard Sip Deadband""",[0.39232829213142395],"[0, 0, 0, 0]"
318.254573584,,23738,,1583006623,111819028,"""Soft-Hard Sip Deadband""",[0.4031864404678345],"[0, 0, 0, 0]"
318.255503416,,23739,,1583006623,112648010,"""Soft-Hard Sip Deadband""",[0.42487066984176636],"[0, 0, 0, 0]"
318.256153584,,23740,,1583006623,113329887,"""Soft-Hard Sip Deadband""",[0.4465869963169098],"[0, 0, 0, 0]"
318.256843805,,23741,,1583006623,114132881,"""Soft-Hard Sip Deadband""",[0.4574451446533203],"[0, 0, 0, 0]"
318.257609129,,23742,,1583006623,114886045,"""Soft-Hard Sip Deadband""",[0.4791293442249298],"[0, 0, 0, 0]"
318.258339882,,23743,,1583006623,115664005,"""Soft-Hard Sip Deadband""",[0.4899875223636627],"[0, 0, 0, 0]"
318.263317347,,23744,,1583006623,116377115,"""Zero Band""",[0.5117038488388062],"[0, 0, 0, 0]"
318.26901269,,23745,,1583006623,121407032,"""Zero Band""",[0.5225620269775391],"[0, 0, 0, 0]"
318.273866653,,23746,,1583006623,127085924,"""Zero Band""",[0.5442461967468262],"[0, 0, 0, 0]"
318.279101133,,23747,,1583006623,131942033,"""Zero Band""",[0.5551043748855591],"[0, 0, 0, 0]"
318.284354687,,23748,,1583006623,137075901,"""Zero Band""",[0.5768207311630249],"[0, 0, 0, 0]"
318.289940596,,23749,,1583006623,142426967,"""Zero Band""",[0.587678849697113],"[0, 0, 0, 0]"
318.295149803,,23750,,1583006623,147922039,"""Zero Band""",[0.598504900932312],"[0, 0, 0, 0]"
318.301370621,,23751,,1583006623,153245925,"""Zero Band""",[0.6202212572097778],"[0, 0, 0, 0]"
318.307890415,,23752,,1583006623,159341096,"""Zero Band""",[0.6310794353485107],"[0, 0, 0, 0]"
318.314544201,,23753,,1583006623,165854930,"""Zero Band""",[0.6527636051177979],"[0, 0, 0, 0]"
318.319870234,,23754,,1583006623,172420978,"""Zero Band""",[0.6636217832565308],"[0, 0, 0, 0]"
318.325604916,,23755,,1583006623,177953958,"""Zero Band""",[0.6744799613952637],"[0, 0, 0, 0]"
318.330718756,,23756,,1583006623,183336019,"""Zero Band""",[0.6853380799293518],"[0, 0, 0, 0]"
318.336443186,,23757,,1583006623,188704967,"""Zero Band""",[0.7070544362068176],"[0, 0, 0, 0]"
318.342266321,,23758,,1583006623,194420099,"""Zero Band""",[0.7178804874420166],"[0, 0, 0, 0]"
318.348175764,,23759,,1583006623,200453042,"""Zero Band""",[0.7287386655807495],"[0, 0, 0, 0]"
318.353733301,,23760,,1583006623,206154108,"""Zero Band""",[0.7504549622535706],"[0, 0, 0, 0]"
318.359169006,,23761,,1583006623,211702108,"""Zero Band""",[0.7613131403923035],"[0, 0, 0, 0]"
318.363961697,,23762,,1583006623,217145919,"""Zero Band""",[0.7829973101615906],"[0, 0, 0, 0]"
318.369587898,,23763,,1583006623,221937894,"""Zero Band""",[0.7938554883003235],"[0, 0, 0, 0]"
318.375973463,,23764,,1583006623,227569103,"""Zero Band""",[0.8155718445777893],"[0, 0, 0, 0]"
318.381035089,,23765,,1583006623,233951091,"""Zero Band""",[0.8263978958129883],"[0, 0, 0, 0]"
318.386027813,,23766,,1583006623,238913059,"""Zero Band""",[0.8481141924858093],"[0, 0, 0, 0]"
318.391172886,,23767,,1583006623,244009971,"""Zero Band""",[0.8589723706245422],"[0, 0, 0, 0]"
318.39577198,,23768,,1583006623,249145984,"""Zero Band""",[0.8806886672973633],"[0, 0, 0, 0]"
318.402393818,,23769,,1583006623,253875970,"""Zero Band""",[0.8915147185325623],"[0, 0, 0, 0]"
318.409257412,,23770,,1583006623,260421037,"""Zero Band""",[0.9132310748100281],"[0, 0, 0, 0]"
318.415206909,,23771,,1583006623,267227888,"""Zero Band""",[0.924089252948761],"[0, 0, 0, 0]"
318.420482397,,23772,,1583006623,273180961,"""Zero Band""",[0.9457734227180481],"[0, 0, 0, 0]"
318.425121069,,23773,,1583006623,278502941,"""Zero Band""",[0.956631600856781],"[0, 0, 0, 0]"
318.430971622,,23774,,1583006623,283103942,"""Zero Band""",[0.9674897789955139],"[0, 0, 0, 0]"
318.437195778,,23775,,1583006623,288954973,"""Zero Band""",[0.989206075668335],"[0, 0, 0, 0]"
318.442646742,,23776,,1583006623,295180082,"""Zero Band""",[1.0],"[0, 0, 0, 0]"
318.696380138,,23777,,1583006623,547626972,"""Zero Band""",[0.9674897789955139],"[0, 0, 0, 0]"
318.701015472,,23778,,1583006623,554464101,"""Zero Band""",[0.9349473714828491],"[0, 0, 0, 0]"
318.705767632,,23779,,1583006623,558999061,"""Zero Band""",[0.8915147185325623],"[0, 0, 0, 0]"
318.712366343,,23780,,1583006623,563848018,"""Zero Band""",[0.8589723706245422],"[0, 0, 0, 0]"
318.717792749,,23781,,1583006623,570341110,"""Zero Band""",[0.8263978958129883],"[0, 0, 0, 0]"
318.722882509,,23782,,1583006623,575782060,"""Zero Band""",[0.7829973101615906],"[0, 0, 0, 0]"
318.730744123,,23783,,1583006623,580857038,"""Zero Band""",[0.7504549622535706],"[0, 0, 0, 0]"
318.736088037,,23784,,1583006623,588882923,"""Zero Band""",[0.7070544362068176],"[0, 0, 0, 0]"
318.740535259,,23785,,1583006623,593966007,"""Zero Band""",[0.6636217832565308],"[0, 0, 0, 0]"
318.745817423,,23786,,1583006623,598418951,"""Zero Band""",[0.6310794353485107],"[0, 0, 0, 0]"
318.750980139,,23787,,1583006623,603822946,"""Zero Band""",[0.598504900932312],"[0, 0, 0, 0]"
318.756470203,,23788,,1583006623,608958959,"""Zero Band""",[0.5551043748855591],"[0, 0, 0, 0]"
318.762419462,,23789,,1583006623,614435911,"""Zero Band""",[0.5225620269775391],"[0, 0, 0, 0]"
318.763208151,,23790,,1583006623,620392084,"""Soft-Hard Sip Deadband""",[0.4899875223636627],"[0, 0, 0, 0]"
318.763938904,,23791,,1583006623,621201992,"""Soft-Hard Sip Deadband""",[0.4574451446533203],"[0, 0, 0, 0]"
318.764703274,,23792,,1583006623,621922016,"""Soft-Hard Sip Deadband""",[0.42487066984176636],"[0, 0, 0, 0]"
318.765473604,,23793,,1583006623,622729063,"""Soft-Hard Sip Deadband""",[0.4031864404678345],"[0, 0, 0, 0]"
318.766504765,,23794,,1583006623,623605012,"""Soft-Hard Sip Deadband""",[0.3706119656562805],"[0, 0, 0, 0]"
318.76744318,,23795,,1583006623,624497890,"""Soft-Hard Sip Deadband""",[0.3380695879459381],"[0, 0, 0, 0]"
318.768325806,,23796,,1583006623,625401020,"""Soft-Hard Sip Deadband""",[0.3163532614707947],"[0, 0, 0, 0]"
318.800671339,,23797,,1583006623,626296043,"""Soft Sip""",[0.2946690618991852],"[0, 0, 1, 0]"
318.805758715,,23798,,1583006623,658643960,"""Soft Sip""",[0.27295273542404175],"[0, 0, 1, 0]"
318.810353279,,23799,,1583006623,663738965,"""Soft Sip""",[0.2512364089488983],"[0, 0, 1, 0]"
318.816073179,,23800,,1583006623,668340921,"""Soft Sip""",[0.22955219447612762],"[0, 0, 1, 0]"
318.822154999,,23801,,1583006623,674047946,"""Soft Sip""",[0.2078358680009842],"[0, 0, 1, 0]"
318.826959133,,23802,,1583006623,680126905,"""Soft Sip""",[0.19697770476341248],"[0, 0, 1, 0]"
318.833301783,,23803,,1583006623,684967994,"""Soft Sip""",[0.17529350519180298],"[0, 0, 1, 0]"
318.840745449,,23804,,1583006623,691277027,"""Soft Sip""",[0.16443534195423126],"[0, 0, 1, 0]"
318.845564604,,23805,,1583006623,698719978,"""Soft Sip""",[0.14271900057792664],"[0, 0, 1, 0]"
318.852722883,,23806,,1583006623,703717947,"""Soft Sip""",[0.13186083734035492],"[0, 0, 1, 0]"
318.859024763,,23807,,1583006623,710772037,"""Soft Sip""",[0.12103480100631714],"[0, 0, 1, 0]"
318.864307404,,23808,,1583006623,717035055,"""Soft Sip""",[0.0993184745311737],"[0, 0, 1, 0]"
318.870709896,,23809,,1583006623,722289085,"""Soft Sip""",[0.07760214805603027],"[0, 0, 1, 0]"
318.876520634,,23810,,1583006623,728689908,"""Soft Sip""",[0.06674397736787796],"[0, 0, 1, 0]"
318.881067276,,23811,,1583006623,734488010,"""Soft Sip""",[0.05591794103384018],"[0, 0, 1, 0]"
318.888864994,,23812,,1583006623,739073038,"""Soft Sip""",[0.04505977779626846],"[0, 0, 1, 0]"
318.894908428,,23813,,1583006623,746843099,"""Soft Sip""",[0.03420161083340645],"[0, 0, 1, 0]"
318.900308847,,23814,,1583006623,752918958,"""Soft Sip""",[0.023343447595834732],"[0, 0, 1, 0]"
318.907063723,,23815,,1583006623,758322000,"""Soft Sip""",[0.012485282495617867],"[0, 0, 1, 0]"
318.908260107,,23816,,1583006623,765299081,"""Zero Band""",[0.0016592431347817183],"[0, 0, 0, 0]"
318.914631844,,23817,,1583006623,766263008,"""Soft Sip""",[0.012485282495617867],"[0, 0, 1, 0]"
318.920338869,,23818,,1583006623,772614955,"""Soft Sip""",[0.023343447595834732],"[0, 0, 1, 0]"
318.925817966,,23819,,1583006623,778275012,"""Soft Sip""",[0.03420161083340645],"[0, 0, 1, 0]"
318.931262255,,23820,,1583006623,783828973,"""Soft Sip""",[0.04505977779626846],"[0, 0, 1, 0]"
318.936856747,,23821,,1583006623,789239883,"""Soft Sip""",[0.05591794103384018],"[0, 0, 1, 0]"
318.942191601,,23822,,1583006623,794852972,"""Soft Sip""",[0.06674397736787796],"[0, 0, 1, 0]"
318.948724031,,23823,,1583006623,800167083,"""Soft Sip""",[0.07760214805603027],"[0, 0, 1, 0]"
318.955142021,,23824,,1583006623,806699991,"""Soft Sip""",[0.08846031129360199],"[0, 0, 1, 0]"
318.960174561,,23825,,1583006623,813121080,"""Soft Sip""",[0.0993184745311737],"[0, 0, 1, 0]"
318.965067148,,23826,,1583006623,818155050,"""Soft Sip""",[0.11017663776874542],"[0, 0, 1, 0]"
318.970748901,,23827,,1583006623,823273897,"""Soft Sip""",[0.12103480100631714],"[0, 0, 1, 0]"
318.976074219,,23828,,1583006623,828716039,"""Soft Sip""",[0.13186083734035492],"[0, 0, 1, 0]"
318.982783318,,23829,,1583006623,834053039,"""Soft Sip""",[0.14271900057792664],"[0, 0, 1, 0]"
318.989173174,,23830,,1583006623,840770006,"""Soft Sip""",[0.15357716381549835],"[0, 0, 1, 0]"
318.994796991,,23831,,1583006623,847156047,"""Soft Sip""",[0.16443534195423126],"[0, 0, 1, 0]"
319.000187874,,23832,,1583006623,852775096,"""Soft Sip""",[0.17529350519180298],"[0, 0, 1, 0]"
319.005361319,,23833,,1583006623,858073949,"""Soft Sip""",[0.18611954152584076],"[0, 0, 1, 0]"
319.011801481,,23834,,1583006623,863337993,"""Soft Sip""",[0.19697770476341248],"[0, 0, 1, 0]"
319.019911766,,23835,,1583006623,869771957,"""Soft Sip""",[0.2078358680009842],"[0, 0, 1, 0]"
319.025227308,,23836,,1583006623,877886056,"""Soft Sip""",[0.2186940312385559],"[0, 0, 1, 0]"
319.032219648,,23837,,1583006623,883090019,"""Zero Band""",[0.2403782308101654],"[0, 0, 0, 0]"
319.038292408,,23838,,1583006623,889925956,"""Zero Band""",[0.2512364089488983],"[0, 0, 0, 0]"
319.043188334,,23839,,1583006623,896275997,"""Zero Band""",[0.26209455728530884],"[0, 0, 0, 0]"
319.048736334,,23840,,1583006623,901169061,"""Zero Band""",[0.27295273542404175],"[0, 0, 0, 0]"
319.055761576,,23841,,1583006623,906735897,"""Zero Band""",[0.2946690618991852],"[0, 0, 0, 0]"
319.056789875,,23842,,1583006623,913614988,"""Soft-Hard Sip Deadband""",[0.30549511313438416],"[0, 0, 0, 0]"
319.057482243,,23843,,1583006623,914642095,"""Soft-Hard Sip Deadband""",[0.3272114396095276],"[0, 0, 0, 0]"
319.058400631,,23844,,1583006623,915467023,"""Soft-Hard Sip Deadband""",[0.3380695879459381],"[0, 0, 0, 0]"
319.05910182,,23845,,1583006623,916376113,"""Soft-Hard Sip Deadband""",[0.348927766084671],"[0, 0, 0, 0]"
319.05988884,,23846,,1583006623,917072057,"""Soft-Hard Sip Deadband""",[0.3597537875175476],"[0, 0, 0, 0]"
319.060591936,,23847,,1583006623,917862892,"""Soft-Hard Sip Deadband""",[0.38147011399269104],"[0, 0, 0, 0]"
319.06135726,,23848,,1583006623,918564081,"""Soft-Hard Sip Deadband""",[0.39232829213142395],"[0, 0, 0, 0]"
319.062260151,,23849,,1583006623,919572114,"""Soft-Hard Sip Deadband""",[0.4031864404678345],"[0, 0, 0, 0]"
319.062941551,,23850,,1583006623,920227050,"""Soft-Hard Sip Deadband""",[0.4140446186065674],"[0, 0, 0, 0]"
319.063685656,,23851,,1583006623,920918941,"""Soft-Hard Sip Deadband""",[0.4357288181781769],"[0, 0, 0, 0]"
319.06449151,,23852,,1583006623,921662092,"""Soft-Hard Sip Deadband""",[0.4465869963169098],"[0, 0, 0, 0]"
319.065198421,,23853,,1583006623,922456979,"""Soft-Hard Sip Deadband""",[0.4683033227920532],"[0, 0, 0, 0]"
319.065867424,,23854,,1583006623,923170089,"""Soft-Hard Sip Deadband""",[0.4791293442249298],"[0, 0, 0, 0]"
319.066624403,,23855,,1583006623,923851013,"""Soft-Hard Sip Deadband""",[0.4899875223636627],"[0, 0, 0, 0]"
319.073058844,,23856,,1583006623,924511909,"""Hard Sip""",[0.5117038488388062],"[0, 0, 0, 1]"
319.079675198,,23857,,1583006623,931097030,"""Hard Sip""",[0.5225620269775391],"[0, 0, 0, 1]"
319.085136414,,23858,,1583006623,937685012,"""Hard Sip""",[0.533388078212738],"[0, 0, 0, 1]"
319.090728521,,23859,,1583006623,943104028,"""Hard Sip""",[0.5551043748855591],"[0, 0, 0, 1]"
319.096219301,,23860,,1583006623,948705911,"""Hard Sip""",[0.565962553024292],"[0, 0, 0, 1]"
319.101739645,,23861,,1583006623,954197883,"""Zero Band""",[0.5768207311630249],"[0, 0, 0, 0]"
319.10786128,,23862,,1583006623,959742069,"""Zero Band""",[0.598504900932312],"[0, 0, 0, 0]"
319.112979174,,23863,,1583006623,965827941,"""Zero Band""",[0.6093630790710449],"[0, 0, 0, 0]"
319.118185043,,23864,,1583006623,970901012,"""Zero Band""",[0.6310794353485107],"[0, 0, 0, 0]"
319.123489618,,23865,,1583006623,976150035,"""Zero Band""",[0.6419375538825989],"[0, 0, 0, 0]"
319.128786802,,23866,,1583006623,981509923,"""Zero Band""",[0.6527636051177979],"[0, 0, 0, 0]"
319.136210442,,23867,,1583006623,986761093,"""Zero Band""",[0.6636217832565308],"[0, 0, 0, 0]"
319.144186497,,23868,,1583006623,994177103,"""Zero Band""",[0.6744799613952637],"[0, 0, 0, 0]"
319.149888992,,23869,,1583006624,1943111,"""Zero Band""",[0.6853380799293518],"[0, 0, 0, 0]"
319.156216383,,23870,,1583006624,7879972,"""Zero Band""",[0.6961962580680847],"[0, 0, 0, 0]"
319.162401915,,23871,,1583006624,14205932,"""Zero Band""",[0.7070544362068176],"[0, 0, 0, 0]"
319.167346716,,23872,,1583006624,20382881,"""Zero Band""",[0.7178804874420166],"[0, 0, 0, 0]"
319.173825264,,23873,,1583006624,25325059,"""Zero Band""",[0.7287386655807495],"[0, 0, 0, 0]"
319.178766012,,23874,,1583006624,31801939,"""Zero Band""",[0.7395967841148376],"[0, 0, 0, 0]"
319.183513403,,23875,,1583006624,36737918,"""Zero Band""",[0.7504549622535706],"[0, 0, 0, 0]"
319.188553095,,23876,,1583006624,41534900,"""Zero Band""",[0.7613131403923035],"[0, 0, 0, 0]"
319.193964243,,23877,,1583006624,46442985,"""Zero Band""",[0.7504549622535706],"[0, 0, 0, 0]"
319.199408293,,23878,,1583006624,52511930,"""Zero Band""",[0.7395967841148376],"[0, 0, 0, 0]"
319.204503298,,23879,,1583006624,57410955,"""Zero Band""",[0.7287386655807495],"[0, 0, 0, 0]"
319.210344553,,23880,,1583006624,62465906,"""Zero Band""",[0.7178804874420166],"[0, 0, 0, 0]"
319.215723991,,23881,,1583006624,68331003,"""Zero Band""",[0.7070544362068176],"[0, 0, 0, 0]"
319.220639706,,23882,,1583006624,73705911,"""Zero Band""",[0.6961962580680847],"[0, 0, 0, 0]"
319.226718664,,23883,,1583006624,78555107,"""Zero Band""",[0.6853380799293518],"[0, 0, 0, 0]"
319.231453657,,23884,,1583006624,84695100,"""Zero Band""",[0.6744799613952637],"[0, 0, 0, 0]"
319.237005234,,23885,,1583006624,89427947,"""Zero Band""",[0.6636217832565308],"[0, 0, 0, 0]"
319.244027615,,23886,,1583006624,94988107,"""Zero Band""",[0.6527636051177979],"[0, 0, 0, 0]"
319.250494242,,23887,,1583006624,102006912,"""Zero Band""",[0.6419375538825989],"[0, 0, 0, 0]"
319.25541997,,23888,,1583006624,108490943,"""Zero Band""",[0.6202212572097778],"[0, 0, 0, 0]"
319.260616541,,23889,,1583006624,113111019,"""Zero Band""",[0.6093630790710449],"[0, 0, 0, 0]"
319.267648935,,23890,,1583006624,118592977,"""Zero Band""",[0.598504900932312],"[0, 0, 0, 0]"
319.273626566,,23891,,1583006624,125663995,"""Zero Band""",[0.587678849697113],"[0, 0, 0, 0]"
319.278998375,,23892,,1583006624,131639957,"""Zero Band""",[0.5768207311630249],"[0, 0, 0, 0]"
319.284646273,,23893,,1583006624,136998891,"""Zero Band""",[0.5551043748855591],"[0, 0, 0, 0]"
319.291148424,,23894,,1583006624,142402887,"""Zero Band""",[0.5442461967468262],"[0, 0, 0, 0]"
319.296392441,,23895,,1583006624,149132966,"""Zero Band""",[0.533388078212738],"[0, 0, 0, 0]"
319.302205086,,23896,,1583006624,154376029,"""Zero Band""",[0.5225620269775391],"[0, 0, 0, 0]"
319.308251858,,23897,,1583006624,159944057,"""Zero Band""",[0.5008456707000732],"[0, 0, 0, 0]"
319.309076548,,23898,,1583006624,166232109,"""Soft-Hard Sip Deadband""",[0.4899875223636627],"[0, 0, 0, 0]"
319.309793949,,23899,,1583006624,167057037,"""Soft-Hard Sip Deadband""",[0.4791293442249298],"[0, 0, 0, 0]"
319.310506105,,23900,,1583006624,167779922,"""Soft-Hard Sip Deadband""",[0.4574451446533203],"[0, 0, 0, 0]"
319.31124258,,23901,,1583006624,168482065,"""Soft-Hard Sip Deadband""",[0.4357288181781769],"[0, 0, 0, 0]"
319.312011719,,23902,,1583006624,169225931,"""Soft-Hard Sip Deadband""",[0.42487066984176636],"[0, 0, 0, 0]"
319.312829018,,23903,,1583006624,169986009,"""Soft-Hard Sip Deadband""",[0.4031864404678345],"[0, 0, 0, 0]"
319.313736916,,23904,,1583006624,170813083,"""Soft-Hard Sip Deadband""",[0.38147011399269104],"[0, 0, 0, 0]"
319.314549685,,23905,,1583006624,171704053,"""Soft-Hard Sip Deadband""",[0.3706119656562805],"[0, 0, 0, 0]"
319.315233707,,23906,,1583006624,172450065,"""Soft-Hard Sip Deadband""",[0.348927766084671],"[0, 0, 0, 0]"
319.316056728,,23907,,1583006624,173207044,"""Soft-Hard Sip Deadband""",[0.3272114396095276],"[0, 0, 0, 0]"
319.316728354,,23908,,1583006624,173954963,"""Soft-Hard Sip Deadband""",[0.30549511313438416],"[0, 0, 0, 0]"
319.3230443,,23909,,1583006624,174702882,"""Zero Band""",[0.27295273542404175],"[0, 0, 0, 0]"
319.327813148,,23910,,1583006624,181031942,"""Zero Band""",[0.2512364089488983],"[0, 0, 0, 0]"
319.333518505,,23911,,1583006624,185833930,"""Zero Band""",[0.2403782308101654],"[0, 0, 0, 0]"
319.340119362,,23912,,1583006624,191405057,"""Zero Band""",[0.2186940312385559],"[0, 0, 0, 0]"
319.345024347,,23913,,1583006624,198081016,"""Zero Band""",[0.19697770476341248],"[0, 0, 0, 0]"
319.350723267,,23914,,1583006624,203003883,"""Zero Band""",[0.17529350519180298],"[0, 0, 0, 0]"
319.357547522,,23915,,1583006624,208672046,"""Zero Band""",[0.16443534195423126],"[0, 0, 0, 0]"
319.363801241,,23916,,1583006624,215266942,"""Zero Band""",[0.14271900057792664],"[0, 0, 0, 0]"
319.368666887,,23917,,1583006624,221777915,"""Zero Band""",[0.13186083734035492],"[0, 0, 0, 0]"
319.374660969,,23918,,1583006624,226691961,"""Zero Band""",[0.11017663776874542],"[0, 0, 0, 0]"
319.379107714,,23919,,1583006624,232575893,"""Zero Band""",[0.0993184745311737],"[0, 0, 0, 0]"
319.385005713,,23920,,1583006624,237087011,"""Zero Band""",[0.08846031129360199],"[0, 0, 0, 0]"
319.391361475,,23921,,1583006624,242899894,"""Zero Band""",[0.07760214805603027],"[0, 0, 0, 0]"
319.398525953,,23922,,1583006624,249377012,"""Zero Band""",[0.06674397736787796],"[0, 0, 0, 0]"
319.404435873,,23923,,1583006624,256500005,"""Zero Band""",[0.05591794103384018],"[0, 0, 0, 0]"
319.40980196,,23924,,1583006624,262409925,"""Zero Band""",[0.04505977779626846],"[0, 0, 0, 0]"
319.414745808,,23925,,1583006624,268148899,"""Zero Band""",[0.03420161083340645],"[0, 0, 0, 0]"
319.419894457,,23926,,1583006624,272757053,"""Zero Band""",[0.023343447595834732],"[0, 0, 0, 0]"
319.426388025,,23927,,1583006624,277880907,"""Zero Band""",[0.012485282495617867],"[0, 0, 0, 0]"
319.432151794,,23928,,1583006624,284375905,"""Zero Band""",[0.023343447595834732],"[0, 0, 0, 0]"
319.437204599,,23929,,1583006624,290128946,"""Zero Band""",[0.03420161083340645],"[0, 0, 0, 0]"
319.443809509,,23930,,1583006624,295181035,"""Zero Band""",[0.04505977779626846],"[0, 0, 0, 0]"
319.448489428,,23931,,1583006624,301786899,"""Zero Band""",[0.05591794103384018],"[0, 0, 0, 0]"
319.453891277,,23932,,1583006624,306529998,"""Zero Band""",[0.06674397736787796],"[0, 0, 0, 0]"
319.461306572,,23933,,1583006624,311899900,"""Zero Band""",[0.07760214805603027],"[0, 0, 0, 0]"
319.46723938,,23934,,1583006624,319336891,"""Zero Band""",[0.08846031129360199],"[0, 0, 0, 0]"
319.472641945,,23935,,1583006624,325207948,"""Zero Band""",[0.0993184745311737],"[0, 0, 0, 0]"
319.478155851,,23936,,1583006624,330622911,"""Zero Band""",[0.11017663776874542],"[0, 0, 0, 0]"
319.483226538,,23937,,1583006624,336131095,"""Zero Band""",[0.12103480100631714],"[0, 0, 0, 0]"
319.488678455,,23938,,1583006624,341218948,"""Zero Band""",[0.13186083734035492],"[0, 0, 0, 0]"
319.493859529,,23939,,1583006624,346647977,"""Zero Band""",[0.14271900057792664],"[0, 0, 0, 0]"
319.499825239,,23940,,1583006624,351836919,"""Zero Band""",[0.15357716381549835],"[0, 0, 0, 0]"
319.505137444,,23941,,1583006624,357793092,"""Zero Band""",[0.16443534195423126],"[0, 0, 0, 0]"
319.510000944,,23942,,1583006624,363132953,"""Zero Band""",[0.17529350519180298],"[0, 0, 0, 0]"
319.515569925,,23943,,1583006624,367976903,"""Zero Band""",[0.18611954152584076],"[0, 0, 0, 0]"
319.521249056,,23944,,1583006624,373579978,"""Zero Band""",[0.19697770476341248],"[0, 0, 0, 0]"
319.528738976,,23945,,1583006624,379239082,"""Zero Band""",[0.2078358680009842],"[0, 0, 0, 0]"
319.535270214,,23946,,1583006624,386571884,"""Zero Band""",[0.2186940312385559],"[0, 0, 0, 0]"
319.541359663,,23947,,1583006624,393244028,"""Zero Band""",[0.22955219447612762],"[0, 0, 0, 0]"
319.548177481,,23948,,1583006624,399310111,"""Zero Band""",[0.2403782308101654],"[0, 0, 0, 0]"
319.553024054,,23949,,1583006624,406176090,"""Zero Band""",[0.2512364089488983],"[0, 0, 0, 0]"
319.558186531,,23950,,1583006624,411005020,"""Zero Band""",[0.26209455728530884],"[0, 0, 0, 0]"
319.564053059,,23951,,1583006624,416162967,"""Zero Band""",[0.27295273542404175],"[0, 0, 0, 0]"
319.569220543,,23952,,1583006624,422046899,"""Zero Band""",[0.28381088376045227],"[0, 0, 0, 0]"
319.573915958,,23953,,1583006624,427192926,"""Zero Band""",[0.27295273542404175],"[0, 0, 0, 0]"
319.580636978,,23954,,1583006624,431900978,"""Zero Band""",[0.26209455728530884],"[0, 0, 0, 0]"
319.585587025,,23955,,1583006624,438673973,"""Zero Band""",[0.2512364089488983],"[0, 0, 0, 0]"
319.590286493,,23956,,1583006624,443564891,"""Zero Band""",[0.2403782308101654],"[0, 0, 0, 0]"
319.598610163,,23957,,1583006624,448261022,"""Zero Band""",[0.22955219447612762],"[0, 0, 0, 0]"
319.604707241,,23958,,1583006624,456588983,"""Zero Band""",[0.2186940312385559],"[0, 0, 0, 0]"
319.610592604,,23959,,1583006624,462775945,"""Zero Band""",[0.2078358680009842],"[0, 0, 0, 0]"
319.61647296,,23960,,1583006624,468580961,"""Zero Band""",[0.19697770476341248],"[0, 0, 0, 0]"
319.623244286,,23961,,1583006624,474374055,"""Zero Band""",[0.18611954152584076],"[0, 0, 0, 0]"
319.629991293,,23962,,1583006624,481218099,"""Zero Band""",[0.17529350519180298],"[0, 0, 0, 0]"
319.636181355,,23963,,1583006624,487967967,"""Zero Band""",[0.16443534195423126],"[0, 0, 0, 0]"
319.641437054,,23964,,1583006624,494153976,"""Zero Band""",[0.15357716381549835],"[0, 0, 0, 0]"
319.647128344,,23965,,1583006624,499412059,"""Zero Band""",[0.13186083734035492],"[0, 0, 0, 0]"
319.654764891,,23966,,1583006624,505371093,"""Zero Band""",[0.12103480100631714],"[0, 0, 0, 0]"
319.661817551,,23967,,1583006624,512765884,"""Zero Band""",[0.11017663776874542],"[0, 0, 0, 0]"
319.667634249,,23968,,1583006624,519773960,"""Zero Band""",[0.08846031129360199],"[0, 0, 0, 0]"
319.674920321,,23969,,1583006624,525616884,"""Zero Band""",[0.07760214805603027],"[0, 0, 0, 0]"
319.681610107,,23970,,1583006624,532890081,"""Zero Band""",[0.06674397736787796],"[0, 0, 0, 0]"
319.68866992,,23971,,1583006624,539588928,"""Zero Band""",[0.04505977779626846],"[0, 0, 0, 0]"
319.693581104,,23972,,1583006624,546658992,"""Zero Band""",[0.023343447595834732],"[0, 0, 0, 0]"
319.698241472,,23973,,1583006624,551520109,"""Zero Band""",[0.012485282495617867],"[0, 0, 0, 0]"
319.699071407,,23974,,1583006624,556217908,"""Zero Band""",[0.0016592431347817183],"[0, 0, 0, 0]"
319.69984889,,23975,,1583006624,557034969,"""Zero Band""",[-0.0],"[0, 0, 0, 0]"
319.700755835,,23976,,1583006624,557806968,"""Zero Band""",[-0.0],"[0, 0, 0, 0]"
319.701597214,,23977,,1583006624,558731079,"""Zero Band""",[-0.0],"[0, 0, 0, 0]"
319.702408314,,23978,,1583006624,559477090,"""Zero Band""",[-0.0],"[0, 0, 0, 0]"
319.702551842,,23979,,1583006624,559477090,"""input stopped""",[-0.0],"[0, 0, 0, 0]"
319.84568429,,23980,,1583006624,702548980,"""Zero Band""",[-0.0],"[0, 0, 0, 0]"
319.850651979,,23981,,1583006624,707571029,"""Zero Band""",[-0.0],"[0, 0, 0, 0]"
319.854426146,,23982,,1583006624,711565017,"""Zero Band""",[-0.0],"[0, 0, 0, 0]"
319.856287003,,23983,,1583006624,713522911,"""Zero Band""",[-0.0],"[0, 0, 0, 0]"
319.85845542,,23984,,1583006624,715512990,"""Zero Band""",[-0.0016271184431388974],"[0, 0, 0, 0]"
319.864066124,,23985,,1583006624,717473030,"""Soft Puff""",[-0.023311322554945946],"[0, 1, 0, 0]"
319.870149612,,23986,,1583006624,722114086,"""Soft Puff""",[-0.03416948765516281],"[0, 1, 0, 0]"
319.875551224,,23987,,1583006624,728215932,"""Soft Puff""",[-0.04502765089273453],"[0, 1, 0, 0]"
319.881133795,,23988,,1583006624,733529090,"""Soft Puff""",[-0.06671185791492462],"[0, 1, 0, 0]"
319.886292934,,23989,,1583006624,739186048,"""Soft Puff""",[-0.07757002115249634],"[0, 1, 0, 0]"
319.892087698,,23990,,1583006624,744273900,"""Soft Puff""",[-0.09928634762763977],"[0, 1, 0, 0]"
319.89718318,,23991,,1583006624,750045061,"""Soft Puff""",[-0.1210026741027832],"[0, 1, 0, 0]"
319.902814865,,23992,,1583006624,755187988,"""Soft Puff""",[-0.13182871043682098],"[0, 1, 0, 0]"
319.909023046,,23993,,1583006624,761039018,"""Soft Puff""",[-0.1535450518131256],"[0, 1, 0, 0]"
319.914261103,,23994,,1583006624,767051935,"""Soft Puff""",[-0.17526137828826904],"[0, 1, 0, 0]"
319.919322729,,23995,,1583006624,772238016,"""Soft Puff""",[-0.18608741462230682],"[0, 1, 0, 0]"
319.927642584,,23996,,1583006624,777317047,"""Soft Puff""",[-0.20780374109745026],"[0, 1, 0, 0]"
319.934000015,,23997,,1583006624,785808086,"""Soft Puff""",[-0.2295200675725937],"[0, 1, 0, 0]"
319.93908,,23998,,1583006624,791984081,"""Soft Puff""",[-0.2512042820453644],"[0, 1, 0, 0]"
319.945744991,,23999,,1583006624,797064065,"""Soft Puff""",[-0.2729206085205078],"[0, 1, 0, 0]"
319.951834679,,24000,,1583006624,803714990,"""Soft Puff""",[-0.28377875685691833],"[0, 1, 0, 0]"
319.952708006,,24001,,1583006624,809834957,"""Soft-Hard Puff Deadband""",[-0.3054629862308502],"[0, 0, 0, 0]"
319.953590631,,24002,,1583006624,810827970,"""Soft-Hard Puff Deadband""",[-0.31632113456726074],"[0, 0, 0, 0]"
319.954502583,,24003,,1583006624,811562061,"""Soft-Hard Puff Deadband""",[-0.35972166061401367],"[0, 0, 0, 0]"
319.955166817,,24004,,1583006624,812331914,"""Soft-Hard Puff Deadband""",[-0.3814379870891571],"[0, 0, 0, 0]"
319.955997467,,24005,,1583006624,813139915,"""Soft-Hard Puff Deadband""",[-0.39229616522789],"[0, 0, 0, 0]"
319.95680356,,24006,,1583006624,813965082,"""Soft-Hard Puff Deadband""",[-0.41401249170303345],"[0, 0, 0, 0]"
319.957978964,,24007,,1583006624,814785003,"""Soft-Hard Puff Deadband""",[-0.43569669127464294],"[0, 0, 0, 0]"
319.958892345,,24008,,1583006624,815962076,"""Soft-Hard Puff Deadband""",[-0.44655486941337585],"[0, 0, 0, 0]"
319.959945679,,24009,,1583006624,816869020,"""Soft-Hard Puff Deadband""",[-0.4682711958885193],"[0, 0, 0, 0]"
319.960877895,,24010,,1583006624,817956924,"""Soft-Hard Puff Deadband""",[-0.4790972173213959],"[0, 0, 0, 0]"
319.961939573,,24011,,1583006624,819076061,"""Soft-Hard Puff Deadband""",[-0.4899553954601288],"[0, 0, 0, 0]"
319.96803689,,24012,,1583006624,819933891,"""Zero Band""",[-0.5116717219352722],"[0, 0, 0, 0]"
319.973910093,,24013,,1583006624,826024055,"""Zero Band""",[-0.5225299000740051],"[0, 0, 0, 0]"
319.980157614,,24014,,1583006624,831643104,"""Zero Band""",[-0.5333559513092041],"[0, 0, 0, 0]"
319.986372232,,24015,,1583006624,838131904,"""Zero Band""",[-0.5442140698432922],"[0, 0, 0, 0]"
319.991654158,,24016,,1583006624,844342947,"""Zero Band""",[-0.5550722479820251],"[0, 0, 0, 0]"
319.997451067,,24017,,1583006624,849630117,"""Zero Band""",[-0.576788604259491],"[0, 0, 0, 0]"
320.00275588,,24018,,1583006624,855386972,"""Zero Band""",[-0.5876467227935791],"[0, 0, 0, 0]"
320.007222176,,24019,,1583006624,860734939,"""Zero Band""",[-0.609330952167511],"[0, 0, 0, 0]"
320.013703346,,24020,,1583006624,865405082,"""Zero Band""",[-0.6310473084449768],"[0, 0, 0, 0]"
320.019246578,,24021,,1583006624,871680021,"""Zero Band""",[-0.6419054269790649],"[0, 0, 0, 0]"
320.024528742,,24022,,1583006624,877217054,"""Zero Band""",[-0.6527314782142639],"[0, 0, 0, 0]"
320.031057596,,24023,,1583006624,882500886,"""Zero Band""",[-0.6635896563529968],"[0, 0, 0, 0]"
320.036281109,,24024,,1583006624,889039039,"""Zero Band""",[-0.6853059530258179],"[0, 0, 0, 0]"
320.04274416,,24025,,1583006624,894254922,"""Zero Band""",[-0.6961641311645508],"[0, 0, 0, 0]"
320.049365282,,24026,,1583006624,900718927,"""Zero Band""",[-0.7070223093032837],"[0, 0, 0, 0]"
320.054617167,,24027,,1583006624,907341957,"""Zero Band""",[-0.7178483605384827],"[0, 0, 0, 0]"
320.060961246,,24028,,1583006624,912595033,"""Zero Band""",[-0.7287065386772156],"[0, 0, 0, 0]"
320.065665007,,24029,,1583006624,918930053,"""Zero Band""",[-0.7395646572113037],"[0, 0, 0, 0]"
320.070772886,,24030,,1583006624,923635959,"""Zero Band""",[-0.7612810134887695],"[0, 0, 0, 0]"
320.075944901,,24031,,1583006624,928755044,"""Zero Band""",[-0.7721070647239685],"[0, 0, 0, 0]"
320.080962181,,24032,,1583006624,933969020,"""Zero Band""",[-0.7829651832580566],"[0, 0, 0, 0]"
320.088047981,,24033,,1583006624,938940048,"""Zero Band""",[-0.7938233613967896],"[0, 0, 0, 0]"
320.09417963,,24034,,1583006624,946031093,"""Zero Band""",[-0.8046815395355225],"[0, 0, 0, 0]"
320.099396706,,24035,,1583006624,952296018,"""Zero Band""",[-0.8155397176742554],"[0, 0, 0, 0]"
320.105038881,,24036,,1583006624,957535028,"""Zero Band""",[-0.8263657689094543],"[0, 0, 0, 0]"
320.110219955,,24037,,1583006624,963010072,"""Zero Band""",[-0.8372238874435425],"[0, 0, 0, 0]"
320.115413666,,24038,,1583006624,968190908,"""Zero Band""",[-0.8480820655822754],"[0, 0, 0, 0]"
320.122002363,,24039,,1583006624,973392009,"""Zero Band""",[-0.8589402437210083],"[0, 0, 0, 0]"
320.127072334,,24040,,1583006624,979996919,"""Zero Band""",[-0.8480820655822754],"[0, 0, 0, 0]"
320.131610394,,24041,,1583006624,985053062,"""Zero Band""",[-0.8589402437210083],"[0, 0, 0, 0]"
320.138735294,,24042,,1583006624,989589929,"""Zero Band""",[-0.8480820655822754],"[0, 0, 0, 0]"
320.14439702,,24043,,1583006624,996809005,"""Zero Band""",[-0.8589402437210083],"[0, 0, 0, 0]"
320.165537357,,24044,,1583006625,17626047,"""Zero Band""",[-0.8697984218597412],"[0, 0, 0, 0]"
320.171269894,,24045,,1583006625,23644924,"""Zero Band""",[-0.8806565403938293],"[0, 0, 0, 0]"
320.207533836,,24046,,1583006625,59657096,"""Zero Band""",[-0.8914825916290283],"[0, 0, 0, 0]"
320.236489534,,24047,,1583006625,87662935,"""Zero Band""",[-0.9023407697677612],"[0, 0, 0, 0]"
320.248758554,,24048,,1583006625,101608037,"""Zero Band""",[-0.9131989479064941],"[0, 0, 0, 0]"
320.273241282,,24049,,1583006625,123594999,"""Zero Band""",[-0.9023407697677612],"[0, 0, 0, 0]"
320.297036409,,24050,,1583006625,149610996,"""Zero Band""",[-0.9131989479064941],"[0, 0, 0, 0]"
320.304705381,,24051,,1583006625,157509088,"""Zero Band""",[-0.924057126045227],"[0, 0, 0, 0]"
320.344586611,,24052,,1583006625,195605993,"""Zero Band""",[-0.9131989479064941],"[0, 0, 0, 0]"
320.349942923,,24053,,1583006625,202641963,"""Zero Band""",[-0.9023407697677612],"[0, 0, 0, 0]"
320.355983496,,24054,,1583006625,207988977,"""Zero Band""",[-0.8806565403938293],"[0, 0, 0, 0]"
320.362078667,,24055,,1583006625,214060068,"""Zero Band""",[-0.8697984218597412],"[0, 0, 0, 0]"
320.366978645,,24056,,1583006625,220139980,"""Zero Band""",[-0.8589402437210083],"[0, 0, 0, 0]"
320.375165224,,24057,,1583006625,225049972,"""Zero Band""",[-0.8480820655822754],"[0, 0, 0, 0]"
320.380459547,,24058,,1583006625,233141899,"""Zero Band""",[-0.8372238874435425],"[0, 0, 0, 0]"
320.385335207,,24059,,1583006625,238502025,"""Zero Band""",[-0.8263657689094543],"[0, 0, 0, 0]"
320.391081095,,24060,,1583006625,243364095,"""Zero Band""",[-0.8155397176742554],"[0, 0, 0, 0]"
320.396474123,,24061,,1583006625,249270915,"""Zero Band""",[-0.8046815395355225],"[0, 0, 0, 0]"
320.401980639,,24062,,1583006625,254484891,"""Zero Band""",[-0.7829651832580566],"[0, 0, 0, 0]"
320.407639503,,24063,,1583006625,259975910,"""Zero Band""",[-0.7721070647239685],"[0, 0, 0, 0]"
320.413156986,,24064,,1583006625,265610933,"""Zero Band""",[-0.7612810134887695],"[0, 0, 0, 0]"
320.419100046,,24065,,1583006625,271236896,"""Zero Band""",[-0.7504228353500366],"[0, 0, 0, 0]"
320.424470186,,24066,,1583006625,277081966,"""Zero Band""",[-0.7395646572113037],"[0, 0, 0, 0]"
320.429610491,,24067,,1583006625,282541990,"""Zero Band""",[-0.7287065386772156],"[0, 0, 0, 0]"
320.43522501,,24068,,1583006625,287712097,"""Zero Band""",[-0.7178483605384827],"[0, 0, 0, 0]"
320.441799879,,24069,,1583006625,293266057,"""Zero Band""",[-0.7070223093032837],"[0, 0, 0, 0]"
320.448726177,,24070,,1583006625,299880027,"""Zero Band""",[-0.6961641311645508],"[0, 0, 0, 0]"
320.454366922,,24071,,1583006625,306543111,"""Zero Band""",[-0.6853059530258179],"[0, 0, 0, 0]"
320.459517241,,24072,,1583006625,312448978,"""Zero Band""",[-0.6744478344917297],"[0, 0, 0, 0]"
320.467050791,,24073,,1583006625,317502975,"""Zero Band""",[-0.6635896563529968],"[0, 0, 0, 0]"
320.473294735,,24074,,1583006625,325059890,"""Zero Band""",[-0.6419054269790649],"[0, 0, 0, 0]"
320.478705883,,24075,,1583006625,331382036,"""Zero Band""",[-0.6310473084449768],"[0, 0, 0, 0]"
320.484726667,,24076,,1583006625,336457967,"""Zero Band""",[-0.6201891303062439],"[0, 0, 0, 0]"
320.490656853,,24077,,1583006625,342711925,"""Zero Band""",[-0.609330952167511],"[0, 0, 0, 0]"
320.496131182,,24078,,1583006625,348551988,"""Zero Band""",[-0.5984727740287781],"[0, 0, 0, 0]"
320.501118422,,24079,,1583006625,354101896,"""Zero Band""",[-0.576788604259491],"[0, 0, 0, 0]"
320.506498098,,24080,,1583006625,359225034,"""Zero Band""",[-0.5659304261207581],"[0, 0, 0, 0]"
320.511503458,,24081,,1583006625,364506959,"""Zero Band""",[-0.5442140698432922],"[0, 0, 0, 0]"
320.516146421,,24082,,1583006625,369548082,"""Zero Band""",[-0.5333559513092041],"[0, 0, 0, 0]"
320.521271944,,24083,,1583006625,374120950,"""Zero Band""",[-0.5116717219352722],"[0, 0, 0, 0]"
320.522070646,,24084,,1583006625,379276990,"""Soft-Hard Puff Deadband""",[-0.4899553954601288],"[0, 0, 0, 0]"
320.522772312,,24085,,1583006625,380045890,"""Soft-Hard Puff Deadband""",[-0.4682711958885193],"[0, 0, 0, 0]"
320.523522377,,24086,,1583006625,380748987,"""Soft-Hard Puff Deadband""",[-0.4574130177497864],"[0, 0, 0, 0]"
320.524344444,,24087,,1583006625,381604909,"""Soft-Hard Puff Deadband""",[-0.43569669127464294],"[0, 0, 0, 0]"
320.525079489,,24088,,1583006625,382345914,"""Soft-Hard Puff Deadband""",[-0.41401249170303345],"[0, 0, 0, 0]"
320.525813103,,24089,,1583006625,383055925,"""Soft-Hard Puff Deadband""",[-0.39229616522789],"[0, 0, 0, 0]"
320.526560783,,24090,,1583006625,383824110,"""Soft-Hard Puff Deadband""",[-0.3705798387527466],"[0, 0, 0, 0]"
320.527368307,,24091,,1583006625,384527921,"""Soft-Hard Puff Deadband""",[-0.3488956391811371],"[0, 0, 0, 0]"
320.52835083,,24092,,1583006625,385375976,"""Soft-Hard Puff Deadband""",[-0.3380374610424042],"[0, 0, 0, 0]"
320.52929306,,24093,,1583006625,386321067,"""Soft-Hard Puff Deadband""",[-0.31632113456726074],"[0, 0, 0, 0]"
320.535042763,,24094,,1583006625,387240886,"""Soft Puff""",[-0.29463693499565125],"[0, 1, 0, 0]"
320.539786816,,24095,,1583006625,393018960,"""Soft Puff""",[-0.2729206085205078],"[0, 1, 0, 0]"
320.544118643,,24096,,1583006625,397774934,"""Soft Puff""",[-0.2512042820453644],"[0, 1, 0, 0]"
320.550130367,,24097,,1583006625,402268886,"""Soft Puff""",[-0.2295200675725937],"[0, 1, 0, 0]"
320.555077791,,24098,,1583006625,408034086,"""Soft Puff""",[-0.20780374109745026],"[0, 1, 0, 0]"
320.561324835,,24099,,1583006625,413068056,"""Soft Puff""",[-0.19694557785987854],"[0, 1, 0, 0]"
320.56700778,,24100,,1583006625,419292926,"""Soft Puff""",[-0.17526137828826904],"[0, 1, 0, 0]"
320.572046995,,24101,,1583006625,425008058,"""Soft Puff""",[-0.1535450518131256],"[0, 1, 0, 0]"
320.577923059,,24102,,1583006625,430023908,"""Soft Puff""",[-0.13182871043682098],"[0, 1, 0, 0]"
320.583616734,,24103,,1583006625,435749053,"""Soft Puff""",[-0.11014451086521149],"[0, 1, 0, 0]"
320.589295149,,24104,,1583006625,441606998,"""Soft Puff""",[-0.08842818439006805],"[0, 1, 0, 0]"
320.595642805,,24105,,1583006625,447271108,"""Soft Puff""",[-0.07757002115249634],"[0, 1, 0, 0]"
320.600575686,,24106,,1583006625,453617095,"""Soft Puff""",[-0.055885814130306244],"[0, 1, 0, 0]"
320.606021643,,24107,,1583006625,458688020,"""Soft Puff""",[-0.04502765089273453],"[0, 1, 0, 0]"
320.61195159,,24108,,1583006625,463992118,"""Soft Puff""",[-0.023311322554945946],"[0, 1, 0, 0]"
320.616709232,,24109,,1583006625,469932079,"""Soft Puff""",[-0.012453158386051655],"[0, 1, 0, 0]"
320.617649078,,24110,,1583006625,474675893,"""Zero Band""",[-0.0],"[0, 0, 0, 0]"
320.618479013,,24111,,1583006625,475629091,"""Zero Band""",[-0.0],"[0, 0, 0, 0]"
320.619368553,,24112,,1583006625,476473093,"""Zero Band""",[-0.0],"[0, 0, 0, 0]"
320.620435715,,24113,,1583006625,477332115,"""Zero Band""",[-0.0],"[0, 0, 0, 0]"
320.621513605,,24114,,1583006625,478440046,"""Zero Band""",[-0.0],"[0, 0, 0, 0]"
320.622826338,,24115,,1583006625,479476928,"""Zero Band""",[-0.0],"[0, 0, 0, 0]"
320.622853518,,24116,,1583006625,479476928,"""input stopped""",[-0.0],"[0, 0, 0, 0]"
320.723665476,,24117,,1583006625,580535888,"""Zero Band""",[-0.0],"[0, 0, 0, 0]"
320.730541468,,24118,,1583006625,587537050,"""Zero Band""",[-0.0],"[0, 0, 0, 0]"
320.736911774,,24119,,1583006625,593635082,"""Zero Band""",[-0.0],"[0, 0, 0, 0]"
320.738267422,,24120,,1583006625,595515012,"""Zero Band""",[-0.0],"[0, 0, 0, 0]"
320.740208149,,24121,,1583006625,597455024,"""Zero Band""",[0.0016592431347817183],"[0, 0, 0, 0]"
320.748441696,,24122,,1583006625,601522922,"""Zero Band""",[0.012485282495617867],"[0, 0, 0, 0]"
320.7539711,,24123,,1583006625,606508016,"""Zero Band""",[0.023343447595834732],"[0, 0, 0, 0]"
320.759863138,,24124,,1583006625,612082958,"""Zero Band""",[0.03420161083340645],"[0, 0, 0, 0]"
320.765276909,,24125,,1583006625,617914915,"""Zero Band""",[0.04505977779626846],"[0, 0, 0, 0]"
320.771694899,,24126,,1583006625,623316049,"""Zero Band""",[0.05591794103384018],"[0, 0, 0, 0]"
320.777671814,,24127,,1583006625,629760980,"""Zero Band""",[0.06674397736787796],"[0, 0, 0, 0]"
320.783394337,,24128,,1583006625,635689020,"""Zero Band""",[0.07760214805603027],"[0, 0, 0, 0]"
320.788928509,,24129,,1583006625,641530036,"""Zero Band""",[0.08846031129360199],"[0, 0, 0, 0]"
320.793522835,,24130,,1583006625,647022962,"""Zero Band""",[0.0993184745311737],"[0, 0, 0, 0]"
320.799147606,,24131,,1583006625,651499032,"""Zero Band""",[0.11017663776874542],"[0, 0, 0, 0]"
320.805661201,,24132,,1583006625,657217025,"""Zero Band""",[0.12103480100631714],"[0, 0, 0, 0]"
320.811191797,,24133,,1583006625,663649082,"""Zero Band""",[0.13186083734035492],"[0, 0, 0, 0]"
320.824764967,,24134,,1583006625,675611019,"""Zero Band""",[0.14271900057792664],"[0, 0, 0, 0]"
320.830640316,,24135,,1583006625,682838916,"""Zero Band""",[0.13186083734035492],"[0, 0, 0, 0]"
320.836514473,,24136,,1583006625,688702106,"""Zero Band""",[0.14271900057792664],"[0, 0, 0, 0]"
320.84294486,,24137,,1583006625,694617986,"""Zero Band""",[0.13186083734035492],"[0, 0, 0, 0]"
320.904491186,,24138,,1583006625,725508928,"""Zero Band""",[0.12103480100631714],"[0, 0, 0, 0]"
320.910880566,,24139,,1583006625,762531042,"""Zero Band""",[0.11017663776874542],"[0, 0, 0, 0]"
320.916691303,,24140,,1583006625,768944978,"""Zero Band""",[0.0993184745311737],"[0, 0, 0, 0]"
320.922867298,,24141,,1583006625,774679899,"""Zero Band""",[0.08846031129360199],"[0, 0, 0, 0]"
320.933539391,,24142,,1583006625,785528898,"""Zero Band""",[0.0993184745311737],"[0, 0, 0, 0]"
320.941517591,,24143,,1583006625,793668985,"""Zero Band""",[0.11017663776874542],"[0, 0, 0, 0]"
320.947087526,,24144,,1583006625,799581050,"""Zero Band""",[0.12103480100631714],"[0, 0, 0, 0]"
320.952495337,,24145,,1583006625,805141925,"""Zero Band""",[0.13186083734035492],"[0, 0, 0, 0]"
320.95881176,,24146,,1583006625,810628890,"""Zero Band""",[0.14271900057792664],"[0, 0, 0, 0]"
320.965976,,24147,,1583006625,816853046,"""Zero Band""",[0.15357716381549835],"[0, 0, 0, 0]"
320.971923351,,24148,,1583006625,823945045,"""Zero Band""",[0.16443534195423126],"[0, 0, 0, 0]"
320.977003336,,24149,,1583006625,829988956,"""Zero Band""",[0.17529350519180298],"[0, 0, 0, 0]"
320.983213425,,24150,,1583006625,834980010,"""Zero Band""",[0.19697770476341248],"[0, 0, 0, 0]"
320.988675117,,24151,,1583006625,841125965,"""Zero Band""",[0.2186940312385559],"[0, 0, 0, 0]"
320.994272709,,24152,,1583006625,846837043,"""Zero Band""",[0.2403782308101654],"[0, 0, 0, 0]"
321.000194311,,24153,,1583006625,852252960,"""Zero Band""",[0.26209455728530884],"[0, 0, 0, 0]"
321.006284237,,24154,,1583006625,858169078,"""Zero Band""",[0.27295273542404175],"[0, 0, 0, 0]"
321.011625051,,24155,,1583006625,864150047,"""Zero Band""",[0.2946690618991852],"[0, 0, 0, 0]"
321.012402773,,24156,,1583006625,869602918,"""Soft-Hard Sip Deadband""",[0.3163532614707947],"[0, 0, 0, 0]"
321.013159752,,24157,,1583006625,870490074,"""Soft-Hard Sip Deadband""",[0.3380695879459381],"[0, 0, 0, 0]"
321.013926268,,24158,,1583006625,871141910,"""Soft-Hard Sip Deadband""",[0.348927766084671],"[0, 0, 0, 0]"
321.014683008,,24159,,1583006625,871896028,"""Soft-Hard Sip Deadband""",[0.3706119656562805],"[0, 0, 0, 0]"
321.015424252,,24160,,1583006625,872601985,"""Soft-Hard Sip Deadband""",[0.39232829213142395],"[0, 0, 0, 0]"
321.016206503,,24161,,1583006625,873389959,"""Soft-Hard Sip Deadband""",[0.4140446186065674],"[0, 0, 0, 0]"
321.017101049,,24162,,1583006625,874177932,"""Soft-Hard Sip Deadband""",[0.4357288181781769],"[0, 0, 0, 0]"
321.018061161,,24163,,1583006625,875204086,"""Soft-Hard Sip Deadband""",[0.4465869963169098],"[0, 0, 0, 0]"
321.018732548,,24164,,1583006625,875962018,"""Soft-Hard Sip Deadband""",[0.4574451446533203],"[0, 0, 0, 0]"
321.019473076,,24165,,1583006625,876707077,"""Soft-Hard Sip Deadband""",[0.4683033227920532],"[0, 0, 0, 0]"
321.020185232,,24166,,1583006625,877439975,"""Soft-Hard Sip Deadband""",[0.4791293442249298],"[0, 0, 0, 0]"
321.021034718,,24167,,1583006625,878164052,"""Soft-Hard Sip Deadband""",[0.4899875223636627],"[0, 0, 0, 0]"
321.025979519,,24168,,1583006625,878886938,"""Zero Band""",[0.5008456707000732],"[0, 0, 0, 0]"
321.031812668,,24169,,1583006625,883971929,"""Zero Band""",[0.5117038488388062],"[0, 0, 0, 0]"
321.038108826,,24170,,1583006625,889786005,"""Zero Band""",[0.5225620269775391],"[0, 0, 0, 0]"
321.044351101,,24171,,1583006625,896190881,"""Zero Band""",[0.533388078212738],"[0, 0, 0, 0]"
321.04930234,,24172,,1583006625,902405977,"""Zero Band""",[0.5225620269775391],"[0, 0, 0, 0]"
321.055435896,,24173,,1583006625,907341957,"""Zero Band""",[0.5117038488388062],"[0, 0, 0, 0]"
321.060564518,,24174,,1583006625,913487911,"""Zero Band""",[0.5008456707000732],"[0, 0, 0, 0]"
321.061586618,,24175,,1583006625,918745994,"""Soft-Hard Sip Deadband""",[0.4899875223636627],"[0, 0, 0, 0]"
321.062491179,,24176,,1583006625,919564962,"""Soft-Hard Sip Deadband""",[0.4791293442249298],"[0, 0, 0, 0]"
321.063205481,,24177,,1583006625,920460939,"""Soft-Hard Sip Deadband""",[0.4574451446533203],"[0, 0, 0, 0]"
321.064077377,,24178,,1583006625,921260118,"""Soft-Hard Sip Deadband""",[0.4465869963169098],"[0, 0, 0, 0]"
321.064762831,,24179,,1583006625,921989917,"""Soft-Hard Sip Deadband""",[0.4357288181781769],"[0, 0, 0, 0]"
321.066888571,,24180,,1583006625,923774003,"""Soft-Hard Sip Deadband""",[0.4140446186065674],"[0, 0, 0, 0]"
321.06783247,,24181,,1583006625,924911975,"""Soft-Hard Sip Deadband""",[0.4031864404678345],"[0, 0, 0, 0]"
321.068644524,,24182,,1583006625,925843000,"""Soft-Hard Sip Deadband""",[0.38147011399269104],"[0, 0, 0, 0]"
321.070267439,,24183,,1583006625,927516937,"""Soft-Hard Sip Deadband""",[0.3597537875175476],"[0, 0, 0, 0]"
321.074406147,,24184,,1583006625,931505918,"""Soft-Hard Sip Deadband""",[0.3380695879459381],"[0, 0, 0, 0]"
321.076225281,,24185,,1583006625,933484077,"""Soft-Hard Sip Deadband""",[0.30549511313438416],"[0, 0, 0, 0]"
321.082520962,,24186,,1583006625,935477972,"""Zero Band""",[0.28381088376045227],"[0, 0, 0, 0]"
321.087541103,,24187,,1583006625,940524101,"""Zero Band""",[0.27295273542404175],"[0, 0, 0, 0]"
321.093488932,,24188,,1583006625,945624113,"""Zero Band""",[0.2403782308101654],"[0, 0, 0, 0]"
321.098674297,,24189,,1583006625,951559066,"""Zero Band""",[0.2186940312385559],"[0, 0, 0, 0]"
321.10559988,,24190,,1583006625,956579923,"""Zero Band""",[0.19697770476341248],"[0, 0, 0, 0]"
321.111018658,,24191,,1583006625,963689088,"""Zero Band""",[0.16443534195423126],"[0, 0, 0, 0]"
321.118751049,,24192,,1583006625,969032049,"""Zero Band""",[0.14271900057792664],"[0, 0, 0, 0]"
321.124240398,,24193,,1583006625,976490020,"""Zero Band""",[0.12103480100631714],"[0, 0, 0, 0]"
321.130781412,,24194,,1583006625,982213020,"""Zero Band""",[0.08846031129360199],"[0, 0, 0, 0]"
321.136974812,,24195,,1583006625,988792896,"""Zero Band""",[0.06674397736787796],"[0, 0, 0, 0]"
321.141388655,,24196,,1583006625,994997978,"""Zero Band""",[0.04505977779626846],"[0, 0, 0, 0]"
321.146207333,,24197,,1583006625,999469041,"""Zero Band""",[0.023343447595834732],"[0, 0, 0, 0]"
321.147017002,,24198,,1583006626,4121065,"""Zero Band""",[0.0016592431347817183],"[0, 0, 0, 0]"
321.147841692,,24199,,1583006626,4986047,"""Zero Band""",[-0.0],"[0, 0, 0, 0]"
321.148652554,,24200,,1583006626,5819082,"""Zero Band""",[-0.0],"[0, 0, 0, 0]"
321.14952302,,24201,,1583006626,6690979,"""Zero Band""",[-0.0],"[0, 0, 0, 0]"
321.149616241,,24202,,1583006626,6690979,"""input stopped""",[-0.0],"[0, 0, 0, 0]"
321.157639027,,24203,,1583006626,14545917,"""Zero Band""",[-0.0],"[0, 0, 0, 0]"
321.162517548,,24204,,1583006626,19522905,"""Zero Band""",[-0.0],"[0, 0, 0, 0]"
321.16444087,,24205,,1583006626,21469116,"""Zero Band""",[-0.0],"[0, 0, 0, 0]"
321.166653633,,24206,,1583006626,23533105,"""Zero Band""",[-0.0],"[0, 0, 0, 0]"
321.170665741,,24207,,1583006626,27553081,"""Zero Band""",[-0.0016271184431388974],"[0, 0, 0, 0]"
321.177727461,,24208,,1583006626,29512882,"""Soft Puff""",[-0.023311322554945946],"[0, 1, 0, 0]"
321.183149338,,24209,,1583006626,35792112,"""Soft Puff""",[-0.03416948765516281],"[0, 1, 0, 0]"
321.189021826,,24210,,1583006626,41243076,"""Soft Puff""",[-0.055885814130306244],"[0, 1, 0, 0]"
321.196083546,,24211,,1583006626,47060966,"""Soft Puff""",[-0.06671185791492462],"[0, 1, 0, 0]"
321.20161891,,24212,,1583006626,54063081,"""Soft Puff""",[-0.08842818439006805],"[0, 1, 0, 0]"
321.206590652,,24213,,1583006626,59690952,"""Soft Puff""",[-0.09928634762763977],"[0, 1, 0, 0]"
321.211463928,,24214,,1583006626,64490079,"""Soft Puff""",[-0.11014451086521149],"[0, 1, 0, 0]"
321.217268944,,24215,,1583006626,69596052,"""Soft Puff""",[-0.1210026741027832],"[0, 1, 0, 0]"
321.222600937,,24216,,1583006626,75252056,"""Soft Puff""",[-0.13182871043682098],"[0, 1, 0, 0]"
321.227431774,,24217,,1583006626,80562114,"""Soft Puff""",[-0.1426868885755539],"[0, 1, 0, 0]"
321.233736753,,24218,,1583006626,85297107,"""Soft Puff""",[-0.1535450518131256],"[0, 1, 0, 0]"
321.238759518,,24219,,1583006626,91715097,"""Soft Puff""",[-0.16440321505069733],"[0, 1, 0, 0]"
321.244011641,,24220,,1583006626,96863985,"""Soft Puff""",[-0.17526137828826904],"[0, 1, 0, 0]"
321.249712944,,24221,,1583006626,101991891,"""Soft Puff""",[-0.18608741462230682],"[0, 1, 0, 0]"
321.256227493,,24222,,1583006626,107717990,"""Soft Puff""",[-0.19694557785987854],"[0, 1, 0, 0]"
321.261069059,,24223,,1583006626,114212036,"""Soft Puff""",[-0.20780374109745026],"[0, 1, 0, 0]"
321.268250942,,24224,,1583006626,119184017,"""Soft Puff""",[-0.21866190433502197],"[0, 1, 0, 0]"
321.274780273,,24225,,1583006626,126214027,"""Soft Puff""",[-0.2295200675725937],"[0, 1, 0, 0]"
321.280268431,,24226,,1583006626,132786989,"""Soft Puff""",[-0.24034611880779266],"[0, 1, 0, 0]"
321.286926031,,24227,,1583006626,138242959,"""Soft Puff""",[-0.2512042820453644],"[0, 1, 0, 0]"
321.291629791,,24228,,1583006626,144752979,"""Soft Puff""",[-0.2620624303817749],"[0, 1, 0, 0]"
321.296301126,,24229,,1583006626,149600982,"""Soft Puff""",[-0.2729206085205078],"[0, 1, 0, 0]"
321.302293539,,24230,,1583006626,154186964,"""Soft Puff""",[-0.28377875685691833],"[0, 1, 0, 0]"
321.307801008,,24231,,1583006626,160413980,"""Soft Puff""",[-0.29463693499565125],"[0, 1, 0, 0]"
321.308728456,,24232,,1583006626,165823936,"""Soft-Hard Puff Deadband""",[-0.3054629862308502],"[0, 0, 0, 0]"
321.30955267,,24233,,1583006626,166709899,"""Soft-Hard Puff Deadband""",[-0.31632113456726074],"[0, 0, 0, 0]"
321.31035614,,24234,,1583006626,167536973,"""Soft-Hard Puff Deadband""",[-0.32717931270599365],"[0, 0, 0, 0]"
321.311192513,,24235,,1583006626,168440103,"""Soft-Hard Puff Deadband""",[-0.3380374610424042],"[0, 0, 0, 0]"
321.312176943,,24236,,1583006626,169194936,"""Soft-Hard Puff Deadband""",[-0.3488956391811371],"[0, 0, 0, 0]"
321.31323719,,24237,,1583006626,170142889,"""Soft-Hard Puff Deadband""",[-0.35972166061401367],"[0, 0, 0, 0]"
321.314243793,,24238,,1583006626,170962095,"""Soft-Hard Puff Deadband""",[-0.3705798387527466],"[0, 0, 0, 0]"
321.315500975,,24239,,1583006626,172298908,"""Soft-Hard Puff Deadband""",[-0.3814379870891571],"[0, 0, 0, 0]"
321.326917171,,24240,,1583006626,183621883,"""Soft-Hard Puff Deadband""",[-0.39229616522789],"[0, 0, 0, 0]"
321.338874578,,24241,,1583006626,195595979,"""Soft-Hard Puff Deadband""",[-0.4031543433666229],"[0, 0, 0, 0]"
321.355049372,,24242,,1583006626,211687088,"""Soft-Hard Puff Deadband""",[-0.41401249170303345],"[0, 0, 0, 0]"
321.364959717,,24243,,1583006626,221615076,"""Soft-Hard Puff Deadband""",[-0.4248385429382324],"[0, 0, 0, 0]"
321.382702589,,24244,,1583006626,239599943,"""Soft-Hard Puff Deadband""",[-0.43569669127464294],"[0, 0, 0, 0]"
321.386958122,,24245,,1583006626,243707895,"""Soft-Hard Puff Deadband""",[-0.4248385429382324],"[0, 0, 0, 0]"
321.388337851,,24246,,1583006626,245522022,"""Soft-Hard Puff Deadband""",[-0.43569669127464294],"[0, 0, 0, 0]"
321.39022851,,24247,,1583006626,247498989,"""Soft-Hard Puff Deadband""",[-0.4248385429382324],"[0, 0, 0, 0]"
321.394325495,,24248,,1583006626,251523971,"""Soft-Hard Puff Deadband""",[-0.43569669127464294],"[0, 0, 0, 0]"
321.412662745,,24249,,1583006626,269597053,"""Soft-Hard Puff Deadband""",[-0.44655486941337585],"[0, 0, 0, 0]"
321.414306641,,24250,,1583006626,271466016,"""Soft-Hard Puff Deadband""",[-0.43569669127464294],"[0, 0, 0, 0]"
321.420865059,,24251,,1583006626,277626991,"""Soft-Hard Puff Deadband""",[-0.44655486941337585],"[0, 0, 0, 0]"
321.448782444,,24252,,1583006626,305576086,"""Soft-Hard Puff Deadband""",[-0.4574130177497864],"[0, 0, 0, 0]"
321.464703321,,24253,,1583006626,321592092,"""Soft-Hard Puff Deadband""",[-0.4682711958885193],"[0, 0, 0, 0]"
321.484545231,,24254,,1583006626,341557979,"""Soft-Hard Puff Deadband""",[-0.4790972173213959],"[0, 0, 0, 0]"
321.500738621,,24255,,1583006626,357569932,"""Soft-Hard Puff Deadband""",[-0.4899553954601288],"[0, 0, 0, 0]"
321.508617401,,24256,,1583006626,365559101,"""Soft-Hard Puff Deadband""",[-0.4790972173213959],"[0, 0, 0, 0]"
321.510438919,,24257,,1583006626,367544889,"""Soft-Hard Puff Deadband""",[-0.4899553954601288],"[0, 0, 0, 0]"
321.52489233,,24258,,1583006626,381699085,"""Soft-Hard Puff Deadband""",[-0.4790972173213959],"[0, 0, 0, 0]"
321.526156664,,24259,,1583006626,383482933,"""Soft-Hard Puff Deadband""",[-0.4899553954601288],"[0, 0, 0, 0]"
321.562753677,,24260,,1583006626,419642925,"""Soft-Hard Puff Deadband""",[-0.4790972173213959],"[0, 0, 0, 0]"
321.56874609,,24261,,1583006626,425631999,"""Soft-Hard Puff Deadband""",[-0.4899553954601288],"[0, 0, 0, 0]"
321.578692198,,24262,,1583006626,435554027,"""Soft-Hard Puff Deadband""",[-0.4790972173213959],"[0, 0, 0, 0]"
321.584712982,,24263,,1583006626,441544055,"""Soft-Hard Puff Deadband""",[-0.4899553954601288],"[0, 0, 0, 0]"
321.58869648,,24264,,1583006626,445580005,"""Soft-Hard Puff Deadband""",[-0.4790972173213959],"[0, 0, 0, 0]"
321.606765509,,24265,,1583006626,463649988,"""Soft-Hard Puff Deadband""",[-0.4899553954601288],"[0, 0, 0, 0]"
321.614574432,,24266,,1583006626,471594095,"""Soft-Hard Puff Deadband""",[-0.4790972173213959],"[0, 0, 0, 0]"
321.630731106,,24267,,1583006626,487591028,"""Soft-Hard Puff Deadband""",[-0.4899553954601288],"[0, 0, 0, 0]"
321.640766859,,24268,,1583006626,497617006,"""Soft-Hard Puff Deadband""",[-0.4790972173213959],"[0, 0, 0, 0]"
321.642246008,,24269,,1583006626,499463081,"""Soft-Hard Puff Deadband""",[-0.4899553954601288],"[0, 0, 0, 0]"
321.646376371,,24270,,1583006626,503528118,"""Soft-Hard Puff Deadband""",[-0.4790972173213959],"[0, 0, 0, 0]"
321.662632704,,24271,,1583006626,519584894,"""Soft-Hard Puff Deadband""",[-0.4682711958885193],"[0, 0, 0, 0]"
321.672691822,,24272,,1583006626,529568910,"""Soft-Hard Puff Deadband""",[-0.4574130177497864],"[0, 0, 0, 0]"
321.682727814,,24273,,1583006626,539535045,"""Soft-Hard Puff Deadband""",[-0.44655486941337585],"[0, 0, 0, 0]"
321.692759275,,24274,,1583006626,549566984,"""Soft-Hard Puff Deadband""",[-0.43569669127464294],"[0, 0, 0, 0]"
321.698413372,,24275,,1583006626,555491924,"""Soft-Hard Puff Deadband""",[-0.4248385429382324],"[0, 0, 0, 0]"
321.70241046,,24276,,1583006626,559504032,"""Soft-Hard Puff Deadband""",[-0.41401249170303345],"[0, 0, 0, 0]"
321.710449934,,24277,,1583006626,567538976,"""Soft-Hard Puff Deadband""",[-0.4031543433666229],"[0, 0, 0, 0]"
321.716481686,,24278,,1583006626,573510885,"""Soft-Hard Puff Deadband""",[-0.39229616522789],"[0, 0, 0, 0]"
321.720989943,,24279,,1583006626,577620029,"""Soft-Hard Puff Deadband""",[-0.3814379870891571],"[0, 0, 0, 0]"
321.724309444,,24280,,1583006626,581478118,"""Soft-Hard Puff Deadband""",[-0.3705798387527466],"[0, 0, 0, 0]"
321.728491545,,24281,,1583006626,585532903,"""Soft-Hard Puff Deadband""",[-0.35972166061401367],"[0, 0, 0, 0]"
321.734357834,,24282,,1583006626,591511964,"""Soft-Hard Puff Deadband""",[-0.3488956391811371],"[0, 0, 0, 0]"
321.736332417,,24283,,1583006626,593502044,"""Soft-Hard Puff Deadband""",[-0.3380374610424042],"[0, 0, 0, 0]"
321.742542505,,24284,,1583006626,599524021,"""Soft-Hard Puff Deadband""",[-0.32717931270599365],"[0, 0, 0, 0]"
321.748504639,,24285,,1583006626,605521917,"""Soft-Hard Puff Deadband""",[-0.31632113456726074],"[0, 0, 0, 0]"
321.75273633,,24286,,1583006626,609544038,"""Soft-Hard Puff Deadband""",[-0.3054629862308502],"[0, 0, 0, 0]"
321.758760929,,24287,,1583006626,611536026,"""Soft Puff""",[-0.29463693499565125],"[0, 1, 0, 0]"
321.764664173,,24288,,1583006626,617531061,"""Soft Puff""",[-0.28377875685691833],"[0, 1, 0, 0]"
321.771530151,,24289,,1583006626,623509883,"""Soft Puff""",[-0.2729206085205078],"[0, 1, 0, 0]"
321.77680707,,24290,,1583006626,629528045,"""Soft Puff""",[-0.2620624303817749],"[0, 1, 0, 0]"
321.781597376,,24291,,1583006626,634867906,"""Soft Puff""",[-0.2512042820453644],"[0, 1, 0, 0]"
321.788003445,,24292,,1583006626,639656066,"""Soft Puff""",[-0.24034611880779266],"[0, 1, 0, 0]"
321.793692827,,24293,,1583006626,646100997,"""Soft Puff""",[-0.2295200675725937],"[0, 1, 0, 0]"
321.798126459,,24294,,1583006626,651762962,"""Soft Puff""",[-0.21866190433502197],"[0, 1, 0, 0]"
321.808106184,,24295,,1583006626,659535884,"""Soft Puff""",[-0.20780374109745026],"[0, 1, 0, 0]"
321.814641237,,24296,,1583006626,667501926,"""Soft Puff""",[-0.19694557785987854],"[0, 1, 0, 0]"
321.82555747,,24297,,1583006626,675549983,"""Soft Puff""",[-0.18608741462230682],"[0, 1, 0, 0]"
321.830120087,,24298,,1583006626,683568954,"""Soft Puff""",[-0.17526137828826904],"[0, 1, 0, 0]"
321.836507082,,24299,,1583006626,689487934,"""Soft Puff""",[-0.16440321505069733],"[0, 1, 0, 0]"
321.858458281,,24300,,1583006626,709764957,"""Soft Puff""",[-0.1535450518131256],"[0, 1, 0, 0]"
321.866448879,,24301,,1583006626,719526052,"""Soft Puff""",[-0.1426868885755539],"[0, 1, 0, 0]"
321.880488396,,24302,,1583006626,731580972,"""Soft Puff""",[-0.13182871043682098],"[0, 1, 0, 0]"
321.886023998,,24303,,1583006626,738531112,"""Soft Puff""",[-0.1210026741027832],"[0, 1, 0, 0]"
321.893784046,,24304,,1583006626,745625972,"""Soft Puff""",[-0.11014451086521149],"[0, 1, 0, 0]"
321.899230003,,24305,,1583006626,751879930,"""Soft Puff""",[-0.09928634762763977],"[0, 1, 0, 0]"
321.910089254,,24306,,1583006626,761542081,"""Soft Puff""",[-0.08842818439006805],"[0, 1, 0, 0]"
321.920075655,,24307,,1583006626,771552085,"""Soft Puff""",[-0.07757002115249634],"[0, 1, 0, 0]"
321.961423635,,24308,,1583006626,813627004,"""Soft Puff""",[-0.08842818439006805],"[0, 1, 0, 0]"
321.966477156,,24309,,1583006626,819497108,"""Soft Puff""",[-0.07757002115249634],"[0, 1, 0, 0]"
321.972199678,,24310,,1583006626,824533939,"""Soft Puff""",[-0.08842818439006805],"[0, 1, 0, 0]"
322.043812037,,24311,,1583006626,895654916,"""Soft Puff""",[-0.09928634762763977],"[0, 1, 0, 0]"
322.056954384,,24312,,1583006626,909565925,"""Soft Puff""",[-0.11014451086521149],"[0, 1, 0, 0]"
322.062079668,,24313,,1583006626,915016889,"""Soft Puff""",[-0.09928634762763977],"[0, 1, 0, 0]"
322.067375183,,24314,,1583006626,920156955,"""Soft Puff""",[-0.11014451086521149],"[0, 1, 0, 0]"
322.073167801,,24315,,1583006626,925435066,"""Soft Puff""",[-0.1210026741027832],"[0, 1, 0, 0]"
322.07904315,,24316,,1583006626,931531906,"""Soft Puff""",[-0.13182871043682098],"[0, 1, 0, 0]"
322.087307453,,24317,,1583006626,939512968,"""Soft Puff""",[-0.1426868885755539],"[0, 1, 0, 0]"
322.094467402,,24318,,1583006626,947546958,"""Soft Puff""",[-0.1535450518131256],"[0, 1, 0, 0]"
322.100328684,,24319,,1583006626,953507900,"""Soft Puff""",[-0.16440321505069733],"[0, 1, 0, 0]"
322.109910965,,24320,,1583006626,961822032,"""Soft Puff""",[-0.17526137828826904],"[0, 1, 0, 0]"
322.119871378,,24321,,1583006626,971514940,"""Soft Puff""",[-0.18608741462230682],"[0, 1, 0, 0]"
322.135645866,,24322,,1583006626,987579107,"""Soft Puff""",[-0.19694557785987854],"[0, 1, 0, 0]"
322.155497313,,24323,,1583006627,7570981,"""Soft Puff""",[-0.20780374109745026],"[0, 1, 0, 0]"
322.160999298,,24324,,1583006627,13520002,"""Soft Puff""",[-0.19694557785987854],"[0, 1, 0, 0]"
322.167221308,,24325,,1583006627,19079923,"""Soft Puff""",[-0.20780374109745026],"[0, 1, 0, 0]"
322.185163498,,24326,,1583006627,37548065,"""Soft Puff""",[-0.21866190433502197],"[0, 1, 0, 0]"
322.19077611,,24327,,1583006627,43546915,"""Soft Puff""",[-0.2295200675725937],"[0, 1, 0, 0]"
322.207317114,,24328,,1583006627,59725046,"""Soft Puff""",[-0.24034611880779266],"[0, 1, 0, 0]"
322.218006611,,24329,,1583006627,69566965,"""Soft Puff""",[-0.2512042820453644],"[0, 1, 0, 0]"
322.241535902,,24330,,1583006627,93720912,"""Soft Puff""",[-0.2620624303817749],"[0, 1, 0, 0]"
322.273982048,,24331,,1583006627,125580072,"""Soft Puff""",[-0.2729206085205078],"[0, 1, 0, 0]"
322.294443607,,24332,,1583006627,145641088,"""Soft Puff""",[-0.28377875685691833],"[0, 1, 0, 0]"
322.300625086,,24333,,1583006627,153569936,"""Soft Puff""",[-0.29463693499565125],"[0, 1, 0, 0]"
322.312780142,,24334,,1583006627,169583082,"""Soft-Hard Puff Deadband""",[-0.3054629862308502],"[0, 0, 0, 0]"
322.323022127,,24335,,1583006627,179656982,"""Soft-Hard Puff Deadband""",[-0.31632113456726074],"[0, 0, 0, 0]"
322.338866472,,24336,,1583006627,195689916,"""Soft-Hard Puff Deadband""",[-0.32717931270599365],"[0, 0, 0, 0]"
322.346497774,,24337,,1583006627,203540086,"""Soft-Hard Puff Deadband""",[-0.3380374610424042],"[0, 0, 0, 0]"
322.358622313,,24338,,1583006627,215607881,"""Soft-Hard Puff Deadband""",[-0.3488956391811371],"[0, 0, 0, 0]"
322.366488457,,24339,,1583006627,223547935,"""Soft-Hard Puff Deadband""",[-0.35972166061401367],"[0, 0, 0, 0]"
322.374825478,,24340,,1583006627,231615066,"""Soft-Hard Puff Deadband""",[-0.3705798387527466],"[0, 0, 0, 0]"
322.382639408,,24341,,1583006627,239567041,"""Soft-Hard Puff Deadband""",[-0.3814379870891571],"[0, 0, 0, 0]"
322.392882824,,24342,,1583006627,249594926,"""Soft-Hard Puff Deadband""",[-0.39229616522789],"[0, 0, 0, 0]"
322.40050602,,24343,,1583006627,257546901,"""Soft-Hard Puff Deadband""",[-0.4031543433666229],"[0, 0, 0, 0]"
322.418700457,,24344,,1583006627,275598049,"""Soft-Hard Puff Deadband""",[-0.41401249170303345],"[0, 0, 0, 0]"
322.436919212,,24345,,1583006627,293598890,"""Soft-Hard Puff Deadband""",[-0.4248385429382324],"[0, 0, 0, 0]"
322.442505836,,24346,,1583006627,299530029,"""Soft-Hard Puff Deadband""",[-0.41401249170303345],"[0, 0, 0, 0]"
322.444429874,,24347,,1583006627,301528930,"""Soft-Hard Puff Deadband""",[-0.4248385429382324],"[0, 0, 0, 0]"
322.45866704,,24348,,1583006627,315577030,"""Soft-Hard Puff Deadband""",[-0.43569669127464294],"[0, 0, 0, 0]"
322.548637629,,24349,,1583006627,405574083,"""Soft-Hard Puff Deadband""",[-0.4248385429382324],"[0, 0, 0, 0]"
322.55496788,,24350,,1583006627,411684036,"""Soft-Hard Puff Deadband""",[-0.43569669127464294],"[0, 0, 0, 0]"
322.558300257,,24351,,1583006627,415496110,"""Soft-Hard Puff Deadband""",[-0.4248385429382324],"[0, 0, 0, 0]"
322.56234169,,24352,,1583006627,419543027,"""Soft-Hard Puff Deadband""",[-0.43569669127464294],"[0, 0, 0, 0]"
322.564254284,,24353,,1583006627,421489953,"""Soft-Hard Puff Deadband""",[-0.4248385429382324],"[0, 0, 0, 0]"
322.592880249,,24354,,1583006627,449599027,"""Soft-Hard Puff Deadband""",[-0.43569669127464294],"[0, 0, 0, 0]"
322.626520872,,24355,,1583006627,483578920,"""Soft-Hard Puff Deadband""",[-0.44655486941337585],"[0, 0, 0, 0]"
322.648869276,,24356,,1583006627,505579948,"""Soft-Hard Puff Deadband""",[-0.4574130177497864],"[0, 0, 0, 0]"
322.668918133,,24357,,1583006627,525602102,"""Soft-Hard Puff Deadband""",[-0.4682711958885193],"[0, 0, 0, 0]"
322.695005178,,24358,,1583006627,551673889,"""Soft-Hard Puff Deadband""",[-0.4574130177497864],"[0, 0, 0, 0]"
322.72097373,,24359,,1583006627,577600955,"""Soft-Hard Puff Deadband""",[-0.44655486941337585],"[0, 0, 0, 0]"
322.722310305,,24360,,1583006627,579502105,"""Soft-Hard Puff Deadband""",[-0.4574130177497864],"[0, 0, 0, 0]"
322.726497412,,24361,,1583006627,583533048,"""Soft-Hard Puff Deadband""",[-0.44655486941337585],"[0, 0, 0, 0]"
322.75491786,,24362,,1583006627,611653089,"""Soft-Hard Puff Deadband""",[-0.4574130177497864],"[0, 0, 0, 0]"
322.760534048,,24363,,1583006627,617542982,"""Soft-Hard Puff Deadband""",[-0.44655486941337585],"[0, 0, 0, 0]"
322.7623353,,24364,,1583006627,619523048,"""Soft-Hard Puff Deadband""",[-0.4574130177497864],"[0, 0, 0, 0]"
322.769571066,,24365,,1583006627,625544071,"""Soft-Hard Puff Deadband""",[-0.44655486941337585],"[0, 0, 0, 0]"
322.77687192,,24366,,1583006627,633578062,"""Soft-Hard Puff Deadband""",[-0.4574130177497864],"[0, 0, 0, 0]"
322.788712025,,24367,,1583006627,645618915,"""Soft-Hard Puff Deadband""",[-0.4682711958885193],"[0, 0, 0, 0]"
322.790371418,,24368,,1583006627,647528886,"""Soft-Hard Puff Deadband""",[-0.4574130177497864],"[0, 0, 0, 0]"
322.794366837,,24369,,1583006627,651526927,"""Soft-Hard Puff Deadband""",[-0.4682711958885193],"[0, 0, 0, 0]"
322.81277132,,24370,,1583006627,669637918,"""Soft-Hard Puff Deadband""",[-0.4790972173213959],"[0, 0, 0, 0]"
322.816302538,,24371,,1583006627,673530101,"""Soft-Hard Puff Deadband""",[-0.4899553954601288],"[0, 0, 0, 0]"
322.832825661,,24372,,1583006627,685545921,"""Zero Band""",[-0.5008135437965393],"[0, 0, 0, 0]"
322.846615791,,24373,,1583006627,703540086,"""Soft-Hard Puff Deadband""",[-0.4899553954601288],"[0, 0, 0, 0]"
322.854149818,,24374,,1583006627,705532073,"""Zero Band""",[-0.5008135437965393],"[0, 0, 0, 0]"
322.855221272,,24375,,1583006627,712232112,"""Soft-Hard Puff Deadband""",[-0.4899553954601288],"[0, 0, 0, 0]"
322.860589981,,24376,,1583006627,717605113,"""Soft-Hard Puff Deadband""",[-0.4790972173213959],"[0, 0, 0, 0]"
322.86662364,,24377,,1583006627,723516941,"""Soft-Hard Puff Deadband""",[-0.4682711958885193],"[0, 0, 0, 0]"
322.868427992,,24378,,1583006627,725521087,"""Soft-Hard Puff Deadband""",[-0.4574130177497864],"[0, 0, 0, 0]"
322.872810602,,24379,,1583006627,729603052,"""Soft-Hard Puff Deadband""",[-0.44655486941337585],"[0, 0, 0, 0]"
322.874335289,,24380,,1583006627,731555938,"""Soft-Hard Puff Deadband""",[-0.43569669127464294],"[0, 0, 0, 0]"
322.876296997,,24381,,1583006627,733486890,"""Soft-Hard Puff Deadband""",[-0.41401249170303345],"[0, 0, 0, 0]"
322.88049531,,24382,,1583006627,737530946,"""Soft-Hard Puff Deadband""",[-0.39229616522789],"[0, 0, 0, 0]"
322.882242441,,24383,,1583006627,739480972,"""Soft-Hard Puff Deadband""",[-0.35972166061401367],"[0, 0, 0, 0]"
322.884364367,,24384,,1583006627,741492033,"""Soft-Hard Puff Deadband""",[-0.32717931270599365],"[0, 0, 0, 0]"
322.889997244,,24385,,1583006627,743458032,"""Soft Puff""",[-0.29463693499565125],"[0, 1, 0, 0]"
322.897294044,,24386,,1583006627,748054027,"""Soft Puff""",[-0.2620624303817749],"[0, 1, 0, 0]"
322.903257132,,24387,,1583006627,755347967,"""Soft Puff""",[-0.21866190433502197],"[0, 1, 0, 0]"
322.90887332,,24388,,1583006627,761317968,"""Soft Puff""",[-0.17526137828826904],"[0, 1, 0, 0]"
322.914936066,,24389,,1583006627,766962051,"""Soft Puff""",[-0.1426868885755539],"[0, 1, 0, 0]"
322.920574188,,24390,,1583006627,772916078,"""Soft Puff""",[-0.09928634762763977],"[0, 1, 0, 0]"
322.926574707,,24391,,1583006627,778553962,"""Soft Puff""",[-0.06671185791492462],"[0, 1, 0, 0]"
322.932079077,,24392,,1583006627,784657955,"""Soft Puff""",[-0.023311322554945946],"[0, 1, 0, 0]"
322.932976007,,24393,,1583006627,790072917,"""Zero Band""",[-0.0],"[0, 0, 0, 0]"
322.933895826,,24394,,1583006627,791021108,"""Zero Band""",[-0.0],"[0, 0, 0, 0]"
322.93473053,,24395,,1583006627,791872024,"""Zero Band""",[-0.0],"[0, 0, 0, 0]"
322.93558073,,24396,,1583006627,792712926,"""Zero Band""",[-0.0],"[0, 0, 0, 0]"
322.935675144,,24397,,1583006627,792712926,"""input stopped""",[-0.0],"[0, 0, 0, 0]"
